Depth	Nitrate+NO2	Ammonium	Phosphate	Silicate
1000	17.307	0.050	1.011	9.665
800	2.511	0.272	0.111	1.779
600	7.981	0.602	0.458	2.966
400	3.035	0.079	0.098	0.725
200	3.293	0.431	0.207	0.764
150	0.341	0.396	0.102	0.354
100	0.176	0.303	0.078	0.740
50	0.040	0.074	0.010	0.896
15	0.040	0.136	0.028	1.841
1000	12.558	0.126	0.709	6.404
800	8.312	0.125	0.515	4.313
600	12.828	0.251	0.747	5.388
250	0.768	1.605	0.318	0.216
80	0.498	1.505	0.370	1.755
70	0.040	0.147	0.051	1.349
60	0.278	1.182	0.312	0.325
15	0.357	0.015	0.009	0.351
5	0.055	0.015	0.009	0.399