Depth	Nitrate+NO2	Ammonium	Phosphate	Silicate
1000	21.427	0.015	1.400	12.410
800	9.896	0.015	0.568	4.348
600	13.135	0.070	0.776	4.607
400	3.584	0.015	0.135	0.714
200	3.567	0.015	0.125	0.703
150	0.796	1.098	0.076	0.336
100	0.523	1.307	0.111	0.467
50	0.086	0.312	0.037	0.454
15	0.040	0.059	0.009	1.180
1000	20.846	0.100	1.326	11.769
800	23.036	0.266	1.456	11.707
600	15.191	0.134	0.890	5.514
250	0.403	0.208	0.031	0.186
80	0.254	0.317	0.009	0.240
70	0.040	0.240	0.016	0.705
60	0.163	0.212	0.009	0.271
15	0.112	0.061	0.009	0.433
5	0.047	0.103	0.009	0.374