Depth	Nitrate+NO2	Ammonium	Phosphate	Silicate
50	0.284	2.786	0.107	0.590
50	0.040	1.368	0.009	0.651
50	0.144	2.308	0.222	0.541
50	0.040	0.851	0.009	0.235
150	11.686	0.531	0.634	3.710
200	15.203	0.517	0.831	5.711
300	22.088	0.631	1.355	9.997
500	23.274	0.688	1.508	13.073
800	13.054	0.719	0.753	10.320
15	0.040	1.008	0.013	0.353
30	0.040	0.022	0.009	0.352
70	0.040	0.320	0.009	0.414
80	0.153	0.209	0.009	0.476
90	0.052	0.221	0.009	0.555
100	0.088	0.475	0.009	1.180
110	0.527	0.362	0.009	0.552
125	3.756	0.346	0.139	1.379
135	6.915	0.374	0.258	2.334