Depth	Nitrate+NO2	Ammonium	Phosphate	Silicate
50	0.632	0.519	0.017	0.489
50	0.138	2.762	0.359	3.053
50	0.099	2.044	0.255	0.560
50	0.227	0.942	0.047	0.592
150	9.273	0.583	0.595	3.055
200	12.021	0.294	0.639	5.035
300	18.580	0.347	1.147	9.301
500	17.161	0.440	1.129	11.327
800	5.837	0.437	0.363	6.597
15	0.200	0.470	0.009	0.373
30	0.040	1.418	0.191	0.447
70	0.549	1.152	0.204	1.049
80	0.491	0.446	0.152	0.421
90	1.196	0.626	0.044	1.360
100	0.046	0.369	0.009	1.495
110	0.190	1.022	0.198	0.454
125	1.617	0.517	0.031	0.573
135	3.201	0.455	0.131	1.324