Time	25_1	25_2	25_3	50_1	50_2	50_3	100_1	100_2	100_3	150_1	150_2	150_3
00:00:00	72.012	76.285	77.694	131.389	131.626	133.718	238.127	237.635	245.311	359.982	367.222	358.755
00:00:30	76.72	77.565	78.183	122.935	121.57	115.87	235.044	232.95	240.321	354.052	348.41	349.241
00:01:00	68.559	67.3	68.057	116.025	111.235	111.026	224.538	226.45	229.209	334.647	336.122	329.914
00:01:30	60.646	59.858	60.894	108.298	105.809	108.008	217.449	217.24	220.175	321.392	326.101	323.246
00:02:00	57.642	56.997	53.849	106.83	102.42	105.354	210.505	205.757	211.393	310.181	318.303	313.408
00:02:30	53.984	53.351	53.352	105.197	95.736	102.801	203.207	202.519	205.038	308.883	312.136	306.389
00:03:00	50.889	51.163	51.273	102.212	93.161	99.315	196.668	195.818	196.09	302.022	310.528	304.573
00:03:30	50.071	49.006	47.23	96.647	89.218	95.895	188.512	187.717	194.892	299.906	303.466	303.214
00:04:00	48.094	49.844	46.672	94.667	91.526	95.501	185.172	184.026	186.8	297.9	299.805	298.143
00:04:30	45.881	47.293	44.256	92.544	88.003	92.43	180.682	179.322	181.064	294.243	297.702	294.384
00:05:00	44.746	46.124	41.517	92.125	83.807	89.856	176.742	171.711	178.162	293.492	299.669	292.727
00:05:30	43.354	44.283	40.379	87.883	83.76	85.919	172.503	172.848	173.394	286.114	294.458	292.213
00:06:00	40.935	42.761	40.149	87.862	82.162	84.175	169.919	167.624	175.329	287.65	294.37	287.841
00:06:30	40.699	41.724	38.633	84.171	79.413	83.077	168.19	165.012	174.718	283.669	289.172	286.688
00:07:00	38.464	39.174	36.409	84.024	78.797	81.093	164.745	166.127	168.195	287.236	289.787	288.879
00:07:30	37.059	38.658	36.831	82.405	76.482	80.001	164.909	163.93	165.381	287.568	289.52	283.661
00:08:00	35.232	36.828	35.533	79.116	75.247	78.521	162.944	159.848	167.404	280.908	287.238	281.579
00:08:30	35.408	36.632	35.478	77.795	73.235	75.823	161.756	163.527	165.861	283.537	288.423	282.209
00:09:00	33.333	35.289	33.356	77.143	73.078	76.211	159.454	158.11	163.549	282.195	285.01	279.575
00:09:30	33.528	34.997	32.33	76.128	72.953	73.535	155.329	158.876	161.493	278.761	284.464	282.533
00:10:00	33.652	33.517	30.565	74.021	68.893	71.988	161.916	154.456	162.315	277.99	286.568	280.751
00:10:30	32.787	33.647	30.579	72.786	68.906	72.335	153.755	156.403	158.225	275.467	285.589	282.795
00:11:00	32.68	32.503	30.401	71.637	67.816	70.298	155.456	153.994	160.883	271.789	281.331	276.645
00:11:30	30.9	32.118	30.9	69.397	67.017	70.516	153.915	156.146	157.094	279.434	280.057	273.117
00:12:00	30.262	31.211	30.296	67.638	66.813	67.282	152.242	156.215	158.259	276.248	276.624	274.163
00:12:30	28.428	30.062	27.857	68.311	65.748	65.462	150.822	155.156	156.711	271.655	278.64	275.551
00:13:00	27.543	28.147	27.251	66.485	64.143	66.557	150.605	151.455	154.309	276.367	280.772	277.283
00:13:30	27.873	29.931	27.137	67.555	62.771	64.837	150.87	149.846	153.861	270.228	279.706	274.651
00:14:00	29.092	28.791	26.968	65.802	62.17	62.006	152.639	151.759	155.086	272.178	278.514	273.737
00:14:30	26.738	28.802	26.586	63.506	61.704	61.828	147.013	151.346	152.056	270.326	275.166	271.923
00:15:00	26.994	26.996	25.408	63.615	61.562	63.111	150.993	149.574	156.367	276.697	278.173	273.406
00:15:30	26.316	26.679	24.46	62.078	59.541	62.549	148.147	148.735	152.56	273.057	275.944	275.19
00:16:00	26.186	25.961	24.799	61.056	60.076	60.439	148.279	146.477	151.62	267.872	276.62	271.89
00:16:30	24.598	25.709	24.987	59.819	57.788	60.128	144.762	145.918	147.922	270.745	277.1	271.481
00:17:00	26.076	25.485	24.997	60.756	59.94	57.144	145.243	145.016	155.206	268.701	271.554	266.653
00:17:30	25.171	25.396	23.573	59.407	56.267	58.243	144.469	147.172	150.446	269.458	272.464	266.128
00:18:00	23.456	24.702	23.041	60.732	56.672	58.347	144.814	145.966	147.217	271.334	275.77	267.604
00:18:30	23.603	23.184	22.533	59.055	56.795	58.534	144.752	144.796	147.637	267.537	274.418	268.173
00:19:00	22.815	24.392	23.291	58.343	56.07	57.787	142.679	143.39	151.197	269.345	274.485	266.451
00:19:30	22.655	23.825	22.202	56.631	55.504	55.683	145.329	143.728	150.218	266.463	273.338	267.661
00:20:00	22.86	24.191	22.139	56.347	55.476	54.844	144.317	141.224	148.156	270.612	273.754	270.144
00:20:30	22.218	22.471	22.527	54.961	54.301	55.22	140.133	139.365	147.386	267.319	267.926	265.225
00:21:00	22.462	21.893	21.858	54.894	53.149	55.048	144.486	143.692	147.439	272.806	267.372	267.787
00:21:30	22.477	22.726	21.355	54.048	52.17	55.276	143.707	144.772	143.369	263.332	274.543	263.785
00:22:00	21.09	22.865	20.979	54.441	52.319	54.736	140.888	140.084	145.791	266.602	272.011	263.61
00:22:30	21.853	21.611	20.793	53.487	50.697	54.062	141.736	141.56	144.585	268.985	267.382	262.277
00:23:00	20.152	20.978	21.361	53.326	51.535	53.085	139.481	142.774	146.174	264.171	267.334	264.453
00:23:30	20.912	21.906	20.023	52.491	49.604	53.347	142.741	142.399	147.92	267.138	268.424	264.012
00:24:00	21.654	21.829	20.75	53.421	51.041	51.655	140.999	143.801	148.509	264.928	269.14	262.045
00:24:30	21.404	21.035	19.686	52.839	51.933	52.393	139.069	138.723	147.647	265.338	273.386	262.083
00:25:00	20.235	21.085	20.694	49.807	49.799	52.517	143.365	141.033	144.637	265.33	269.74	264.624
00:25:30	20.769	20.909	20.615	49.806	50.62	52.215	142.367	142.035	146.124	266.312	270.389	265.212
00:26:00	19.886	21.025	19.524	50.595	50.638	50.324	138.54	140.291	143.534	263.335	268.78	264.122
00:26:30	20.295	20.215	19.512	48.388	48.607	49.943	139.417	139.925	146.202	263.851	266.149	263.284
00:27:00	20.837	19.532	18.767	49.06	50.218	51.578	138.569	140.58	145.705	266.115	265.99	264.997
00:27:30	18.564	19.951	18.433	48.667	50.077	49.506	139.533	138.368	144.678	262.293	267.337	264.269
00:28:00	18.059	20.347	17.991	47.366	47.971	49.379	138.319	140.925	143.149	263.565	268.119	261.433
00:28:30	19.14	19.298	18.285	48.344	47.389	50.547	140.053	141.51	146.022	266.516	265.698	261.726
00:29:00	19.6	19.413	18.115	47.458	47.824	49.946	140.743	139.627	144.509	263.802	268.518	261.348
00:29:30	19.087	19.836	18.836	47.763	49.829	51.209	137.369	142.285	142.792	263.102	268.18	261.001
00:30:00	18.504	19.98	18.521	47.26	47.772	50.398	137.996	138.877	145.398	261.589	266.721	258.284
00:30:30	18.486	18.918	17.321	47.624	47.448	51.516	137.192	136.306	144.114	262.521	267.509	261.466
00:31:00	18.99	18.77	18.068	46.497	47.433	49.576	136.251	136.625	142.679	264.281	265.349	260.491
00:31:30	18.255	18.748	17.801	46.58	47.865	48.506	136.528	137.506	146.031	261.574	267.041	264.725
00:32:00	17.97	18.806	17.608	46.622	46.145	48.598	137.991	136.716	140.133	261.026	266.433	261.664
00:32:30	18.1	19.292	17.394	46.072	46.447	49.673	137.221	137.72	143.112	262.574	268.391	264.111
00:33:00	17.593	19.391	17.801	45.891	47.912	47.665	137.574	136.754	140.94	260.201	264.898	257.154
00:33:30	18.407	19.077	18.035	44.266	46.01	48.886	137.109	138.681	141.01	260.639	266.494	261.185
00:34:00	17.18	18.286	17.188	43.961	44.309	45.938	138.355	136.592	139.263	263.571	263.522	261.496
00:34:30	17.714	17.742	16.958	43.898	45.024	46.728	137.638	136.198	142.146	260.403	268.86	262.857
00:35:00	17.435	17.815	15.436	44.496	45.22	47.148	134.235	140.027	140.936	259.783	266.895	264.35
00:35:30	17.705	17.908	16.717	45.033	44.976	48.316	136.883	134.325	141.962	263.333	266.676	261.4
00:36:00	16.911	17.818	16.54	43.349	45.353	46.798	133.314	137.066	141.449	261.53	263.627	259.553
00:36:30	17.51	18.295	16.403	43.661	44.019	46.603	137.047	133.908	140.531	257.225	264.198	258.608
00:37:00	17.618	17.667	16.656	44.503	45.209	46.137	137.403	134.671	139.352	260.879	262.99	258.44
00:37:30	16.728	17.395	16.9	42.807	45.493	46.4	135.999	133.157	140.732	260.541	264.11	258.091
00:38:00	17.66	17.593	15.57	43.743	43.113	47.179	132.944	135.615	142.27	259.754	266.724	260.043
00:38:30	17.187	16.852	15.42	42.527	45.1	45.437	134.095	138.755	143.386	262.509	264.91	257.901
00:39:00	16.83	16.462	16.094	43.296	43.189	44.846	133.797	137.699	141.402	259.195	262.855	261.789
00:39:30	16.931	17.278	14.948	41.949	43.56	45.201	133.715	136.526	140.052	259.877	264.418	260.889
00:40:00	17.538	16.946	15.668	41.786	43.325	45.349	131.495	136.467	139.929	260.562	265.555	259.83
00:40:30	17.623	16.407	16.318	41.996	44.726	45.22	135.899	135.747	142.223	255.848	264.724	251.875
00:41:00	17.173	16.52	15.751	41.767	42.301	45.671	136.853	137.005	140.899	258.448	267.5	260.415
00:41:30	16.617	16.945	15.936	40.906	41.677	45.413	135.674	133.761	140.409	259.368	262.844	259.154
00:42:00	16.431	17.418	15.38	39.551	41.728	44.186	135.42	136.93	138.945	258.685	263.833	259.259
00:42:30	16.192	18.498	16.173	41.07	42.413	44.694	133.227	136.823	141.579	263.347	261.917	258.95
00:43:00	16.412	17.376	16.12	41.184	42.059	45.269	133.338	134.001	140.878	258.658	261.389	255.708
00:43:30	16.46	16.119	16.28	40.588	42.432	44.27	132.775	134.093	138.922	255.033	265.474	261.898
00:44:00	16.2	16.19	14.913	40.817	41.666	43.661	134.04	134.029	141.998	257.811	263.573	256.009
00:44:30	16.796	16.275	15.389	40.69	41.394	44.743	135.018	136.124	141.986	262.244	262.768	254.918
00:45:00	15.459	16.636	14.883	38.991	42.288	43.883	132.603	135.713	138.514	257.038	260.088	257.975
00:45:30	15.581	16.385	15.295	39.464	43.464	44.791	134.667	133.858	139.698	257.009	261.154	253.155
00:46:00	15.739	15.731	15.432	39.797	41.091	42.76	135.226	136.323	139.886	256.971	263.145	254.267
00:46:30	15.421	16.653	14.896	38.373	41.067	43.766	133.772	135.007	137.334	254.851	258.946	254.68
00:47:00	15.864	16.861	16.321	39.216	41.727	43.975	133.504	132.972	138.208	253.883	257.927	252.952
00:47:30	15.615	16.892	15.074	38.769	40.915	42.462	132.225	132.721	139.207	257.064	264.556	257.098
00:48:00	14.117	15.839	15.913	39.172	41.769	43.419	134.764	133.3	138.032	255.662	265.928	262.545
00:48:30	15.3	15.76	14.815	38.545	42.099	44.338	133.529	134.434	136.268	258.563	264.519	257.949
00:49:00	15.792	16.134	15.248	40.017	40.646	42.681	131.76	134.495	138.003	258.716	262.206	258.011
00:49:30	14.889	15.198	15.936	38.575	40.735	41.339	132.626	133.212	139.743	259.617	260.554	252.708
00:50:00	15.581	15.595	14.552	38.784	40.841	40.579	132.921	134.842	140.076	256.835	263.074	255.548
00:50:30	15.466	16.071	15.239	38.883	40.443	42.947	134.724	132.995	140.786	261.482	262.63	255.346
00:51:00	16.21	15.418	15.022	38.599	40.972	41.41	130.19	131.377	138.671	253.825	261.463	255.261
00:51:30	16.158	16.083	15.364	39.171	41.123	42.293	133.502	131.773	137.803	256.14	260.731	253.432
00:52:00	15.458	15.521	15.841	38.552	39.353	42.062	134.344	133.944	135.15	255.491	263.87	257.722
00:52:30	14.51	15.829	14.755	38.707	39.501	41.273	131.449	132.754	136.34	256.527	257.321	251.857
00:53:00	15.787	15.563	15.122	37.642	40.121	43.662	133.252	134.532	142.235	256.345	260.395	254.692
00:53:30	14.815	15.651	14.257	38.879	40.144	42.058	133.636	135.486	138.013	257.587	256.777	250.182
00:54:00	15.772	16.306	15.371	37.783	38.254	42.495	131.849	130.378	139.254	256.625	258.751	255.553
00:54:30	14.335	15.263	15.974	39.876	40.027	41.236	132.308	133.261	137.181	254.749	259.955	253.22
00:55:00	15.154	15.276	14.838	37.054	40.147	41.119	132.492	134.223	138.143	257.8	259.361	253.418
00:55:30	14.266	15.278	14.863	37.249	39.093	41.755	133.181	132.037	135.936	254.817	259.921	254.218
00:56:00	15.337	15.696	14.738	37.556	40.116	42.58	133.921	131.111	137.952	259.951	263.707	255.174
00:56:30	14.682	15.037	15.195	37.33	39.038	41.84	131.734	129.967	137.732	256.154	260.281	256.004
00:57:00	14.968	16.109	14.226	37.096	40.206	41.599	132.391	130.324	137.788	255.057	263.966	254.416
00:57:30	14.72	15.04	15.133	37.985	39.563	40.813	131.722	134.738	137.419	257.944	258.789	251.962
00:58:00	14.204	15.113	15.32	38.062	39.755	41.937	131.7	131.513	137.06	259.17	261.326	253.772
00:58:30	14.611	16.164	13.574	36.18	38.251	39.665	129.9	131.734	137.691	255.526	259.879	256.128
00:59:00	15.368	14.303	14.381	36.509	39.417	42.596	133.385	133.133	137.939	257.963	259.589	253.604
00:59:30	14.559	15.386	15.181	37.005	39.613	41.118	132.226	131.519	138.345	255.89	257.455	258.558
01:00:00	14.77	14.943	14.752	37.736	39.278	41.951	135.221	132.572	138.829	255.049	260.299	256.155
01:00:30	14.694	16.184	14.053	37.705	38.667	39.894	132.995	133.655	136.345	257.782	259.365	255.632
01:01:00	14.552	16.202	14.358	37.148	39.757	40.516	129.419	133.023	136.069	255.355	258.022	251.019
01:01:30	15.129	15.778	14.254	36.916	38.82	40.563	131.605	134.873	139.183	254.517	259.775	253.35
01:02:00	14.444	15.313	14.388	37.156	38.708	40.37	130.825	134.033	138.425	254.123	257.088	254.071
01:02:30	14.816	15.682	14.288	36.258	37.684	40.987	132.974	132.097	137.734	259.749	258.653	252.485
01:03:00	15.051	15.393	12.944	35.944	40.647	40.504	134.164	132.293	140.692	257.651	259.85	257.354
01:03:30	15.364	15.45	13.548	36.978	37.604	42.592	133.565	131.68	137.256	252.582	257.748	254.255
01:04:00	14.437	14.655	13.909	36.484	39.162	39.875	130.526	130.86	138.519	250.954	259.979	249.027
01:04:30	15.399	14.693	14.145	36.813	37.293	41.15	130.735	131.609	136.618	254.571	258.178	253.169
01:05:00	15.005	15.178	14.117	37.055	38.759	40.735	130.367	131.797	137.05	256.068	260.043	251.476
01:05:30	14.965	15.398	14.554	35.058	38.757	40.373	131.79	130.121	138.402	256.404	259.689	253.253
01:06:00	15.145	15.238	14.597	35.572	38.746	40.176	132.378	130.922	137.744	252.061	258.747	248.434
01:06:30	14.305	15.43	14.425	37.582	39.017	39.236	131.664	129.751	136.673	258.829	259.841	254.692
01:07:00	14.69	14.549	14.618	34.857	37.294	39.6	131.74	131.102	135.536	254.371	257.975	252.841
01:07:30	14.615	15.479	15.012	36.894	38.585	39.779	133.951	131.241	134.695	253.171	262.834	253.307
01:08:00	15.424	15.158	14.391	37.295	37.672	39.908	130.32	130.055	136.476	253.948	256.859	256.983
01:08:30	14.79	15.565	14.717	36.664	37.296	39.857	129.624	130.356	136.338	256.333	257.068	249.464
01:09:00	13.25	15.506	14.447	36.41	39.564	39.818	131.759	131.939	134.733	254.146	258.121	251.416
01:09:30	14.506	15.149	14.338	36.532	37.381	40.062	132.86	130.062	134.958	253.506	256.997	254.777
01:10:00	13.987	14.713	14.716	35.833	38.327	39.864	131.025	131.084	135.08	252.581	256.669	251.138
01:10:30	15.696	14.792	13.793	35.747	37.768	40.627	132.294	131.954	139.03	250.865	257.785	251.849
01:11:00	14.263	15.345	14.775	35.636	37.014	38.201	132.936	132.423	137.072	252.644	255.684	251.513
01:11:30	15.433	15.189	13.679	35.426	38.629	40.426	130.312	132.003	134.784	253.853	263.401	252.823
01:12:00	14.679	15.174	15.014	36.19	38.022	40.39	130.619	131.062	136.57	254.28	260.066	256.081
01:12:30	14.932	14.523	14.983	36.801	37.782	41.198	131.898	129.264	136.378	253.102	260.052	250.896
01:13:00	14.054	14.245	13.876	36.173	36.898	38.424	129.65	131.474	135.127	256.783	259.813	251.534
01:13:30	14.233	14.266	13.946	35.72	37.62	39.376	129.346	130.07	136.089	252.408	258.801	250.811
01:14:00	14.643	15.024	14.16	35.635	38.171	40.265	131.058	129.452	135.529	254.825	258.916	253.806
01:14:30	13.926	15.344	13.585	37.463	38.482	40.241	131.852	133.151	135.784	256.285	255.862	250.051
01:15:00	14.251	15.381	14.977	36.403	37.018	39.847	127.846	130.305	136.315	252.738	260.078	252.525
01:15:30	13.974	14.935	14.478	35.197	37.53	39.763	130.161	132.719	134.898	251.177	255.773	251.967
01:16:00	14.324	15.01	14.94	36.332	37.923	39.797	130.157	130.983	135.413	253.866	258.315	251.721
01:16:30	13.924	14.516	13.86	35.087	37.177	39.651	129.668	129.048	135.157	255.396	259.969	249.452
01:17:00	14.315	15.094	14.379	36.353	38.428	39.577	131.322	130.034	134.415	253.312	260.355	251.277
01:17:30	13.97	14.886	14.247	35.806	36.464	39.635	129.154	129.569	138.672	250.667	261.528	254.123
01:18:00	14.511	14.118	13.333	35.27	39	39.215	130.332	132.738	136.336	255.22	255.2	252.444
01:18:30	14.773	14.862	14.023	36.755	36.876	40.081	128.418	132.338	137.692	252.458	260.7	254.86
01:19:00	13.686	15.9	13.152	35.467	35.735	39.497	131.202	129.993	135.464	249.872	257.991	252.7
01:19:30	14.779	15.387	14.131	35.837	37.583	40.364	130.473	130.67	136.495	252.532	258.361	249.255
01:20:00	13.955	15.089	14.385	34.658	37.216	39.292	127.964	132	133.447	254.693	255.692	253.674
01:20:30	14.31	14.144	13.894	36.956	36.915	38.738	132.073	127.848	133.623	253.224	254.726	253.492
01:21:00	13.767	14.256	14.491	35.648	38.23	39.959	127.483	131.326	132.143	253.626	259.413	250.041
01:21:30	14.367	14.009	14.04	34.255	39.529	38.595	130.957	129.654	134.997	252.462	253.458	254.179
01:22:00	14.099	14.761	14.47	35.327	36.832	37.621	130.379	129.669	133.337	250.659	254.714	250.909
01:22:30	14.745	14.32	13.489	33.304	37.371	40.176	128.141	131.994	132.841	250.817	258.822	250.22
01:23:00	13.691	14.33	14.293	35.668	36.546	38.883	128.733	131.204	136.617	252.707	256.665	252.195
01:23:30	14.396	14.747	15.075	35.46	36.244	39.231	132.12	127.703	138.39	252.227	258.809	250.969
01:24:00	14.141	15.126	13.948	35.114	36.764	38.953	130.785	130.64	134.32	253.166	256.539	252.838
01:24:30	14.232	15.039	13.392	35.564	36.704	38.839	131.952	131.568	134.485	252.187	257.3	252.231
01:25:00	13.547	14.789	13.444	34.549	37.759	37.643	129.558	127.481	134.813	255.498	255.002	253.239
01:25:30	14.411	14.005	13.596	35.937	38.496	38.941	128.897	131.354	135.562	255.867	257.333	254.995
01:26:00	14.454	15.26	14.25	35.273	37.936	38.795	127.259	129.948	133.998	257.394	258.483	254.204
01:26:30	13.944	14.39	13.648	34.438	36.717	37.777	127.769	130.041	135.226	251.264	253.782	246.8
01:27:00	13.839	15.195	14.371	36.047	37.764	39.242	131.358	129.738	134.322	253.158	257.079	253.029
01:27:30	13.745	14.317	13.07	34.533	37.545	39.554	128.487	132.19	133.381	254.355	255.948	250.819
01:28:00	14.723	13.783	14.196	35.25	35.956	38.458	128.289	133.078	136.325	253.703	258.662	254.166
01:28:30	12.946	14.935	13.712	34.687	37.093	37.62	129.773	129.476	133.248	256.06	255.754	253.857
01:29:00	13.697	14.98	13.951	35.285	37.22	38.55	130.365	132.197	135.629	253.268	257.838	249.982
01:29:30	13.66	14.704	12.8	35.209	36.526	38.945	129.219	128.895	133.353	253.057	255.819	249.459
01:30:00	14.038	15.107	13.725	35.105	37.406	40.191	132.276	131.982	135.445	251.935	256.657	251.981
01:30:30	15.417	14.561	13.772	36.13	35.843	38.866	130.151	128.423	134.165	251.088	254.726	249.451
01:31:00	15.544	14.886	14.148	34.925	36.764	39.283	129.112	130.358	135.124	249.219	258.211	248.256
01:31:30	14.649	13.767	13.973	34.551	36.075	39.015	128	130.443	133.305	249.9	254.387	244.985
01:32:00	13.81	15.452	13.866	35.391	36.804	38.261	130.598	128.929	136.572	254.733	257.382	249.142
01:32:30	14.013	14.677	13.795	35.114	36.52	38.587	130.343	129.059	135.761	254.542	260.17	250.266
01:33:00	14.786	13.52	14.033	35.041	36.872	38.069	129.712	131.426	132.71	247.457	253.336	253.092
01:33:30	14.531	13.257	13.643	34.627	36.41	38.336	128.391	127.629	134.146	251.9	253.948	249.439
01:34:00	13.792	14.702	14.302	34.661	36.756	38.144	128.982	126.244	134.211	252.283	254.477	250.373
01:34:30	14.936	15.131	14.257	33.411	36.571	38.498	128.929	128.084	134.67	251.261	252.834	247.317
01:35:00	13.262	14.004	13.121	35.498	36.943	37.959	129.211	130.762	136.549	251.659	258.211	248.905
01:35:30	14.415	14.438	14.17	35.328	36.937	37.219	130.652	130.409	133.918	251.403	257.394	251.511
01:36:00	14.192	15.074	13.565	34.155	37.386	38.435	128.504	129.564	133.69	254.646	258.798	253.467
01:36:30	14.872	14.491	14.299	35.345	36.768	38.186	130.816	130.119	137.247	253.926	254.302	252.196
01:37:00	13.838	13.906	13.499	33.28	36.965	37.815	131.365	129.499	134.391	249.279	253.284	248.847
01:37:30	14.32	14.494	14.296	34.38	37.013	38.981	130.218	129.88	131.819	251.539	258.42	250.5
01:38:00	13.982	14.84	14.883	35.956	36.349	38.235	129.043	129.476	133.22	251.34	256.788	250.204
01:38:30	14.147	14.274	14.401	34.306	35.626	37.882	128.064	127.734	132.189	252.901	251.742	246.502
01:39:00	14.492	15.034	13.535	34.819	38.093	38.63	130.266	130.287	134.204	246.203	256.661	250.619
01:39:30	14.381	13.512	13.816	35.193	37.131	37.185	127.924	129.753	134.375	254.191	255.189	249.649
01:40:00	14.808	14.664	14.409	34.429	37.749	37.257	128.311	127.688	133.135	251.224	256.362	246.403
01:40:30	14.472	14.842	14.486	35.282	36.515	37.756	126.031	127.429	134.462	249.85	254.034	247.076
01:41:00	14.068	13.837	13.387	35.525	36.321	38.429	130.255	130.739	132.744	252.32	254.143	252.046
01:41:30	15.062	15.014	13.731	34.695	37.625	37.934	128.73	129.414	133.494	254.288	257.707	247.834
01:42:00	14.551	14.437	14.137	36.006	35.329	38.938	129.621	131.051	132.248	252.665	258.484	248.466
01:42:30	13.715	13.655	13.582	35.341	35.661	39.401	128.583	127.942	133.043	250.654	254.3	248.649
01:43:00	13.811	14.346	13.716	34.635	36.895	37.452	128.679	129.557	135.76	254.258	254.948	250.223
01:43:30	14.513	13.713	13.974	35.45	37.025	38.177	130.048	128.826	136.046	249.775	256.586	247.79
01:44:00	14.144	14.915	14.153	35.627	36.185	38.83	127.891	128.636	132.414	250.342	254.265	245.91
01:44:30	14.687	13.932	14.522	34.018	35.817	39.112	126.375	125.791	129.213	249.531	252.116	251.327
01:45:00	14.529	15.094	14.697	34.648	35.912	38.887	131.455	130.034	133.566	248.632	255.71	246.756
01:45:30	14.186	14.818	14.422	35.021	36.727	38.05	129.107	127.118	133.797	251.146	259.459	248.11
01:46:00	14.898	14.889	15.011	34.609	36.609	38.145	128.35	131.252	128.961	252.982	250.979	245.273
01:46:30	14.178	15.145	14.609	34.402	35.868	38.712	126.488	128.322	132.809	252.266	252.518	249.279
01:47:00	14.962	14.781	13.677	34.046	35.543	37.464	128.005	128.453	134.135	249.125	255.02	250.893
01:47:30	13.808	14.7	13.365	35.476	37.325	38.234	128.118	129.509	133.374	250.347	253.07	248.618
01:48:00	13.889	14.479	14.227	34.665	36.514	37.997	129.007	125.64	132.403	252.247	254.936	246.671
01:48:30	14.095	14.97	14.427	35.282	36.907	39.469	128.122	127.856	134.903	252.169	258.514	251.841
01:49:00	14.308	14.85	13.456	34.567	37.583	37.914	128.271	128.507	135.069	247.021	253.242	248.859
01:49:30	15.171	13.833	14.853	34.722	35.666	37.92	127.831	129.116	136.164	251.629	251.653	250.258
01:50:00	14.044	14.359	14.181	33.5	35.472	37.404	128.734	129.431	134.059	248.005	253.278	245.097
01:50:30	13.735	15.077	13.388	35.292	37.17	39.448	127.281	131.574	132.812	250.054	253.287	249.19
01:51:00	14.143	14.387	14.363	34.219	35.619	37.912	131.561	129.892	130.583	248.67	252.035	247.678
01:51:30	14.064	14.031	13.876	35.049	36.281	38.674	128.988	128.973	131.978	249.426	251.669	248.636
01:52:00	13.652	14.286	14.231	34.24	36.706	36.434	130.467	127.356	133.585	251.581	251.106	246.448
01:52:30	14.328	14.683	13.681	34.645	37.654	38.594	129.323	128.76	133.647	251.823	253.13	247.711
01:53:00	14.093	14.807	14.927	33.946	36.176	37.603	131.006	128.248	132.881	251.74	254.859	247.155
01:53:30	14.528	15.311	14.757	35.144	36.66	37.868	127.854	129.642	133.269	251.72	255.373	247.626
01:54:00	14.193	13.353	15.228	35.177	36.496	35.872	130.091	130.89	131.123	251.423	256.448	248.3
01:54:30	14.338	14.447	14.792	35.163	35.272	38.668	126.513	129.479	132.897	251.676	254.203	248.771
01:55:00	14.837	14.218	14.856	33.215	36.891	38.44	131.112	126.62	131.192	248.953	255.571	249.074
01:55:30	14.026	13.837	13.29	34.713	36.372	37.847	128.609	128.006	132.658	250.057	255.939	245.297
01:56:00	15.391	14.445	14.763	34.46	36.786	37.459	128.268	127.093	133.015	248.237	251.26	249.795
01:56:30	13.9	14.567	15.045	34.227	37.962	38.406	127.59	126.496	132.028	249.512	254.919	246.869
01:57:00	14.347	15.063	14.246	35.746	35.124	38.376	126.98	129.37	130.337	249.731	254.082	249.562
01:57:30	15.211	14.33	13.721	35.47	35.742	38.855	128.575	126.336	132.586	250.681	253.4	246.302
01:58:00	14.169	14.552	14.568	35.332	35.049	37.783	129.208	127.755	133.961	250.484	253.051	248.095
01:58:30	14.286	13.953	13.376	34.349	35.997	37.792	124.809	127.955	132.071	249.847	251.359	246.293
01:59:00	14.061	14.063	14.639	34.918	35.603	36.365	127.286	124.88	132.129	245.963	252.576	247.688
01:59:30	14.391	15.556	13.83	35.43	37.754	38.277	130.485	130.462	132.764	246.954	252.93	247.748
02:00:00	15.654	14.69	14.145	34.849	35.136	37.388	128.422	128.755	136.088	244.061	254.979	246.314