Time	25_1	25_2	25_3	50_1	50_2	50_3	100_1	100_2	100_3	150_1	150_2	150_3
00:00:00	62.96	63.648	80.552	131.877	135.816	142.971	242.294	239.21	249.806	348.745	360.286	354.408
00:00:30	67.867	64.808	82.594	127.192	123.168	124.376	239.48	234.194	235.509	349.001	346.944	342.76
00:01:00	62.02	57.293	72.965	117.663	115.378	117.641	230.885	221.718	226.884	330.16	332.41	334.89
00:01:30	56.097	55.043	61.924	115.643	112.273	110.176	217.014	214.125	219.326	318.369	322.442	325.279
00:02:00	54.42	52.539	57.301	110.391	111.557	104.541	213.683	210.731	212.751	312.093	315.845	315.878
00:02:30	51.598	49.678	57.603	105.954	105.109	102.978	205.43	200.006	206.283	297.101	311.486	315.97
00:03:00	49.568	47.889	53.208	103.772	102.209	101.674	201.903	196.138	200.562	298.807	306.512	304.817
00:03:30	48.327	46.734	50.455	100.218	99.601	97.484	194.922	191.541	193.2	292.822	302.593	301.659
00:04:00	46.339	43.823	49.01	95.418	98.614	95.921	189.963	189.86	184.49	293.866	297.696	302.501
00:04:30	44.18	42.76	48.641	91.049	96.02	93.259	184.848	179.015	180.31	289.505	292.445	295.866
00:05:00	43.999	41.181	46.091	89.679	92.422	90.704	179.857	175.447	179.689	287.724	292.256	294.604
00:05:30	41.58	40.55	44.001	87.552	89.676	89.624	176.785	174.989	172.474	283.818	290.507	292.318
00:06:00	41.297	40.006	43.29	84.65	88.835	87.823	174.356	170.596	169.373	285.712	288.333	289.979
00:06:30	39.577	38.446	40.514	83.64	88.073	85.616	171.473	167.06	170.254	278.23	288.962	291.831
00:07:00	38.954	36.754	40.056	82.605	86.324	83.612	167.17	166	163.653	274.078	286.99	288.811
00:07:30	36.094	34.468	38.467	80.932	86.063	81.409	165.796	163.842	162.377	277.292	284.707	288.377
00:08:00	36.75	34.578	37.742	78.112	82.392	80.226	163.311	163.261	160.976	273.708	276.201	282.309
00:08:30	36.132	33.832	36.948	78.149	80.977	78.751	163.346	162.932	161.991	283.028	281.951	286.346
00:09:00	34.626	32.575	35.567	77.992	79.062	78.614	160.211	160.312	159.946	275.24	284.687	286.436
00:09:30	34.677	32.94	35.012	75.129	80.666	77.379	161.021	156.545	161.001	274.727	279.771	281.609
00:10:00	32.604	31.138	33.773	75.336	76.176	74.244	160.932	160.264	158.688	272.232	280.889	278.406
00:10:30	32.286	30.842	32.388	72.524	74.774	74.164	157.094	156.51	156.661	271.923	279.538	282.691
00:11:00	30.737	30.43	31.619	72.317	74.382	72.839	157.471	152.793	156.62	273.507	276.927	278.303
00:11:30	30.423	29.797	32.145	72.703	73.486	70.503	154.207	153.443	153.956	271.494	277.58	280.96
00:12:00	28.992	28.731	31.251	72.912	73.857	70.257	155.413	154.461	153.538	270.199	274.332	275.392
00:12:30	28.451	28.068	31.363	70.27	70.835	70.788	154.561	154.146	153.259	269.037	275.123	276.309
00:13:00	28.074	28.027	29.352	68.11	69.659	69.196	152.514	152.975	152.653	267.44	274.016	277.724
00:13:30	27.848	28.168	28.865	67.901	70.933	69.886	149.922	150.982	151.768	267.32	276.555	275.692
00:14:00	28.215	26.366	29.449	66.738	69.205	66.908	155.087	151.007	150.153	266.835	269.6	275.766
00:14:30	27.336	26.758	27.807	65.974	67.958	66.121	150.046	149	150.529	262.474	270.654	272.141
00:15:00	27.209	26.183	27.935	65.171	66.882	64.938	152.258	145.796	150.898	266.297	271.553	274.575
00:15:30	25.501	24.664	27.567	65.019	65.992	64.525	152.823	148.906	150.956	269.19	267.141	274.894
00:16:00	25.866	25.611	26.757	64.64	65.585	63.039	148.473	149.62	146.424	261.543	270.653	270.841
00:16:30	26.175	24.947	25.936	64.136	64.344	62.773	149.614	148.557	150.744	261.714	269.842	275.255
00:17:00	27.23	24.343	26.123	62.897	63.104	63.952	148.965	147.522	149.428	265.233	270.712	273.012
00:17:30	25.059	24.301	25.941	61.443	63.974	63.174	147.204	147.168	149.945	260.666	269.339	274.418
00:18:00	25.111	24.455	25.115	60.914	62.566	62.476	149.168	145.849	151.686	261.618	268.877	274.113
00:18:30	24.247	22.571	23.799	58.686	62.341	60.289	148.321	144.127	145.837	263.368	262.919	276.725
00:19:00	23.759	22.595	24.942	59.636	59.392	61.16	146.663	145.1	147.462	265.779	269.431	273.047
00:19:30	23.153	22.501	22.366	58.376	57.702	58.121	148.466	144.728	146.579	261.107	266.257	275.641
00:20:00	23.095	22.721	23.603	58.808	59.355	59.694	147.499	142.664	145.661	261.009	267.007	270.699
00:20:30	22.366	22.116	22.685	57.794	58.093	58.135	143.531	142.591	141.774	257.473	264.617	269.894
00:21:00	23.185	21.738	23.41	56.867	59.023	58.892	147.485	144.96	142.242	260.464	268.924	271.704
00:21:30	21.917	20.667	23.987	56.417	55.513	58.435	144.189	141.577	142.739	262.665	266.511	271.345
00:22:00	22.312	20.433	21.937	55.92	55.284	57.951	145.3	141.029	143.604	260.992	263.024	266.671
00:22:30	21.938	21.735	20.967	55.013	56.623	56.893	143.222	140.789	145.549	258.67	262.052	270.25
00:23:00	21.538	21.36	22.264	54.925	53.301	55.925	144.234	139.138	141.655	260.618	264.625	271.878
00:23:30	20.58	20.384	21.994	53.501	54.304	58.568	146.563	143.295	143.738	259.165	268.933	266.06
00:24:00	21.929	20.484	21.161	55.461	54.612	56.038	147.193	142.665	143.59	258.544	263.731	267.637
00:24:30	20.842	19.72	22.83	55.219	54.436	56.294	144.02	142.591	143.898	259.419	264.986	266.537
00:25:00	20.877	20.547	21.172	56.086	54.638	56.158	146.08	140.801	143.122	259.824	262.5	267.777
00:25:30	19.923	20.361	20.936	54.519	53.167	56.217	143.949	141.483	143.729	263.562	267.915	269.524
00:26:00	20.242	20.441	21.208	53.184	52.703	54.525	141.264	141.794	140.114	260.031	261.241	264.382
00:26:30	21.092	19.081	21.26	53.896	52.469	54.547	142.803	141.763	144.13	254.422	265.416	265.415
00:27:00	20.164	19.331	19.444	51.547	52.262	55.355	142.692	140.261	143.258	255.923	263.928	269.923
00:27:30	20.164	18.765	20.87	51.967	50.993	53.914	140.645	141.319	140.375	258.544	261.684	262.743
00:28:00	19.594	19.113	19.726	51.8	48.459	53.29	142.057	140.255	140.336	252.621	261.442	264.094
00:28:30	20.098	18.96	20.596	51.105	50.062	54.062	142.759	139.388	138.627	257.738	262.668	267.133
00:29:00	19.542	19.6	20.276	51.334	50.18	53.464	144.553	141.491	140.926	256.355	263.547	265.278
00:29:30	19.673	19.246	18.424	49.527	49.532	52.062	141.588	139.003	139.825	257.844	263.41	263.25
00:30:00	18.699	18.226	19.964	49.859	50.606	52.647	143.393	138.938	142.288	257.409	261.235	261.586
00:30:30	18.972	17.986	19.759	49.958	49.309	52.621	138.391	136.206	142.491	256.674	259.629	267.969
00:31:00	18.696	17.983	19.637	49.502	49.549	51.707	141.72	138.928	141.114	254.839	261.632	264.297
00:31:30	18.91	17.854	19.483	49.833	49.581	49.692	140.935	140.875	138.535	252.634	258.28	263.126
00:32:00	18.723	17.908	19.19	49.116	47.82	52.208	140.759	139.262	138.47	256.291	260.833	265.135
00:32:30	17.325	17.899	19.009	49.138	48.468	50.447	137.886	138.917	140.834	255.391	260.743	265.233
00:33:00	17.735	18.015	19.625	49.39	48.798	49.09	142.685	138.813	137.911	260.079	260.757	262.387
00:33:30	17.93	17.505	18.324	49.245	46.924	51.062	142.125	141.892	139.608	258.743	259.628	265.415
00:34:00	18.656	17.622	19.347	49.782	47.549	48.675	138.772	136.848	140.729	254.639	260.392	262.989
00:34:30	19.02	16.88	18.581	47.096	48.968	48.308	139.984	139.143	139.67	258.592	263.369	270.572
00:35:00	17.864	16.301	18.605	48.281	45.571	47.297	140.583	136.843	139.281	255.108	260.089	263.402
00:35:30	18.128	16.669	18.702	48.686	47.081	47.22	139.354	138.861	137.287	256.458	261.443	264.086
00:36:00	18.858	17.029	17.321	46.89	46.403	48.177	140.327	137.324	137.979	253.855	258.754	266.072
00:36:30	16.485	17.112	17.479	47.759	46.399	47.34	140.042	139.035	137.662	253.589	257.329	264.577
00:37:00	16.972	17.588	17.265	47.733	46.614	46.63	139.252	138.032	138.132	251.559	257.892	264.14
00:37:30	18.156	16.282	17.443	46.126	47.788	47.61	140.052	137.285	142.066	253.928	258.508	262.436
00:38:00	17.743	16.506	17.989	47.905	47.012	45.078	142.011	137.715	138.81	253.787	260.037	265.047
00:38:30	17.04	17.514	17.353	45.638	47.28	45.972	140.171	137.992	139.722	254.4	262.15	263.304
00:39:00	16.812	16.385	18.158	48.514	44.593	44.307	140.839	137.711	136.89	252.988	256.677	264.115
00:39:30	17.32	17.055	16.979	46.575	43.824	44.859	135.685	139.32	137.801	255.66	257.918	264.134
00:40:00	16.861	16.828	17.111	44.46	44.816	44.715	138.806	140.905	137.131	252.361	256.802	261.178
00:40:30	17.074	16.818	18.192	47.282	45.059	43.91	136.997	138.253	137.599	246.635	260.563	259.202
00:41:00	16.368	16.154	17.296	46.19	46.223	44.838	139.904	137.521	135.764	253.378	263.542	264.462
00:41:30	17.319	15.902	17.052	45.545	44.857	43.996	141.437	135.769	139.037	252.658	258.737	264.147
00:42:00	17.674	15.444	17.658	44.729	42.852	43.279	135.403	135.605	138.221	250.511	259.741	264.301
00:42:30	15.99	16.27	17.154	46.207	45.912	44.466	140.537	137.788	138.502	254.808	259.523	260.812
00:43:00	16.716	17.17	17.148	44.83	44.773	43.172	139.638	137.118	137.279	253.696	258.836	259.943
00:43:30	16.643	16.483	17.319	44.495	44.788	43.52	139.083	138.544	136.396	253.729	258.629	262.772
00:44:00	16.925	16.126	17.149	45.907	43.276	42.44	136.446	134.142	136.878	254.352	258.506	262.071
00:44:30	16.119	15.145	15.857	43.207	44.301	42.276	139.131	137.553	136.632	252.188	256.937	260.301
00:45:00	15.726	15.716	17.026	44.836	44.427	41.883	136.951	136.254	137.054	250.04	260.496	260.616
00:45:30	16.722	15.811	16.533	45.135	43.565	40.793	136.602	137.061	135.206	249.348	258.639	259.483
00:46:00	15.59	15.464	16	43.183	43.661	39.109	137.073	134.508	135.967	250.46	254.182	260.904
00:46:30	15.529	15.917	16.117	44.332	42.712	41.144	136.216	137.451	135.693	252.318	257.459	259.223
00:47:00	15.796	15.639	16.806	45.765	42.472	41.465	135.799	135.072	137.503	253.535	257.148	259.778
00:47:30	16.602	15.939	16.494	44.255	43.603	40.866	138.607	135.747	139.569	253.001	258.677	264.38
00:48:00	16.132	15.386	16.565	42.728	42.496	40.359	138.414	134.668	138.408	253.56	257.538	264.235
00:48:30	16.396	15.331	16.147	42.942	40.973	40.649	138.413	134.665	134.947	252.38	259.598	262.274
00:49:00	16.095	16.24	15.724	44.075	43.062	41.526	136.838	136.241	138.361	254.258	258.797	263.33
00:49:30	14.82	14.747	15.631	42.286	41.032	39.841	137.191	135.427	133.741	253.95	257.025	259.882
00:50:00	15.672	15.889	16.586	42.32	42.27	40.408	139.089	133.073	136.195	254.28	257.259	261.789
00:50:30	16.005	15.412	15.967	42.084	43.141	40.287	134.947	133.126	136.381	248.464	256.858	261.943
00:51:00	16.398	16.195	16.077	43.471	42.007	37.269	136.314	134.558	136.537	248.42	255.976	259.065
00:51:30	15.594	16.414	16.087	41.325	42.561	38.532	136.242	134.543	136.075	248.998	258.621	259.715
00:52:00	16.181	16.272	15.395	40.599	42.086	39.952	137.953	130.747	136.053	253.504	261.571	258.167
00:52:30	16.479	15.565	16.288	41.437	42.428	37.673	134.722	133.228	137.194	246.963	253.499	260.302
00:53:00	16.276	15.234	15.78	40.6	42.008	39.422	134.35	134.584	135.016	256.308	256.214	259.913
00:53:30	15.071	14.565	15.82	41.113	42.249	38.185	138.457	133.971	133.793	249.677	254.033	259.386
00:54:00	16.223	15.025	16.455	41.444	42.385	39.838	136.479	133.508	136.073	250.72	252.152	259.678
00:54:30	16.024	15.189	16.8	41.548	41.507	39.292	135.601	136.112	136.267	250.545	256.779	258.924
00:55:00	15.551	14.949	15.264	40.166	40.243	38.735	137.289	133.543	133.62	251.211	254.669	262.25
00:55:30	15.639	15.634	16.3	40.643	42.103	38.451	135.943	137.326	134.239	252.689	254.86	259.176
00:56:00	15.378	14.944	16.42	41.536	42.933	38.095	136.016	133.809	135.619	252.664	254.11	256.213
00:56:30	15.993	16.532	16.048	40.742	40.852	37.265	135.325	133.05	134.842	247.017	254.977	258.849
00:57:00	15.685	15.236	15.907	41.587	41.451	36.473	133.359	132.473	133.381	251.386	252.948	256.086
00:57:30	14.878	16.001	14.902	41.759	40.802	38.072	133.625	137.172	136.853	250.52	253.319	258.178
00:58:00	16.332	14.821	15.603	40.714	40.588	38.494	133.265	132.465	137.753	250.333	252.034	260.331
00:58:30	15.144	15.258	15.215	40.023	40.386	38.492	137.516	133.69	134.087	250.802	252.588	260.567
00:59:00	15.601	14.913	15.432	40.418	41.484	37.793	138.271	134.516	133.709	251.545	254.556	258.144
00:59:30	16.15	15.27	14.811	40.67	40.277	37.06	136.345	133.337	138.306	252.407	254.811	261.36
01:00:00	15.013	15.301	15.766	40.113	41.329	38.866	135.56	133.719	134.005	250.441	255.735	254.624
01:00:30	14.98	15.401	15.126	40.21	39.639	39.113	136.363	138.498	136.341	253.853	258.045	264.06
01:01:00	16.475	15.545	15.245	40.491	40.451	38.043	135.277	133.343	134.487	250.375	255.18	259.711
01:01:30	15.189	15.048	15.622	39.436	39.855	38.353	135.718	132.963	133.976	250.374	256.36	256.423
01:02:00	16.968	13.989	15.525	42.281	40.935	39.268	133.704	132.313	134.726	249.05	259.523	259.795
01:02:30	15.027	14.756	15.275	39.053	40.13	37.3	136.121	130.047	136.127	253.37	254.259	257.352
01:03:00	14.989	14.644	15.133	41.038	40.67	38.735	136.758	135.935	133.832	252.814	258.092	258.367
01:03:30	15.13	15.451	15.529	39.676	40.883	38.278	135.483	131.886	134.849	250.202	255.989	258.953
01:04:00	14.917	14.364	14.934	38.327	42.347	38.279	136.116	132.702	132.951	250.573	253.376	260.413
01:04:30	15.467	13.559	15.864	40.013	41.19	37.752	139.249	133.79	132.4	249.428	254.447	256.953
01:05:00	15.023	14.555	15.73	39.637	41.468	38.583	134.077	133.567	135.876	249.981	254.244	260.617
01:05:30	15.712	14.609	15.214	39.609	40.358	37.712	137.222	133.206	133.049	251.71	253.069	257.997
01:06:00	15.098	14.575	16.086	39.899	39.672	38.097	133.511	133.865	132.334	251.951	253.346	258.758
01:06:30	14.51	14.159	15.63	39.883	41.696	36.93	135.322	133.411	134.676	253.537	256.098	260.43
01:07:00	14.731	13.478	15.287	39.921	40.053	37.641	137.365	133.376	133.388	250.668	253.759	258.899
01:07:30	14.906	14.134	15.572	39.06	40.865	38.833	135.947	133.696	136.371	251.802	258.72	255.59
01:08:00	15.929	14.811	15.441	39.748	40.985	38.445	134.899	132.552	134.321	250.027	254.932	261.241
01:08:30	14.664	14.796	15.142	38.563	40.433	37.535	135	134.39	135.061	249.193	255.634	259.606
01:09:00	14.308	14.768	16.032	39.736	38.614	37.586	133.813	134.389	133.971	253.476	255.076	260.711
01:09:30	15.308	14.691	14.729	39.961	38.967	38.465	135.82	130.996	134.406	251.712	254	256.753
01:10:00	15.331	14.229	15.422	39.877	40.564	36.786	133.825	132.422	133.852	249.014	253.77	256.197
01:10:30	14.427	14.322	15.424	38.788	38.94	37.285	134.107	133.199	133.949	250.628	254.838	257.382
01:11:00	15.209	14.549	14.748	37.859	40.168	36.356	134.056	132.128	134.057	249.408	251.77	253.152
01:11:30	14.787	15.323	15.148	38.944	39.563	38.146	135.436	131.126	131.861	245.138	252.125	258.047
01:12:00	14.413	14.517	15.421	38.836	40.381	36.582	137.158	133.962	131.134	251.471	255.473	257.468
01:12:30	15.401	13.758	15.307	38.716	39.169	37.14	134.34	136.78	135.402	251.771	255.873	257.909
01:13:00	15.447	14.859	14.808	39.471	40.398	38.421	135.813	132.489	135.882	248.382	259.005	255.688
01:13:30	14.818	15.281	14.516	39.954	39.497	37.685	134.615	131.359	134.248	248.469	254.293	258.99
01:14:00	15.004	14.695	14.532	37.809	38.918	37.205	133.81	130.609	132.697	249.013	252.294	259.915
01:14:30	14.564	14.115	14.975	38.69	38.697	37.302	134.273	131.676	131.364	254.173	253.336	258.881
01:15:00	15.349	15.018	14.842	38.902	39.372	38.326	135.233	133.286	132.887	251.75	256.664	255.933
01:15:30	15.49	14.445	15.64	38.387	37.065	37.067	131.648	131.934	133.723	246.501	253.132	256.669
01:16:00	14.504	14.002	14.661	38.855	40.6	37.415	133.756	133.318	132.582	251.927	257.299	257.229
01:16:30	15.047	15.515	15.26	38.056	38.123	36.292	135.067	133.074	131.789	250.647	252.963	255.855
01:17:00	14.076	14.876	15.175	39.175	41.581	37.183	133.914	135.101	134.048	245.436	254.311	259.3
01:17:30	15.138	14.088	14.916	38.021	39.013	36.424	135.515	134.51	133.19	249.131	253.561	256.449
01:18:00	15.486	14.67	14.797	38.425	40.018	36.439	133.087	134.062	132.429	248.65	252.469	257.695
01:18:30	15.017	13.92	14.775	39.217	39.977	37.261	131.658	132.659	134.059	249.91	255.363	254.534
01:19:00	14.494	13.416	14.766	37.631	38.801	37.704	134.673	131.764	133.817	250.928	254.508	254.749
01:19:30	14.579	14.669	15.038	38.093	38.563	37.402	132.526	133.017	135.307	249.365	255.779	255.74
01:20:00	14.207	14.828	15.181	38.401	38.593	34.396	131.76	130.643	133.969	249.932	253.053	255.056
01:20:30	14.564	14.936	15.539	39.719	37.491	37.521	132.88	132.902	135.663	249.031	253.276	255.31
01:21:00	14.597	15.361	14.311	39.517	38.444	37.332	131.237	133.411	134.136	247.029	254.903	254.884
01:21:30	14.696	14.193	15.669	38.531	38.522	35.323	132.573	132.258	135.352	248.153	256.207	254.963
01:22:00	15.113	13.873	15.151	36.727	38.919	36.38	133.618	130.802	134.033	244.564	249.967	252.248
01:22:30	15.053	13.411	14.869	37.087	39.503	36.715	132.223	130.802	133.769	249.867	252.405	257.132
01:23:00	14.889	13.907	14.629	37.731	38.318	38.701	133.223	132.748	134.281	248.74	255.034	257.422
01:23:30	15.43	14.188	15.118	39.51	38.198	38	134.651	133.897	132.738	250.278	250.532	254.399
01:24:00	14.889	13.498	15.071	38.768	38.824	38.091	135.616	132.15	134.132	250.961	253.79	258.382
01:24:30	14.829	14.706	14.382	37.938	38.973	35.554	133.066	136.209	134.373	248.425	254.588	259.995
01:25:00	14.97	14.119	13.851	37.96	39.378	36.344	132.518	131.79	130.953	248.294	252.055	256.139
01:25:30	14.662	14.591	14.775	38.196	38.043	36.933	136.16	132.881	132.466	250.633	251.66	259.051
01:26:00	14.356	14.489	14.753	38.032	38.844	36.378	135.469	133.384	133.62	251.037	254.094	256.478
01:26:30	15.122	14.279	14.879	38.16	38.986	35.287	133.614	132.182	134.011	248.324	252.846	255.093
01:27:00	13.778	14.227	15.493	37.531	39.239	36.738	134.642	131.698	133.761	250.182	253.638	256.465
01:27:30	14.021	14.096	14.786	38.196	39.58	36.786	134.259	133.158	135.685	250.158	250.97	256.241
01:28:00	14.912	14.102	15.357	38.673	39.08	35.59	133.113	130.449	133.213	251.128	255.166	261.133
01:28:30	14.874	14.17	14.944	37.926	39.033	36.601	136.88	131.627	134.327	246.492	251.608	257.215
01:29:00	14.214	14.546	14.279	36.931	39.28	37.447	132.532	130.895	131.959	248.731	250.933	257.985
01:29:30	15.077	14.109	15.157	38.244	39.521	36.027	132.49	131.253	132.599	248.523	251.985	257.054
01:30:00	15.487	13.689	14.922	37.489	38.526	35.937	136.728	132.715	132.968	247.129	253.435	257.563
01:30:30	15.06	14.922	14.931	37.599	39.374	36.46	133.657	130.882	132.333	246.795	254.229	254.951
01:31:00	15.166	13.577	15.821	36.778	38.001	34.909	133.357	130.71	132.165	248.341	252.099	257.524
01:31:30	15.043	13.392	14.908	37.735	38.775	37.665	131.041	132.167	131.588	248.209	251.239	253.985
01:32:00	14.666	14.828	15.154	36.835	39.265	38.634	134.016	131.014	133.856	247.735	248.793	253.576
01:32:30	13.851	14.718	14.99	38.635	38.596	36.401	132.339	130.252	136.439	247.128	253.381	255.921
01:33:00	14.548	13.914	14.512	38.389	37.772	36.95	133.809	131.105	133.343	246.169	250.45	254.179
01:33:30	15.518	13.222	15.007	36.919	38.886	36.86	134.796	132.138	133.362	247.18	254.805	251.809
01:34:00	14.538	13.662	15.473	38.442	37.779	35.459	131.621	130.954	133.497	246.582	249.27	255.824
01:34:30	14.275	14.406	15.433	36.96	38.903	36.922	132.801	131.433	133.054	245.974	255.107	256.047
01:35:00	14.675	14.785	14.586	38.706	39.185	35.979	133.598	134.3	132.234	248.808	250.535	258.928
01:35:30	14.968	13.973	14.865	39.046	39.122	36.756	136.363	131.735	132.882	249.187	251.989	255.753
01:36:00	14.799	13.788	15.6	38.116	37.986	36.487	135.129	130.917	134.817	249.898	254.563	257.797
01:36:30	14.999	14.065	15.653	37.091	38.159	37.122	132.701	131.625	133.701	249.756	253.434	259.187
01:37:00	15.651	14.764	14.743	38.209	39.065	35.668	133.726	131.876	132.047	249.293	253.581	253.804
01:37:30	15.447	14.018	14.669	37.358	38.048	36.105	134.784	133.715	132.613	249.868	250.989	256.435
01:38:00	15.58	14.142	14.299	38.098	38.487	36.793	132.963	132.76	134.688	247.192	248.908	257.041
01:38:30	14.936	13.993	15.622	38.605	38.012	37.085	134.34	133.056	132.303	245.725	252.19	252.526
01:39:00	15.739	14.39	14.983	37.405	39.2	36.558	133.126	133.195	133.74	249.138	251.647	254.231
01:39:30	14.693	14.06	14.867	36.122	38.642	37.017	136.101	132.95	134.761	249.019	253.307	257.456
01:40:00	14.207	14	14.359	36.629	38.364	35.31	133.715	131.699	131.726	246.97	253.264	254.928
01:40:30	14.167	13.653	14.583	37.558	38.347	36.864	131.072	131.711	133.859	248.565	250.205	251.238
01:41:00	14.727	13.655	15.017	36.949	37.946	36.36	129.202	132.166	133.146	249.694	255.389	254.928
01:41:30	14.939	14.244	15.068	37.742	37.988	37.067	134.304	132.026	135.537	248.785	254.88	253.047
01:42:00	15.545	14.681	15.41	36.841	37.985	36.549	132.151	133.02	135.142	245.551	253.347	257.713
01:42:30	15.246	14.177	15.501	37.219	39.853	36.461	135.703	131.21	132.68	245.575	251.823	254.781
01:43:00	15.552	13.694	13.844	37.742	39.075	37.131	132.517	131.072	131.736	247.424	254.747	257.617
01:43:30	14.969	14.071	15.549	37.609	39.018	36.867	137.605	135.83	134.844	250.783	253.417	256.031
01:44:00	15.266	15.221	14.422	38.302	38.39	37.247	133.929	132.368	132.991	248.11	251.225	256.423
01:44:30	14.511	13.778	14.523	36.576	38.221	35.132	134.751	132.882	133.912	247.745	247.036	254.172
01:45:00	15.838	14.966	15.466	38.254	38.062	36.541	131.768	131.921	131.766	248.313	252.764	250.886
01:45:30	14.021	14.145	15.219	36.961	38.301	36.934	133.545	128.83	134.924	246.091	250.729	254.346
01:46:00	15.132	14.389	14.662	37.614	38.054	36.523	133.867	130.02	132.036	241.888	250.179	252.725
01:46:30	14.563	13.35	14.658	38.349	37.421	37.395	133.646	132.373	133.394	246.213	252.818	255.606
01:47:00	15.268	13.982	14.627	38.022	39.183	35.307	133.423	130.617	131.823	244.18	250.899	252.832
01:47:30	14.71	15.061	15.015	36.772	36.545	35.861	133.004	131.149	131.499	244.559	248.303	252.465
01:48:00	14.379	14.352	14.445	38.097	37.677	35.697	131.499	132	130.721	245.977	254.55	251.153
01:48:30	14.754	14.825	14.332	36.261	39.271	37.824	136.357	133.806	133.014	249.231	252.796	256.397
01:49:00	15.142	14.913	14.603	36.64	36.81	36.556	133.961	130.838	132.837	246.807	249.986	252.025
01:49:30	14.966	14.206	14.102	39.381	38.725	36.655	136.931	134.555	134.085	248.405	251.981	259.044
01:50:00	15.735	14.086	14.202	36.546	36.892	36.858	134.491	129.807	130.211	244.013	253.348	251.969
01:50:30	15.316	13.928	15.734	37.188	37.416	36.69	135.018	130.065	132.123	246.91	251.732	253.562
01:51:00	13.462	13.841	13.641	37.534	37.603	35.103	134.08	129.111	132.344	242.143	250.742	253.686
01:51:30	13.699	13.906	14.631	36.645	38.583	35.496	131.703	131.551	129.738	248.165	250.989	253.477
01:52:00	15.228	13.794	14.22	38.36	38.175	35.605	132.974	132.905	133.215	246.087	249.944	253.3
01:52:30	15.554	15.088	14.62	37.709	38.822	36.122	134.154	133.581	131.726	249.466	253.306	256.732
01:53:00	14.815	13.264	15.977	38.049	37.245	35.974	135.184	134.559	134.91	248.804	252.644	254.338
01:53:30	14.615	14.465	14.939	37.489	37.581	34.904	132.538	131.531	133.673	251.967	249.396	255.397
01:54:00	14.645	14.16	14.363	36.556	40.408	36.554	132.36	130.89	131.899	248.458	248.339	253.946
01:54:30	14.751	14.176	14.917	35.805	37.351	37.359	131.535	131.746	132.023	246.637	249.18	253.272
01:55:00	14.722	13.942	15.069	35.879	37.137	35.928	135.932	132.525	134.622	247.061	253.67	256.474
01:55:30	14.707	14.282	14.308	38.123	37.956	36.193	133.196	131.703	133.414	245.087	250.697	249.409
01:56:00	15.759	14.718	15.423	38.03	38.327	36.36	135.204	133.18	134.247	250.092	251.587	254.909
01:56:30	14.721	13.655	14.777	35.767	37.24	35.777	132.974	132.277	131.995	244.939	251.763	254.784
01:57:00	14.976	14.052	15.73	36.686	37.119	37.245	131.867	133.315	134.424	248.592	250.273	252.72
01:57:30	14.904	14.713	14.979	38.058	36.741	35.236	131.804	129.904	131.991	245.819	253.004	255.542
01:58:00	15.275	14.477	14.969	37.284	39.341	36.602	132.831	130.569	132.476	248.012	251.931	254.299
01:58:30	14.926	13.697	14.938	36.699	38.389	35.314	131.845	129.561	130.585	246.922	250.766	250.328
01:59:00	14.477	14.817	15.102	37.022	38.009	35.747	130.454	130.268	130.196	244.765	249.867	250.455
01:59:30	15.799	14.172	14.858	37.434	38.049	37.1	132.514	131.041	132.875	245.605	247.038	252.162
02:00:00	15.752	14.953	14.244	38.126	36.459	35.817	131.407	132.156	132.115	244.262	250.201	250.251