Time	25_1	25_2	25_3	50_1	50_2	50_3	100_1	100_2	100_3	150_1	150_2	150_3
00:00:00	85.675	70.721	68.349	126.307	123.294	127.862	254.641	254.274	256.444	360.138	366.122	362.3
00:00:30	87.695	65.948	65.314	124.975	114.114	117.998	239.529	248.036	247.437	351.312	347.71	344.219
00:01:00	87.598	58.714	57.793	114.563	110.023	108.72	226.915	234.717	237.012	333.974	337.268	326.91
00:01:30	93.781	57.019	54.045	109.599	107.451	107.29	221.361	228.429	227.777	322.835	326.433	320.087
00:02:00	93.28	54.765	51.471	105.234	105.101	103.159	214.933	219.488	216.208	318.559	316.735	305.675
00:02:30	92.272	50.306	47.842	103.213	101.296	97.567	208.882	209.807	209.02	313.801	311.7	301.71
00:03:00	92.713	50.833	45.252	98.643	99.229	97.991	197.074	207.057	206.127	310.225	307.628	291.559
00:03:30	88.728	48.791	42.688	95.067	95.542	96.065	193.135	197.708	194.762	306.235	298.075	285.13
00:04:00	87.716	45.452	41.903	94.19	93.707	91.287	184.132	192.054	192.468	300.008	293.403	287.368
00:04:30	88.086	46.55	38.995	91.388	91.973	90.38	184.745	191.4	184.639	294.533	295.648	285.596
00:05:00	85.267	41.822	39.404	87.455	90.608	88.647	178.275	184.397	181.086	296.153	296.088	277.397
00:05:30	84.49	40.775	37.298	86.203	86.842	84.659	176.804	182.711	177.672	295.105	290.775	273.424
00:06:00	84.222	40.613	35.12	85.047	84.238	84.789	173.462	181.576	175.009	290.246	287.9	272.353
00:06:30	82.534	40.406	34.633	82.197	81.835	81.812	170.951	177.651	171.105	282.843	285.575	272.529
00:07:00	81.999	38.059	33.468	81.276	83.145	81.56	169.143	175.982	172.155	287.817	287.901	268.088
00:07:30	80.86	38.077	33.459	79.406	80.573	79.745	163.989	171.246	167.63	286.607	277.986	271.494
00:08:00	78.3	37.304	31.243	78.735	77.235	79.089	165.564	170.91	163.494	283.188	285.91	263.47
00:08:30	78.752	35.345	30.352	78.996	76.565	76.915	161.327	170.455	166.766	287.209	284.793	267.151
00:09:00	79.29	35.317	29.346	77.656	77.943	75.823	163.929	169.741	163.162	283.356	287.982	266.735
00:09:30	77.224	34.145	28.267	77.407	75.36	73.252	160.782	168.616	161.589	279.741	277.996	263.376
00:10:00	74.827	32.739	28.88	75.54	74.811	73.588	157.213	169.071	160.701	278.485	277.949	264.707
00:10:30	75.796	32.89	28.091	74.536	72.888	72.349	154.76	167.819	159.146	280.738	278.986	264.065
00:11:00	75.073	31.236	27.021	73.487	72.049	71.045	158.598	166.136	160.6	278.991	275.759	260.509
00:11:30	73.692	31.601	26.512	72.376	71.633	70.798	160.125	160.52	157.084	273.965	277.442	260.001
00:12:00	71.478	31.699	26.569	71.026	69.501	68.147	155.757	163.629	155.466	275.775	275.651	256.468
00:12:30	72.848	29.482	25.718	70.001	67.492	68.471	157.5	159.46	157.461	277.993	272.92	259.719
00:13:00	72.189	28.764	24.47	69.058	69.148	68.92	155.392	164.575	153.122	278.581	270.589	257.422
00:13:30	68.911	29.313	23.97	67.899	67.181	66.669	154.362	160.758	155.317	273.368	271.203	259.665
00:14:00	68.951	28.937	23.76	67.808	64.412	65.629	154.017	159.976	153.164	270.889	274.598	256.781
00:14:30	69.138	27.898	24.287	66.565	66.183	66.752	148.832	160.397	154.135	276.788	275.919	259.31
00:15:00	67.723	28.349	23.42	65.62	63.612	64.572	151.754	159.924	149.96	273.076	270.764	256.381
00:15:30	67.34	27.304	23.296	62.392	64.246	61.566	150.555	158.521	155.024	271.759	270.422	258.665
00:16:00	65.542	27.215	22.032	65.68	63.31	62.525	151.545	157.286	149.908	269.55	269.529	254.656
00:16:30	63.669	26.059	22.469	64.553	63.785	62.312	151.677	156.85	145.986	270.845	264.955	253.385
00:17:00	63.482	25.306	21.674	61.9	61.876	61.038	148.922	154.863	148.917	268.747	268.925	254.227
00:17:30	63.905	26.563	22.096	60.096	61.02	60.087	151.392	156.528	151.006	269.997	272.262	253.601
00:18:00	61.865	25.408	20.808	62.197	60.53	57.959	149.69	156.054	149.994	269.849	268.711	250.225
00:18:30	62.699	25.499	20.692	59.394	60.978	57.32	146.58	153.448	147.275	269.017	270.986	251.894
00:19:00	61.071	24.527	20.199	59.696	60.123	58.457	149.578	154.812	148.767	272.5	270.195	249.762
00:19:30	60.153	24.335	19.832	58.71	57.545	57.273	147.612	156.167	149.663	271.372	270.666	253.44
00:20:00	58.97	23.571	20.324	59.112	58.1	58.903	149.808	150.7	150.448	269.548	266.227	250.202
00:20:30	59.075	24.5	19.866	57.157	58.854	56.011	143.86	153.12	146.694	265.855	264.9	252.994
00:21:00	58.786	23.575	19.781	57.864	56.379	57.116	147.54	151.661	143.763	268.981	263.679	251.199
00:21:30	57.77	22.674	18.919	58.238	56.832	56.068	145.91	149.365	146.653	265.613	266.982	248.36
00:22:00	58.194	22.995	19.029	55.52	56.801	54.919	143.834	153.494	147.174	268.348	263.415	249.1
00:22:30	55.859	23.116	18.817	56.623	55.797	57.034	146.42	151.229	143.987	268.294	264.783	247.664
00:23:00	55.328	23.741	18.351	55.211	55.767	55.353	144.123	149.187	142.891	264.271	266.235	247.956
00:23:30	55.285	21.556	18.312	57.468	55.067	54.057	146.868	151.022	146.029	263.185	264.469	247.706
00:24:00	56.294	21.931	17.652	57.989	54.753	55.91	142.907	151.101	143.104	266.921	264.873	248.76
00:24:30	55.638	21.727	18.249	55.453	54.386	52.818	142.128	152.275	145.186	265.263	261.062	246.238
00:25:00	55.026	22.396	18.222	54.975	54.347	54.435	143.182	150.381	142.867	263.119	260.337	247.901
00:25:30	52.769	21.145	17.963	56.033	54.706	54.407	143.052	151.345	143.593	261.555	262.417	248.337
00:26:00	52.078	21.191	17.472	52.56	53.93	53.306	141.283	152.091	147.557	263.964	262.605	249.906
00:26:30	54.255	20.473	17.323	55.289	53.012	52.806	141.038	148.104	142.153	265.341	261.555	244.617
00:27:00	51.689	19.604	17.316	54.375	52.764	53.074	142.038	148.325	143.992	260.484	261.694	243.36
00:27:30	52.408	20.463	17.042	54.131	51.758	51.1	143.559	148.222	142.673	263.759	262.152	244.682
00:28:00	51.572	19.695	17.041	53.031	51.863	52.631	142.387	149.335	144.272	265.146	260.885	246.474
00:28:30	49.312	19.439	17.656	52.373	51.99	51.058	141.788	148.295	142.036	259.268	258.01	245.033
00:29:00	51.455	20.159	16.578	51.77	52.146	49.707	142.887	146.859	141.334	264.844	262.184	243.421
00:29:30	49.405	19.555	16.082	52.599	49.7	52.312	142.103	147.605	143.529	260.196	263.661	245.866
00:30:00	49.791	19.591	16.219	51.351	51.181	49.103	139.54	148.249	140.244	263.634	263.57	247.808
00:30:30	48.716	19.058	15.968	51.211	50.517	49.246	142.242	147.279	141.912	260.067	258.678	244.065
00:31:00	47.709	18.708	17.606	50.06	49.368	50.995	141.503	147.206	141.991	262.14	261.462	242.941
00:31:30	48.055	18.925	15.929	49.411	49.583	48.874	140.189	146.907	142.266	259.496	259.521	246.485
00:32:00	48.046	17.903	16.946	49.821	50.964	49.004	138.671	146.709	139.36	257.101	261.659	244.439
00:32:30	48.397	18.817	15.974	49.392	49.432	49.194	138.366	146.874	139.318	259.171	259.752	243.531
00:33:00	45.816	18.406	15.625	48.698	49.682	49.195	140.763	147.902	140.013	262.989	260.211	242.991
00:33:30	46.652	18.924	15.302	48.833	48.143	47.535	139.257	148.583	141.85	260.318	257.275	242.429
00:34:00	46.999	19.013	15.26	47.899	49.562	47.431	142.486	145.039	140.072	266.342	262.979	243.377
00:34:30	45.134	18.031	15.739	51.744	48.492	47.067	139.389	144.739	140.605	259.741	259.709	243.966
00:35:00	45.331	18.2	16.201	47.836	47.553	46.995	139.726	142.733	137.358	260.386	257.875	243.415
00:35:30	46.05	18.189	16.401	48.053	47.816	47.573	139.896	144.475	140.827	261.843	260.941	241.457
00:36:00	46.833	17.778	15.396	47.106	48.04	47.31	139.861	145.91	141.763	261.826	263.075	243.898
00:36:30	43.934	17.416	15.513	46.652	46.781	47.957	137.801	144.318	140.659	257.068	257.796	245.58
00:37:00	44.142	17.28	15.29	47.147	47.307	48.954	139.023	144.299	142.945	259.243	262.16	243.048
00:37:30	43.117	17.973	15.908	47.472	48.466	47.35	138.298	143.217	137.682	258.525	254.251	233.395
00:38:00	43.809	17.714	14.377	46.716	45.626	48.013	140.648	145.569	140.877	262.566	256.798	245.183
00:38:30	43.9	17.537	14.339	46.827	46.668	47.173	140.933	144.839	139.112	256.549	259.813	240.533
00:39:00	43.048	17.854	14.322	46.881	46.553	46.988	134.82	144.674	137.803	255.467	256.431	240.461
00:39:30	42.175	17.411	14.586	48.02	45.784	45.976	140.634	147.042	138.978	260.422	260.282	241.139
00:40:00	42.263	17.594	13.342	47.465	44.988	44.87	137.898	144.333	137.817	258.803	256.05	239.703
00:40:30	43.007	16.145	14.664	46.182	44.499	47.406	138.49	143.65	136.661	256.382	255.151	239.134
00:41:00	43.273	17.499	13.6	44.643	47.715	45.855	136.015	146.382	136.241	259.003	260.168	242.978
00:41:30	41.889	16.8	14.052	45.951	46.981	46.3	139.388	142.839	137.963	261.572	256.005	245.691
00:42:00	40.491	16.995	14.896	45.812	45.901	45.701	138.669	143.68	137.506	256.851	255.581	241.1
00:42:30	41.478	18.167	14.873	45.297	46.717	46.567	137.587	144.21	138.681	255.757	257.178	242.464
00:43:00	42.347	17.202	14.595	45.995	44.093	45.413	136.517	146.509	137.366	259.278	254.141	241.745
00:43:30	39.832	16.365	14.48	45.589	45.795	44.894	137.493	143.028	139.101	259.154	255.259	244.472
00:44:00	42.127	16.602	14.372	44.798	45.845	44.694	137.358	144.675	138.72	260.411	255.721	240.5
00:44:30	39.842	16.557	14.154	44.447	45.344	45.313	136.213	143.923	137.099	258.393	255.389	240.363
00:45:00	38.867	15.506	14.042	44.597	43.696	45.668	137.655	142.877	141.537	260.328	256.857	238.084
00:45:30	39.507	16.418	14.215	44.821	43.101	42.901	136.78	142.387	136.515	256.586	255.594	238.963
00:46:00	38.135	16.614	13.267	45.19	45.014	44.817	136.489	142.576	135.359	256.892	253.279	236.216
00:46:30	38.884	15.885	13.171	43.824	44	43.78	134.747	142.961	136.043	256.374	253.144	234.491
00:47:00	39.237	15.755	13.956	44.966	43.732	44.435	136.811	142.87	137.855	256.441	256.748	240.821
00:47:30	37.318	15.603	13.462	44.307	44.1	43.473	132.838	141.992	135.975	256.591	258.109	236.298
00:48:00	37.838	15.127	13.871	44.568	43.456	43.602	135.141	143.743	134.638	254.977	255.382	236.712
00:48:30	37.974	15.797	13.613	43.917	43.613	44.89	137.896	143.438	135.317	258.69	253.08	239.974
00:49:00	37.463	15.99	13.555	42.539	41.885	44.511	134.563	140.905	133.964	257.374	258.511	240.869
00:49:30	36.566	16.411	12.989	43.578	43.943	43.573	137.906	144.276	136.651	255.848	256.101	238.37
00:50:00	36.989	16.097	13.901	40.506	43.68	42.777	137.155	141.567	135.051	258.413	254.349	238.527
00:50:30	36.137	16.831	13.056	44.213	44.469	43.228	132.793	141.198	134.713	254.095	255.838	236.982
00:51:00	36.972	15.37	13.232	42.41	41.994	41.925	134.763	140.17	135.403	253.136	255.003	237.825
00:51:30	36.128	15.602	13.361	43.484	44.08	43.694	134.122	140.012	133.171	256.959	252.988	236.304
00:52:00	36.705	15.719	12.63	43.142	43.249	42.307	135.064	142.093	134.599	254.695	251.58	233.959
00:52:30	35.743	15.846	13.802	41.003	42.07	43.267	132.523	142.25	137.34	256.214	255.511	234.981
00:53:00	35.883	15.387	12.081	43.291	42.076	42.348	133.896	140.625	137.377	256.055	252.606	238.384
00:53:30	35.381	15.007	13.016	42.944	42.022	43.241	134.38	140.105	135.251	254.312	251.706	237.168
00:54:00	35.307	15.795	13.735	40.515	41.897	42.832	136.04	143.427	133.476	251.78	253.145	240.188
00:54:30	36.309	15.228	13.096	41.699	42.343	41.698	134.994	140.628	137.489	253.227	253.243	235.805
00:55:00	34.682	15.515	13.447	41.934	42.83	41.298	136.436	140.508	137.516	253.676	254.274	238.657
00:55:30	36.126	15.356	14.047	41.548	39.873	40.986	135.777	141.828	137.624	252.542	250.286	239.283
00:56:00	35.571	14.887	13.836	40.79	42.109	41.63	133.18	140.818	136.905	253.924	258.933	240.165
00:56:30	34.918	16.048	13.795	42.248	42.469	41.488	136.055	141.698	136.086	255.645	251.72	240.342
00:57:00	33.003	14.887	13.311	41.493	41.258	42.549	133.695	141.244	135.34	256.946	256.075	237.415
00:57:30	34.205	15.048	13.638	39.955	39.887	40.995	132.958	140.999	135.392	253.625	253.483	238.289
00:58:00	34.418	14.71	13.099	39.407	40.423	42.052	133.944	139.981	133.774	253.782	253.123	233.195
00:58:30	34.809	14.929	12.983	39.447	39.428	41.226	133.372	141.185	131.769	253.976	256.197	235.824
00:59:00	34.656	14.375	12.795	40.508	41.211	41.112	135.741	138.712	135.627	254.134	254.869	234.398
00:59:30	32.839	14.612	13.294	39.339	40.565	40.946	135.853	139.656	137.214	257.129	252.627	238.895
01:00:00	34.018	16.17	13.492	41.678	41.904	40.297	135.367	138.325	134.912	252.974	253.615	237.187
01:00:30	32.991	15.274	12.887	39.32	39.755	41.668	135.946	139.235	131.521	253.608	250.465	234.119
01:01:00	33.377	15.764	13.362	39.45	39.439	41.055	133.345	139.069	133.436	254.463	250.473	235.907
01:01:30	32.402	15.325	13.572	40.255	39.302	40.392	135.045	139.731	137.211	252.531	253.38	236.741
01:02:00	31.825	14.398	12.544	38.491	39.335	40.233	132.793	140.58	134.365	254.944	252.053	232.386
01:02:30	33.115	13.804	13.263	40.035	40.818	41.573	132.926	138.83	136.053	257.128	254.298	233.819
01:03:00	31.984	15	13.936	38.37	39.941	40.786	135.221	136.329	134.051	257.576	251.974	232.651
01:03:30	31.422	14.941	13.127	39.59	40.17	40.711	133.496	138.397	130.408	253.468	257.973	235.427
01:04:00	33.428	15.17	13.235	37.562	40.468	38.964	132.681	141.705	133.31	251.998	251.792	236.537
01:04:30	31.665	15.019	12.974	37.429	40.856	39.467	129.429	140.875	134.237	252.149	251.261	234.578
01:05:00	31.406	14.203	12.441	37.699	40.778	40.618	133.725	139.006	134.175	256.416	249.839	232.856
01:05:30	31.828	14.939	12.704	37.112	39.963	41.606	130.381	139.666	132.734	257.352	252.509	234.566
01:06:00	30.484	14.506	12.374	38.657	39.976	40.55	132.739	143.344	134.757	253.49	254.327	232.81
01:06:30	31.634	14.386	13.142	37.996	39.805	39.533	133.665	141.852	134.47	253.671	249.532	234.081
01:07:00	30.804	14.412	12.165	38.318	39.159	38.998	133.373	138.999	132.945	253.052	252.201	232.537
01:07:30	29.629	14.601	12.905	37.633	39.787	39.775	133.96	140.331	134.068	255.215	251.746	236.217
01:08:00	30.822	14.417	12.451	38.951	41.16	40.89	130.962	137.524	131.885	255.477	249.93	229.465
01:08:30	29.455	13.729	13.374	37.4	40.861	40.349	131.984	137.437	134.594	251.923	251.165	233.28
01:09:00	29.671	13.868	12.481	38.112	40.517	39.296	130.763	139.059	134.567	254.677	253.894	235.904
01:09:30	29.925	14.96	12.887	38.973	39.291	39.381	131.073	138.085	134.202	252.149	248.176	234.532
01:10:00	31.168	13.649	12.527	38.119	38.697	39.4	131.352	142.239	133.584	253.566	251.677	235.244
01:10:30	29.911	14.797	13.091	37.54	39.727	38.553	133.242	137.944	134.507	251.393	250.289	234.41
01:11:00	29.526	14.818	12.414	37.989	39.232	38.363	133.741	138.568	135.621	253.831	248.38	234.052
01:11:30	29.919	14.337	12.92	37.486	38.411	38.66	131.943	138.413	133.75	248.286	250.93	231.987
01:12:00	30.938	15.595	12.971	37.825	39.04	39.376	132.659	137.727	133.252	253.213	250.51	233.309
01:12:30	29.467	15.503	12.552	38.846	39.198	38.439	132.997	141.615	131.746	255.145	250.03	238.014
01:13:00	29.633	15.037	13.411	36.83	38.476	39.708	132.497	140.22	130.818	254.478	246.636	234.729
01:13:30	28.798	14.639	12.285	36.737	39.237	40.292	132.494	139.182	132.381	252.425	249.761	235
01:14:00	28.932	14.149	13.024	36.035	39.245	38.674	134.276	138.888	132.785	256.42	253.286	238.054
01:14:30	28.247	14.62	13.568	36.226	38.195	39.26	129.544	138.226	134.167	252.981	249.405	233.876
01:15:00	29.44	14.544	12.701	38.868	39.087	38.16	129.845	138.252	132.796	255.771	252.561	233.269
01:15:30	29.247	14.075	13.319	38.14	38.987	39.992	130.946	137.79	134.66	254.578	248.875	233.806
01:16:00	27.537	14.658	12.386	36.43	37.235	36.87	133.303	139.165	132.913	251.153	252.062	232.637
01:16:30	28.069	14.322	12.361	37.299	37.995	39.841	131.44	137.763	131.561	251.075	251.503	233.939
01:17:00	30.362	13.697	12.833	36.291	37.797	38.305	130.991	140.263	131.969	248.804	253.439	234.133
01:17:30	28.002	14.035	12.289	36.416	37.824	38.504	131.008	138.823	133.888	249.625	251.038	230.806
01:18:00	28.786	15.14	12.367	36.199	37.44	37.583	132.677	137.077	131.141	248.221	246.33	232.766
01:18:30	27.888	14.012	12.208	36.826	39.187	38.294	132.266	139.134	132.939	249.106	250.542	235.045
01:19:00	28.708	14.552	12.049	35.706	39.07	39.386	128.181	139.065	135.053	252.223	251.665	233.805
01:19:30	28.216	15.06	12.84	37.246	36.876	37.214	133.25	136.873	132.601	253.625	247.049	232.377
01:20:00	26.331	14.454	12.243	37.494	38.932	38.169	129.948	138.79	130.243	250.863	247.791	231.782
01:20:30	27.865	14.064	11.847	35.002	38.909	39.364	133.832	138.963	134.316	254.929	252.816	233.156
01:21:00	27.333	14.01	13.014	35.479	36.718	38.004	133.429	138.406	133.289	255.3	246.877	236.05
01:21:30	27.621	14.321	12.174	36.649	37.198	38.175	133.726	138.454	130.162	251.812	252.637	233.697
01:22:00	27.066	13.947	12.463	35.825	38.802	37.613	132.479	139.67	132.854	249.781	253.443	232.507
01:22:30	27.567	13.908	12.154	36.081	36.58	37.557	129.699	138.231	130.353	250.186	252.921	228.977
01:23:00	27.181	14.99	12.404	36.051	37.359	38.098	131.223	136.753	133.44	253.322	248.371	230.914
01:23:30	27.829	14.199	12.709	37.127	37.641	37.995	132.093	137.82	133.818	254.768	249.572	231.972
01:24:00	28.189	13.527	12.782	36.034	36.721	37.3	129.761	138.066	130.893	247.102	253.259	236.208
01:24:30	27.294	14.035	12.673	36.684	36.294	37.952	128.038	137.258	132.747	249.433	248.619	231.559
01:25:00	27.373	13.661	12	36.799	37.627	38.804	133.346	138.116	133.188	253.125	252.622	234.652
01:25:30	26.621	14.639	12.142	36.318	38.11	37.716	129.355	136.416	131.807	251.666	248.107	230.671
01:26:00	26.355	14.723	11.489	35.99	36.922	37.581	133.11	135.882	131.186	249.986	249.565	231.071
01:26:30	25.298	13.074	11.995	36.971	38.05	36.735	130.721	136.628	131.998	253.505	249.018	231.961
01:27:00	26.176	13.932	13.216	37.571	36.856	35.958	133.14	136.908	133.689	249.889	250.99	229.419
01:27:30	27.47	14.306	13.205	35.763	36.108	37.497	130.314	137.772	132.597	245.923	248.119	230.107
01:28:00	25.36	13.854	13.216	35.901	37.037	38.292	131.107	137.335	134.383	249.533	250.752	232.768
01:28:30	26.264	13.32	12.164	35.996	36.133	36.678	133.874	135.868	132.261	248.593	245.316	229.256
01:29:00	25.863	14.605	12.67	35.17	36.724	36.547	129.124	137.184	131.89	248.836	249.455	230.343
01:29:30	26.723	14.723	11.561	36.183	36.381	36.89	132.696	134.727	133.118	247.447	248.504	231.254
01:30:00	25.971	14.163	12.446	34.687	36.676	37.596	131.985	138.702	133.16	248.803	251.127	231.368
01:30:30	26.264	13.965	11.853	35.311	36.04	36.267	131.613	135.086	134.494	253.586	243.499	233.33
01:31:00	26.138	14.128	12.658	35.067	35.624	38.057	130.639	137.01	131.319	252.295	250.501	230.626
01:31:30	25.952	14.507	12.114	33.837	37.389	36.863	131.662	139.365	132.743	252.884	246.92	229.447
01:32:00	25.714	14.08	12.929	35.056	36.292	37.411	129.451	137.641	130.055	250.124	249.216	236.444
01:32:30	26.22	14.471	11.754	35.013	36.021	37.116	128.63	135.92	132.021	252.173	244.238	229.08
01:33:00	25.482	13.411	12.426	36.173	37.352	36.568	131.534	134.916	131.372	253.812	248.724	232.249
01:33:30	25.537	13.576	12.14	36.316	35.294	36.312	130.869	138.353	130.331	248.71	250.039	234.251
01:34:00	24.309	14.16	12.496	36.117	34.641	36.793	132.914	133.12	129.995	251.142	247.718	231.555
01:34:30	24.842	13.528	12.352	35.242	36.691	36.573	130.009	136.116	130.996	250.001	245.371	228.331
01:35:00	25.746	14.896	12.759	34.582	36.264	36.152	130.459	137.856	131.173	245.33	245.926	230.299
01:35:30	25.07	14.126	13.121	36.079	35.774	36.933	131.203	140.162	131.329	248.925	247.59	227.515
01:36:00	24.614	14.324	12.33	34.996	35.801	37.336	131.856	135.148	133.21	250.856	248.246	228.747
01:36:30	24.824	13.586	12.491	35.161	37.071	35.892	130.73	139.261	132.947	251.689	249.757	231.29
01:37:00	25.046	13.394	12.224	34.643	37.18	35.626	129.393	137.835	132.115	250.971	247.207	231.803
01:37:30	23.725	13.944	12.129	35.067	35.421	37.144	127.829	135.768	130.589	250.803	242.624	226.758
01:38:00	24.083	13.617	12.764	36.092	36.906	35.561	131.339	134.5	130.097	248.944	248.264	228.819
01:38:30	25.11	13.935	11.932	33.928	36.217	36.846	130.459	134.558	125.243	245.437	245.75	227.753
01:39:00	24.723	14.601	12.997	34.574	35.491	35.917	130.444	137.162	129.553	247.43	247.368	229.513
01:39:30	24.382	14.062	12.4	34.517	35.978	37.306	130.777	135.317	132.151	252.487	250.042	231.934
01:40:00	24.945	13.301	13.113	33.869	36.084	36.748	129.421	138.306	129.497	244.528	246.753	229.687
01:40:30	23.597	13.55	13.445	35.519	37.57	37.047	129.468	137.518	132.172	249.48	247.289	230.023
01:41:00	24.212	14.971	12.352	34.307	36.365	35.2	130.273	136.308	129.234	252.636	244.871	226.975
01:41:30	24.549	14.316	12.443	34.903	35.472	35.64	131.734	134.779	129.078	247.932	245.094	228.706
01:42:00	24.686	14.344	12.93	34.358	36.605	35.747	132.704	137.756	133.77	247.213	248.58	229.274
01:42:30	23.148	13.762	11.856	36.3	36.451	35.174	132.003	136.451	127.907	248.981	247.879	230.117
01:43:00	24.133	14.038	12.347	34.298	35.147	36.381	132.863	137.008	132.747	250.097	245.022	229.22
01:43:30	23.653	14.081	12.362	34.292	34.739	36.432	131.397	137.541	128.24	247.866	249.556	227.746
01:44:00	24.245	14.142	12.466	34.326	34.602	36.05	130.943	136.999	131.345	249.172	248.663	229.923
01:44:30	23.423	13.786	13.792	33.864	36.596	35.302	131.783	133.378	130.626	249.403	247.59	227.419
01:45:00	24.309	14.005	12.564	35.377	34.714	36.448	127.352	134.722	129.263	247.782	244.104	228.068
01:45:30	22.829	14.103	11.961	34.633	35.885	36.241	128.226	138.728	131.608	247.108	245.885	226.394
01:46:00	23.548	13.121	12.757	34.991	35.934	35.559	130.366	137.9	131.101	251.354	246.053	229.33
01:46:30	23.174	13.361	12.432	34.383	35.72	35.56	129.148	137.29	131.401	249.171	246.473	225.629
01:47:00	23.293	13.127	12.306	35.606	36.242	35.873	131.915	137.384	133.851	249.062	247.91	227.8
01:47:30	23.543	14.491	12.484	34.9	35.388	36.314	128.776	136.598	131.463	249.419	248.756	229.574
01:48:00	22.759	13.781	12.774	34.14	35.497	35.937	130.53	134.704	132.416	249.85	246.305	228.902
01:48:30	24.004	13.789	12.676	35.151	35.999	35.309	130.811	135.332	130.581	250.6	246.387	229.277
01:49:00	22.888	14.011	12.224	34.837	35.218	35.473	130.299	135.315	129.87	247.062	248.656	228.007
01:49:30	22.883	14.178	12.821	34.493	35.421	36.74	130.821	137.19	132.102	247.027	245.554	227.303
01:50:00	23.934	14.504	12.158	33.117	35.262	34.485	129.694	138.098	130.9	248.726	245.545	224.803
01:50:30	23.257	14.552	12.826	33.222	36.536	35.735	130.102	136.182	130.726	247.978	248.094	226.758
01:51:00	22.987	13.358	13.116	34.039	35.815	34.668	129.746	135.408	129.974	245.914	248.202	231.207
01:51:30	23.185	14.226	12.674	34.582	35.013	35.775	131.321	133.566	130.936	246.645	247.436	228.055
01:52:00	23.152	14.852	11.985	35.655	34.392	35.098	131.778	138.193	131.121	246.68	247.901	228.303
01:52:30	22.738	12.833	12.278	34.016	34.544	36.235	130.445	135.709	130.191	245.125	243.382	229.431
01:53:00	23.391	13.93	13.059	34.278	36.213	35.622	128.545	136.694	131.38	247.253	245.773	229.734
01:53:30	23.284	14.349	13.246	34.388	35.607	35.785	130.341	133.837	129.587	249.338	247.669	231.034
01:54:00	22.324	13.573	12.453	35.373	34.818	36.634	134.125	134.893	131.678	250.117	248.325	226.929
01:54:30	23.071	14.246	12.364	34.543	35.496	35.837	131.519	135.362	130.77	250.101	248.079	230.539
01:55:00	22.252	13.529	12.447	33.737	34.352	36.2	130.561	134.782	130.32	251.682	244.325	229.325
01:55:30	22.254	14.331	12.29	33.591	33.957	35.331	129.315	137.923	131.563	247.774	247.52	226.322
01:56:00	22.639	13.061	12.391	33.403	33.572	35.414	131.59	137.564	130.647	250.451	247.414	232.533
01:56:30	22.439	13.511	12.064	35.003	35.656	35.041	129.859	135.467	129.334	249.69	245.681	227.039
01:57:00	22.867	13.28	11.284	33.699	34.563	35.497	127.613	137.832	134.123	246.704	243.368	226.63
01:57:30	23.781	13.943	13.091	33.967	34.933	36.379	129.195	133.93	131.661	249.863	246.224	226.618
01:58:00	22.112	13.476	12.496	34.517	34.908	34.191	127.958	133.189	131.488	244.849	246.492	228.505
01:58:30	22.702	13.307	12.616	32.793	35.383	36.014	130.155	135.493	130.518	247.709	247.962	227.906
01:59:00	22.069	13.466	13.435	33.511	34.848	34.969	130.246	134.103	130.739	245.638	246.839	229.435
01:59:30	22.361	13.493	13.036	32.747	33.961	35.64	128.65	135.122	129.536	247.104	246.99	225.302
02:00:00	22.264	14.028	13.318	34.6	34.833	35.102	129.364	134.469	129.096	248.819	245.918	228.996