Time	25_1	25_2	25_3	50_1	50_2	50_3	100_1	100_2	100_3	150_1	150_2	150_3
00:00:00	68.566	77.895	81.315	132.786	152.49	157.639	254.468	231.636	242.142	356.662	360.767	356.398
00:00:30	72.392	79.641	79.425	124.584	132.568	130.241	243.507	222.261	236.568	347.639	351.098	344.451
00:01:00	66.853	74.847	75.631	114.437	115.878	119.783	234.161	211.613	224.814	331.228	332.018	330.81
00:01:30	63.346	63.816	68.609	109.539	108.977	113.918	222.357	207.867	215.855	325.203	322.905	315.039
00:02:00	58.309	60.507	60.609	105.456	106.468	107.694	220.009	198.098	211.86	316.834	316.128	313.581
00:02:30	56.011	53.717	56.326	101.988	103.919	106.732	208.768	195.209	205.027	313.817	306.388	308.816
00:03:00	53.771	49.557	52.363	99.024	101.145	101.206	204.842	193.284	201.992	307.577	298.846	300.068
00:03:30	50.9	49.566	51.031	95.332	95.196	100.52	201.699	183.427	192.39	306.753	302.934	301.025
00:04:00	48.964	46.878	47.502	94.455	94.351	96.827	197.941	180.247	191.407	298.061	300.531	298.041
00:04:30	45.989	44.175	46.27	92.067	91.912	93.539	189.119	176.806	183.391	299.489	296.216	290.043
00:05:00	45.071	45.507	45.285	88.355	88.765	91.843	186.264	166.471	180.818	295.062	292.911	292.442
00:05:30	42.047	42.888	40.997	86.854	87.96	89.968	182.554	163.489	176.461	294.067	291.479	290.041
00:06:00	40.191	42.255	41.22	84.916	84.874	87.982	172.713	162.044	170.323	294.119	293.66	283.388
00:06:30	39.462	39.567	38.772	83.995	84.146	85.432	170.756	158.195	166.379	290.901	289.95	285.191
00:07:00	37.25	38.071	38.47	80.703	83.611	85.081	166.062	155.724	166.625	289.089	286.441	282.501
00:07:30	36.829	38.037	38.608	81.931	81.359	82.793	163.123	155.105	162.453	291.279	285.708	282.473
00:08:00	36.189	35.882	36.624	80.233	79.38	81.677	162.654	151.76	162.886	286.488	284.59	284.78
00:08:30	35.089	35.279	35.682	80.674	77.866	79.912	162.288	153.152	160.382	288.44	288.507	283.89
00:09:00	33.324	34.305	34.011	74.645	75.633	78.166	158.521	149.856	157.36	284.324	279.761	278.202
00:09:30	33.487	33.266	33.278	76.792	77.573	77.748	159.437	145.632	158.832	284.351	282.204	279.388
00:10:00	32.38	32.084	32.998	75.158	75.467	75.607	157.86	145.417	156.463	284.752	277.023	274.353
00:10:30	30.555	30.712	31.336	74.784	72.564	74.109	154.657	144.569	156.158	278.901	281.54	275.145
00:11:00	30.735	31.155	31.539	70.157	74.09	72.758	154.329	142.412	154.61	284.013	281.12	272.995
00:11:30	30.053	30.53	29.463	71.306	71.42	73.82	153.69	142.694	152.126	282.655	281.289	274.449
00:12:00	28.678	29.912	30.649	69.052	71.034	71.275	150.004	143.057	150.259	279.356	272.508	272.802
00:12:30	28.232	29.105	27.843	68.495	68.421	69.102	149.68	142.15	147.413	278.457	275.955	272.313
00:13:00	27.217	29.096	28.287	67.567	69.005	70.025	149.113	140.125	151.86	276.648	278.991	271.631
00:13:30	26.8	27.874	27.604	66.217	67.25	69.604	147.48	141.392	147.68	273.532	277.308	266.593
00:14:00	25.695	27.05	27.315	67.733	68.204	66.751	146.135	140.941	150.203	277.169	275.043	269.846
00:14:30	26.756	26.989	26.776	63.211	64.266	65.975	146.763	137.282	144.618	275.291	271.786	267.082
00:15:00	25.235	25.945	26.269	65.303	64.586	66.293	145.395	139.406	145.946	274.781	276.524	268.184
00:15:30	24.024	25.581	25.693	62.441	63.417	64.414	145.443	138.868	146.641	271.508	275.08	264.11
00:16:00	24.917	25.087	26.314	61.406	63.041	65.246	144.416	136.961	145.242	271.95	277.508	268.039
00:16:30	24.936	26.085	24.618	60.694	61.661	63.674	144.662	138.006	145.47	272.687	273.536	269.699
00:17:00	24.361	24.64	24.892	61.631	59.344	61.348	142.954	135.382	140.977	275.89	271.519	266.706
00:17:30	24.449	22.613	24.391	59.491	59.53	62.09	144.3	132.624	142.01	271.812	270.71	263.832
00:18:00	22.537	23.994	23.692	58.216	59.435	60.438	143.626	133.004	142.886	276.831	276.039	263.294
00:18:30	22.667	23.255	24.149	58.677	58.141	59.194	142.978	134.881	142.845	268.028	273.734	266.346
00:19:00	22.688	22.703	22.789	58.861	56.183	59.569	140.406	132.929	142.203	273.023	271.261	264.983
00:19:30	22.419	21.997	23.422	55.916	57.325	59.482	142.607	134.599	143.127	270.344	271.898	262.648
00:20:00	20.696	21.955	22.31	57.915	57.192	57.895	142.341	134.306	142.941	269.4	270.184	263.498
00:20:30	21.666	22.071	22.669	55.19	54.924	55.154	141.244	132.818	142.147	271.662	269.285	260.303
00:21:00	20.4	21.826	22.135	55.823	53.499	55.794	140.975	132.358	141.55	268.98	268.227	259.712
00:21:30	20.698	21.054	21.642	54.411	53.687	54.16	140.173	132.144	140.336	269.843	269.937	262.513
00:22:00	20.537	21.544	21.555	53.089	53.496	52.489	137.684	132.024	140.049	267.239	266.048	264.017
00:22:30	19.685	20.602	22.257	53.516	53.697	54.54	140.297	129.897	140.768	271.66	268.861	260.908
00:23:00	20.789	20.496	20.519	52.561	52.753	52.894	139.303	128.225	137.982	267.244	269.427	259.224
00:23:30	19.157	21.478	20.583	53.569	53.175	55.286	139.44	127.796	140.331	270.069	268.01	260.312
00:24:00	20.137	19.88	20.436	51.049	51.527	53.128	141.304	129.909	139.426	267.436	268.035	259.257
00:24:30	20.381	20.489	20.33	52.831	52.482	52.382	139.732	128.518	138.82	264.471	265.449	261.583
00:25:00	19.452	20.253	20.16	50.892	54.007	51.476	138.071	131.861	139.101	268.336	266.849	259.889
00:25:30	19.792	19.391	19.76	50.641	52.264	49.943	136.767	131.733	141.807	271.567	271.082	260.197
00:26:00	17.933	19.531	20.405	49.689	49.311	51.5	136.482	128.398	140.199	268.516	263.835	261.492
00:26:30	18.973	19.065	19.575	49.089	50.067	52.746	137.725	129.659	135.259	267.795	267.194	259.992
00:27:00	19.128	20.062	18.86	49.985	50.374	50.19	134.504	132.508	138.775	269.448	266.824	261.987
00:27:30	18.275	18.872	18.789	49.255	49.941	49.814	137.319	129.47	137.107	261.4	265.398	261.682
00:28:00	17.999	19.462	18.382	49.167	49.957	50.401	136.911	128.086	136.016	264.81	261.453	257.138
00:28:30	17.658	18.503	18.243	48.809	48.37	49.878	135.268	130.092	139.066	268.481	265.998	259.199
00:29:00	18.604	19.703	20.152	49.836	49.288	49.697	137.161	129.615	135.467	268.216	266.257	258.118
00:29:30	17.885	18.838	18.082	48.473	48.499	49.078	138.745	128.89	136.32	264.252	264.856	259.93
00:30:00	17.326	18.699	18.96	49.241	47.44	49.332	135.945	129.448	136.784	264.295	261.848	256.335
00:30:30	17.827	17.872	19.298	46.488	48.895	47.27	133.394	127.695	135.623	264.151	263.066	259.718
00:31:00	16.793	18.371	18.77	46.276	48.201	49.591	136.433	127.873	137.118	266.772	264.589	260.87
00:31:30	16.855	18.709	18.411	46.6	45.931	46.636	136.987	126.082	135.342	267.032	265.036	252.661
00:32:00	17.188	17.785	18.126	47.28	48.489	45.875	137.57	125.498	136.343	268.215	264.374	260.657
00:32:30	17.168	17.738	17.816	46.782	47.293	46.64	136.982	126.47	135.627	263.546	266.527	260.744
00:33:00	17.245	16.734	18.204	47.294	47.321	46.772	132.291	127.851	133.515	262.015	260.243	256.716
00:33:30	17.383	17.594	18.335	48.068	46.473	45.677	133.941	128.047	138.833	268.798	264.464	257.485
00:34:00	16.358	17.557	17.716	47.853	47.184	45.477	134.414	125.941	136.686	266.52	261.524	257.615
00:34:30	16.507	18.124	18.193	48.333	47.283	45.633	136.282	129.306	137.98	263.652	266.476	261.042
00:35:00	16.976	16.842	16.955	45.747	46.449	44.429	135.304	126.597	134.592	265.49	263.862	256.555
00:35:30	16.789	15.64	16.987	45.69	44.58	45.957	134.413	126.661	136.5	268.445	263.974	257.65
00:36:00	15.593	17.26	17.913	46.618	45.128	44.777	136.195	124.293	136.612	264.589	264.396	258.523
00:36:30	16.948	16.684	16.651	44.918	45.537	44.579	131.945	126.141	133.76	261.079	261.374	254.505
00:37:00	15.627	17.653	16.748	45.614	45.13	44.89	134.078	126.789	133.758	264.605	263.448	251.758
00:37:30	15.511	16.804	16.688	44.997	44.094	43.304	132.768	126.207	132.864	259.895	261.692	256.804
00:38:00	16.975	16.486	16.964	44.832	44.74	44.449	135.841	127.015	134.247	262.339	262.389	255.857
00:38:30	15.639	16.763	17.825	44.988	46.51	44.43	132.258	124.548	134.056	264.131	266.696	256.918
00:39:00	16.393	17.091	16.608	44.474	44.294	43.647	134.339	124.978	135.117	261.561	259.151	252.563
00:39:30	15.541	16.82	16.599	44.559	45.76	43.079	131.256	126.431	134.117	261.968	262.081	258.028
00:40:00	15.691	16.736	16.18	44.058	44.557	42.575	133.752	125.768	134.774	263.043	262.837	252.218
00:40:30	16.274	17.373	16.7	45.545	46.04	44.915	132.959	124.027	133.958	265.214	261.733	252.058
00:41:00	16.149	16.38	17.039	42.845	44.373	42.907	132.489	126.495	133.645	265.438	262.373	256.676
00:41:30	16.202	15.918	16.837	43.717	43.096	43.587	131.618	123.575	134.52	262.457	258.59	251.506
00:42:00	15.694	15.396	17.049	43.54	45.018	42.57	132.832	121.689	132.803	261.734	259.307	250.693
00:42:30	16.025	15.728	16.959	44.252	43.956	42.24	132.815	124.402	134.691	263.159	266.66	255.489
00:43:00	15.6	16.304	16.523	43.713	44.327	43.154	132.3	123.013	131.703	261.872	262.077	254.553
00:43:30	15.692	16.346	16.24	44.198	44.219	41.087	132.393	126.843	134.065	261.1	264.443	254.567
00:44:00	15.331	16.435	16.115	44.849	43.153	42.035	133.471	125.097	133.873	257.588	261.576	254.988
00:44:30	15.831	15.427	16.473	42.953	42.421	40.816	131.042	126.594	130.63	260.386	259.189	254.872
00:45:00	16.199	16.26	15.875	44.352	40.598	41.632	132.196	124.31	130.397	261.805	262.232	256.156
00:45:30	16.177	15.553	16.207	42.363	43.031	40.917	131.699	124.888	130.771	259.62	258.187	254.254
00:46:00	16.309	15.255	16.198	42.058	41.945	40.372	131.626	122.262	132.608	259.306	261.579	253.831
00:46:30	15.916	16.06	16.342	42.047	42.693	41.584	130.655	123.874	130.495	262.013	261.536	251.803
00:47:00	15.031	15.631	14.88	42.535	44.333	41.663	132.271	124.594	133.066	262.147	262.412	252.115
00:47:30	15.193	15.469	16.094	40.96	42.247	41.125	129.997	125.399	134.731	259.317	260.635	252.286
00:48:00	15.18	15.398	15.563	43.052	42.627	40.486	130.755	123.413	134.308	261.669	259.197	253.388
00:48:30	15.464	15.587	14.859	42.014	41.284	41.777	131.838	124.046	132.267	262.314	258.347	256.324
00:49:00	14.466	16.148	16.606	41.947	42.331	41.237	133.321	124.581	128.879	261.694	258.143	251.54
00:49:30	15.541	16.352	15.132	41.199	42.665	40.772	133.823	124.913	132.262	259.101	259.186	253.023
00:50:00	15.396	15.79	15.351	41.064	40.499	40.867	133.115	124.42	132.855	260.703	261.108	253.674
00:50:30	15.674	15.96	15.086	42.361	41.987	41.119	130.546	122.951	130.035	256.419	257.632	251.303
00:51:00	14.974	15.639	15.55	40.244	42.727	41.04	129.357	121.379	131.989	259.879	258.182	253.268
00:51:30	15.534	14.568	14.62	40.881	41.612	40.17	130.26	123.347	130.308	260.419	259.535	251.858
00:52:00	15.74	15.859	15.56	42.021	40.993	40.337	132.596	124.512	132.771	256.933	260.745	251.979
00:52:30	14.913	14.902	15.169	40.125	40.267	38.489	130.759	122.846	131.199	261.842	258.205	252.073
00:53:00	15.21	14.574	14.906	40.811	43.017	41.496	129.314	124.456	132.704	254.764	254.021	255.119
00:53:30	14.844	15.027	15.14	39.963	41.305	40.526	131.549	123.934	130.726	257.328	257.18	255.427
00:54:00	14.407	14.932	14.588	40.541	42.117	38.724	132.323	120.053	131.562	257.704	257.346	250.187
00:54:30	14.63	15.578	15.587	41.074	41.801	40.085	131.178	123.759	131.306	261.561	257.848	255.097
00:55:00	15.193	15.767	15.312	39.374	40.769	39.545	129.073	120.436	133.31	257.184	258.858	251.924
00:55:30	15.178	15.716	14.773	39.105	41.535	40.987	130.694	121.892	130.433	260.858	261.851	249.653
00:56:00	14.649	15.592	15.97	39.379	41.098	38.75	130.775	122.338	131.891	259.306	259.074	250.264
00:56:30	15.008	15.681	16.158	38.889	40.475	40.187	131.659	122.638	133.021	255.871	257.779	249.956
00:57:00	14.398	15.047	15.769	39.536	41.148	39.175	129.794	122.905	130.564	258.874	258.094	248.066
00:57:30	14.512	15.02	15.315	38.872	42.071	39.534	129.126	124.579	132.477	256.399	260.921	250.739
00:58:00	14.203	14.926	14.837	39.185	40.466	40.704	129.374	122.334	130.704	255.79	254.098	249.332
00:58:30	14.509	15.191	15.191	38.141	39.532	38.596	130.352	120.338	130.065	259.345	257.814	248.026
00:59:00	15.012	14.921	15.322	39.168	40.61	39.67	127.808	122.654	132.705	257.582	258.877	251.683
00:59:30	13.96	14.63	14.428	40.021	41.509	40.261	128.947	122.143	129.832	258.474	257.96	252.847
01:00:00	14.108	15.452	14.831	38.393	40.768	38.576	127.702	121.914	129.059	257.684	260.77	249.171
01:00:30	14.775	14.811	16.468	38.387	40.721	38.442	131.145	124.147	131.328	257.03	260.68	254.55
01:01:00	14.777	14.916	15.089	38.572	40.301	39.02	128.246	122.369	131.526	257.562	258.256	248.279
01:01:30	14.51	15.051	14.914	37.389	39.965	37.936	128.97	123.107	129.379	258.617	260.621	254.259
01:02:00	14.504	14.336	15.414	37.821	40.473	39.694	129.474	121.582	132.105	256.151	259.465	251.857
01:02:30	14.048	14.492	14.713	39.045	40.281	38.485	131.53	121.756	131.083	257.093	260.488	250.759
01:03:00	13.534	15.154	15.018	38.399	40.367	38.372	129.767	124.373	130.942	259.82	259.934	253.404
01:03:30	15.368	14.593	13.775	36.529	40.4	37.446	128.413	121.885	130.32	255.513	255.017	252.234
01:04:00	13.848	14.123	15.054	37.632	39.55	38.102	127.188	121.376	128.316	256.333	258.291	251.338
01:04:30	14.758	14.306	14.694	38.507	40.033	37.503	127.892	119.812	128.343	257.417	254.392	250.416
01:05:00	13.597	14.036	14.862	37.859	39.598	37.488	131.985	121.156	130.851	258.693	259.452	248.116
01:05:30	13.94	14.025	14.176	37.183	39.827	38.724	128.355	122.578	129.674	259.209	259.049	252.88
01:06:00	14.561	14.783	15.151	37.328	39.694	37.505	128.335	121.465	130.668	256.606	258.217	249.418
01:06:30	14.145	15.008	14.057	37.259	39.998	37.521	128.154	122.881	130.7	256.86	255.637	251.76
01:07:00	14.185	13.714	14.695	35.374	39.246	38.398	129.061	120.997	132.834	256.138	254.64	247.54
01:07:30	14.505	14.44	14.879	36.114	40.538	38.698	129.807	120.382	129.435	256.147	259.752	248.767
01:08:00	14.698	14.399	15.786	36.811	40.616	38.63	126.886	121.112	129.171	254.613	258.842	250.956
01:08:30	14.606	14.048	14.589	36.569	40.23	38.193	129.571	122.03	128.945	257.271	260.622	250.691
01:09:00	13.648	14.919	14.778	36.753	39.197	37.72	129.366	120.261	129.537	256.339	256.34	249.931
01:09:30	13.439	14.355	15.324	38.231	39.215	36.845	129.601	121.999	130.325	255.403	258.546	251.202
01:10:00	13.931	14.036	14.299	37.327	39.414	37.267	128.442	121.996	127.534	256.441	253.214	247.178
01:10:30	14.591	14.827	13.613	36.665	40.869	37.285	129.428	120.614	129.863	258.074	258.4	248.155
01:11:00	14.776	14.092	13.561	36.045	39.773	37.388	125.966	120.858	128.386	255.224	258.278	246.944
01:11:30	14.381	14.026	14.847	36.122	37.734	36.946	130.084	119.836	127.458	255.52	255.627	247.925
01:12:00	14.301	13.549	13.719	35.528	38.893	37.098	127.751	120.888	131.023	257.824	259.675	249.364
01:12:30	13.997	14.252	14.571	37.399	39.207	37.632	128.408	120.376	131.569	258.385	255.243	246.717
01:13:00	13.477	14.051	14.375	37.15	39.602	37.924	128.182	122.13	130.419	255.939	257.082	246.9
01:13:30	15.284	14.672	14.718	36.604	39.545	37.299	127.671	121.833	130.095	258.355	257.436	253.418
01:14:00	13.504	14.663	14.411	35.873	38.629	36.645	128.245	122.668	127.635	254.286	263.821	250.801
01:14:30	14.899	14.559	14.738	36.858	37.904	37.552	128.927	121.554	130.109	255.605	260.401	250.395
01:15:00	14.157	14.104	14.256	36.681	40.343	36.93	129.653	120.27	129.524	255.808	261.415	250.235
01:15:30	13.839	14.246	14.688	36.918	39.772	37.794	129.897	120.61	128.714	255.946	255.175	243.759
01:16:00	14.824	15.184	14.56	35.913	39.15	37.322	129.371	121.533	128.027	257.648	254.372	250.959
01:16:30	13.673	14.653	15.051	35.738	39.397	36.757	130.237	122.528	127.482	256.382	257.714	245.905
01:17:00	14.748	14.338	15.637	35.652	39.654	37.795	128.055	122.291	129.783	257.162	258.947	250.736
01:17:30	14.088	14.247	14.866	36.252	38.895	36.292	129.629	122.659	129.798	256.445	257.633	248.467
01:18:00	14.552	13.795	14.265	35.228	37.512	36.327	127.872	119.562	130.58	260.33	256.779	249.861
01:18:30	13.282	13.895	14.63	35.78	38.549	37.892	128.531	119.433	130.885	253.511	255.549	246.523
01:19:00	13.912	13.779	14.178	34.28	38.581	37.771	126.66	122.524	127.793	253.92	253.16	251.586
01:19:30	13.719	14.149	14.577	36.908	38.083	37.471	130.501	120.347	127.636	255.67	252.426	248.712
01:20:00	14.008	13.549	15.852	34.712	38.132	37.383	126.694	122.522	128.468	254.298	255.196	245.351
01:20:30	14.37	15.026	14.159	34.805	38.956	37.639	128.84	121.938	130.563	258.392	255.647	250.978
01:21:00	14.26	13.772	14.945	35.715	37.758	37.17	127.304	118.877	129.379	256.94	255.558	247.335
01:21:30	14.399	14.567	13.798	36.23	38.653	37.498	129.008	121.752	129.014	257.439	255.639	245.42
01:22:00	14.569	14.836	14.077	36.068	37.008	36.92	128.476	120.262	128.407	255.685	252.576	245.242
01:22:30	14.193	13.593	14.599	34.696	38.511	35.854	128.908	120.767	128.3	254.968	255.928	245.874
01:23:00	13.936	13.561	14.643	35.547	37.896	37.559	128.219	122.09	128.787	254.64	256.452	247.791
01:23:30	14.02	16.416	14.277	36.226	39.136	36.932	129.194	121.923	132.181	256.965	257.012	250.318
01:24:00	14.166	14.218	14.217	37.05	38.304	37.136	127.775	119.906	131.307	254.054	255.139	249.709
01:24:30	14.34	14.566	14.535	35.237	39.928	36.445	129.171	119.825	128.937	258.11	258.453	249.188
01:25:00	13.788	13.801	14.751	36.264	37.436	36.719	127.364	121.247	128.765	254.968	255.445	246.952
01:25:30	13.987	13.437	14.976	35.813	38.542	38.155	125.417	120.921	129.826	256.61	259.878	250.69
01:26:00	14.018	14.478	15.574	35.409	38.408	36.702	128.634	118.724	127.866	255.513	255.103	248.41
01:26:30	14.493	14.708	14.746	36.253	39.389	36.911	129.642	120.043	130.817	254.698	259.641	248.954
01:27:00	13.729	14.625	14.363	36.385	36.591	37.43	125.004	118.653	127.979	256.148	258.716	248.655
01:27:30	14.029	13.65	15.194	35.298	37.544	37.043	128.913	123.02	130.652	256.012	256.143	248.772
01:28:00	14.722	14.788	14.844	34.978	36.996	36.642	128.293	122.116	128.067	256.991	255.647	246.717
01:28:30	14.209	13.509	13.895	35.668	39.591	35.421	132.099	118.615	129.49	255.278	257.294	247.151
01:29:00	13.494	13.892	13.757	36.217	39.712	36.561	126.134	120.71	127.48	255.757	254.223	249.222
01:29:30	13.812	13.883	13.901	36.549	38.142	36.257	129.407	118.908	129.403	254.504	254.644	249.127
01:30:00	13.626	13.467	15.238	36.523	38.98	36.596	127.66	120.035	130.396	256.11	259.691	249.062
01:30:30	13.711	14.461	13.75	34.941	39.065	36.151	127.741	119.171	128.828	254.329	254.883	246.37
01:31:00	14.114	14.241	13.978	35.39	38.623	37.079	126.413	118.958	127.102	253.897	256.095	247.144
01:31:30	13.76	13.668	14.511	35.833	37.28	37.657	129.034	119.381	128.104	254.546	253.786	247.102
01:32:00	14.682	14.452	14.206	36.597	38.508	36.816	129.803	118.765	128.656	253.648	252.353	248.18
01:32:30	13.969	14.001	14.355	35.842	38.789	36.456	129.457	120.8	130.632	251.772	254.662	246.401
01:33:00	14.877	14.605	14.628	35.701	37.89	35.77	127.307	119.017	129.521	253.851	248.806	247.041
01:33:30	13.713	14.368	15.197	35.612	37.565	34.572	126.32	117.621	130.028	250.384	255.261	245.078
01:34:00	14.636	13.877	15.081	34.791	37.24	36.562	127.163	121.23	132.188	254.334	259.081	248.003
01:34:30	13.571	14.649	14.706	35.247	39.298	36.048	127.322	119.374	128.905	253.208	255.76	242.521
01:35:00	13.27	14.239	14.255	36.15	38.885	34.991	125.017	122.51	130.991	257.064	254.424	248.197
01:35:30	14.098	14.699	15.024	35.004	39.611	35.021	126.813	118.821	130.185	258.069	250.862	249.232
01:36:00	13.934	13.245	13.679	34.033	37.587	35.685	129.562	122.121	127.504	257.498	253.879	247.254
01:36:30	14.925	15.286	14.968	36.527	37.671	36.153	128.929	120.45	128.625	257.648	259.099	246.332
01:37:00	14.127	13.79	14.625	35.869	38.214	36.203	127.13	121.717	128.927	252.982	256.851	251.051
01:37:30	13.006	13.783	13.922	35.195	37.513	37.043	128.39	120.386	127.72	253.159	256.054	247.087
01:38:00	14.07	14.178	13.856	35.562	38.731	35.943	125.504	120.999	127.366	252.573	252.377	246.076
01:38:30	13.994	13.793	14.395	35.708	38.401	36.511	126.186	119.477	128.965	256.799	254.089	250.245
01:39:00	13.25	14.167	14.671	35.457	37.963	36.009	128.108	118.706	126.437	252.911	253.694	245.606
01:39:30	14.315	14.909	14.533	34.787	37.847	35.008	128.805	120.544	128.961	255.075	255.096	245.389
01:40:00	14.034	13.729	14.178	35.714	37.015	35.764	129.082	120.993	129.58	253.733	252.064	247.036
01:40:30	14.222	15.497	13.342	35.854	37.642	35.927	127.926	119.523	126.493	254.133	254.889	249.656
01:41:00	13.704	15.358	14.892	35.416	38.623	36.535	128.559	118.07	130.319	259.743	253.438	249.736
01:41:30	13.776	14.477	14.026	35.031	38.112	36.108	127.987	119.662	128.843	254.215	256.579	248.559
01:42:00	13.762	14.2	13.315	35.484	36.469	34.921	127.014	121.219	128.781	253.109	255.327	246.497
01:42:30	13.756	14.27	14.827	35.302	38.898	35.548	126.341	118.211	126.743	253.045	250.662	243.604
01:43:00	14.144	14.858	13.93	34.221	37.443	35.792	127.82	121.32	127.79	252.794	252.839	246.85
01:43:30	14.805	14.244	14.681	38.125	36.517	34.135	128.671	118.548	129.874	255.637	256.476	246.64
01:44:00	14.7	14.054	14.752	34.684	37.218	35.945	125.829	122.146	127.459	252.169	254.03	244.765
01:44:30	13.816	13.82	14.548	35.558	38.248	37.299	125.592	122.036	130.561	250.996	254.627	244.36
01:45:00	14.171	13.846	13.922	35.006	36.281	35.409	126.144	119.124	125.718	254.818	250.818	243.663
01:45:30	13.723	14.485	14.384	34.76	37.182	34.989	127.837	119.97	129.475	254.24	255.511	243.394
01:46:00	14.675	14.667	14.835	33.685	37.532	35.609	125.903	119.142	126.675	253.873	254.444	242.419
01:46:30	14.395	13.837	14.596	35.446	37.222	36.417	126.714	120.715	129.19	253.81	253.761	245.083
01:47:00	14.456	14.365	15.424	35.531	36.519	35.847	127.548	119.498	125.879	253.737	254.245	245.499
01:47:30	14.349	13.823	14.531	33.703	37.49	35.132	125.845	119.429	128.936	250.123	251.676	244.207
01:48:00	13.89	15.22	15.022	35.657	37.148	34.747	126.19	121.908	125.341	255.213	251.704	242.07
01:48:30	14.447	13.787	14.757	36.689	38.552	33.555	127.951	119.474	128.305	253.572	255.448	246.993
01:49:00	14.153	13.871	15.304	35.814	36.987	34.367	127.258	119.662	126.8	255.77	251.231	244.94
01:49:30	14.114	14.419	14.881	35.474	36.676	35.705	130.817	120.336	130.259	253.819	254.487	241.729
01:50:00	14.016	14.314	13.983	34.98	38.723	35.195	125.002	120.037	125.28	250.026	253.112	244.372
01:50:30	14.176	14.029	14.244	34.788	37.842	35.4	130.346	121.96	127.99	253.799	255.957	244.034
01:51:00	13.473	15.332	13.811	34.146	37.33	35.999	129.568	116.95	128.542	254.594	253.84	238.445
01:51:30	14.089	14.878	14.581	35.523	37.609	35.014	130.936	121.263	126.857	252.371	253.074	249.863
01:52:00	14.189	14.316	13.718	33.751	37.248	34.878	124.918	119.286	127.922	252.979	254.407	242.213
01:52:30	13.755	14.766	13.783	36.024	37.263	35.382	128.062	119.961	124.971	252.161	254.933	245.45
01:53:00	14.987	14.604	13.863	34.918	37.979	36.413	129.168	120.927	129.385	252.832	255.731	243.477
01:53:30	14.245	14.418	15.141	35.277	37.867	35.748	126.557	117.71	128.378	248.872	253.773	246.21
01:54:00	14.757	14.095	14.761	35.265	39.623	37.15	126.079	118.952	128.972	253.355	253.625	242.157
01:54:30	14.716	14.685	13.898	35.362	38.382	36.098	126.831	119.388	125.902	253.056	252.272	242.687
01:55:00	14.598	14.208	14.747	35.35	36.341	35.671	127.457	119.721	130.189	256.306	254.895	244.573
01:55:30	13.646	14.72	14.859	34.562	38.709	36.08	127.538	119.905	127.355	251.563	250.912	240.983
01:56:00	14.135	13.89	14.177	34.942	38.246	36.767	125.253	118.767	130.679	254.485	254.65	243.027
01:56:30	14.151	14.228	13.872	33.66	36.386	35.656	128.166	117.375	125.915	252.833	250.746	244.796
01:57:00	13.856	14.248	14.741	34.06	37.91	35.054	125.024	118.586	129.726	250.122	251.202	242.574
01:57:30	14.689	14.191	15.12	36.138	37.826	35.94	127.595	117.674	126.294	250.499	254.398	245.372
01:58:00	14.498	14.151	14.765	34.022	37.603	37.294	128.075	121.881	130.995	251.544	253.113	245.796
01:58:30	14.247	14.77	14.756	36.723	36.081	35.972	127.081	119.99	126.287	249.517	251.14	244.26
01:59:00	12.869	14.186	14.583	34.452	36.401	35.632	127.988	117.582	125.945	250.572	249.703	244.094
01:59:30	14.11	14.549	14.038	35.666	38.384	36.926	126.803	120.014	127.14	253.487	246.223	244.444
02:00:00	14.791	15.166	14.526	35.454	38.659	34.864	127.582	120.271	129.063	251.094	254.006	246.856