Time	25_1	25_2	25_3	50_1	50_2	50_3	100_1	100_2	100_3	150_1	150_2	150_3
00:00:00	65.095	68.376	65.281	145.487	131.515	134.637	253.657	251.823	257.528	375.23	371.487	372.072
00:00:30	68.205	65.015	63.801	132.969	126.761	127.27	251.76	240.204	255.773	371.338	357.655	365.523
00:01:00	61.36	60.408	59.937	124.333	123.939	122.265	244.738	230.027	239.578	351.533	342.219	348.062
00:01:30	58.514	56.809	58.948	116.362	120.26	121.04	231.693	225.056	231.759	349.949	331.979	341.796
00:02:00	55.943	56.376	55.987	114.438	115.713	114.132	221.762	217.869	222.207	337.417	323.271	328.188
00:02:30	51.284	53.642	52.278	110.089	109.829	110.004	215.253	206.139	216.736	329.644	316.13	319.702
00:03:00	50.226	51.674	51.402	106.151	108.126	106.218	208.616	200.574	208.937	324.012	316.032	316.052
00:03:30	49.894	48.593	49.181	103.457	105.882	104.431	199.712	193.535	205.429	328.434	312.156	318.3
00:04:00	46.342	48.743	48.501	100.973	100.05	100.465	199.194	185.905	201.614	320.345	309.45	305.624
00:04:30	46.136	46.747	45.34	98.084	100.05	98.839	194.378	184.818	193.806	321.887	305.006	303.811
00:05:00	43.228	46.072	44.001	93.417	97.371	95.592	187.768	175.656	193.031	317.569	301.945	300.07
00:05:30	42.72	44.158	43.825	94.674	95.926	93.316	186.215	175.784	188.063	313.662	301.358	299.696
00:06:00	39.661	43.538	41.459	91.599	94.751	91.762	183.847	173.815	186.526	308.972	299.053	296.525
00:06:30	38.44	41.209	39.603	89.559	93.998	91.217	184.178	172.427	185.67	313.183	298.629	301.002
00:07:00	38.916	38.936	40.009	86.63	90.53	88.678	177.89	169.348	182.543	309.682	296.787	298.602
00:07:30	37.522	37.759	36.368	86.338	87.441	87.013	174.961	165.367	182.537	307.261	294.481	299.521
00:08:00	37.372	39.681	37.178	82.836	88.626	86.914	175.467	167.334	182.947	306.132	294.64	296.762
00:08:30	35.402	39.162	35.765	82.676	86.282	83.618	175.178	162.148	181.259	307.962	291.236	297.24
00:09:00	34.781	35.745	34.494	81.954	83.663	82.334	174.172	161.621	178.849	305.677	288.558	292.836
00:09:30	33.4	37.128	33.826	80.12	82.759	81.921	171.324	165.393	175.712	302.548	291.039	293.82
00:10:00	34.215	35.138	33.827	79.745	81.153	82.192	168.864	160.154	175.95	303.703	291.682	293.366
00:10:30	32.401	34.671	32.515	76.716	80.839	78.642	168.953	159.42	173.888	304.623	291.222	289.612
00:11:00	32.018	33.377	32.396	77.843	81.516	78.156	166.637	158.146	177.162	304.654	286.386	288.025
00:11:30	31.781	34.318	30.527	77.274	79.49	78.994	167.902	154.901	174.59	298.31	289.917	286.785
00:12:00	30.324	33.426	31.288	75.182	77.583	79.282	165.022	157.151	172.18	300.363	287.669	284.643
00:12:30	29.658	32.464	28.725	73.115	78.196	74.604	167.443	158.917	172.674	297.612	283.496	287.714
00:13:00	29.386	33.193	28.92	71.855	75.143	75.974	162.902	157.033	172.842	300.417	286.477	285.493
00:13:30	29.154	30.932	28.808	74.324	77.203	73.884	166.739	152.901	170.479	298.866	287.47	287.394
00:14:00	29.088	30.568	28.307	70.747	72.976	70.496	164.412	154.617	172.175	297.931	285.219	286.952
00:14:30	28.025	29.83	28.906	69.615	71.302	70.379	164.727	153.958	165.951	295.248	280.012	283.638
00:15:00	26.709	30.149	27.198	68.576	69.739	70.242	161.735	154.868	168.61	297.524	281.064	282.839
00:15:30	26.76	29.888	26.653	68.927	69.873	69.79	164.713	153.169	166.061	301.665	280.202	278.939
00:16:00	26.636	28.835	27.187	67.057	71.062	67.073	162.527	151.909	164.152	298.702	285.622	283.584
00:16:30	27.177	29.591	26.453	65.607	68.35	68.824	161.505	152.609	165.977	290.65	283.168	281.203
00:17:00	25.264	28.366	25.887	66.207	66.41	65.869	162.095	150.604	166.09	292.052	283.77	283.772
00:17:30	24.397	28.118	25.023	65.063	67.053	65.463	158.302	150.954	166.111	293.301	277.041	281.48
00:18:00	24.267	27.867	26.222	66.702	67.789	64.218	160.848	150.66	164.446	289.732	279.926	280.425
00:18:30	25.721	27.305	24.857	62.663	65.756	63.721	158.4	150.245	163.465	290.355	278.934	281.549
00:19:00	25.147	27.701	25.196	62.978	65.119	62.16	160.626	150.11	160.606	293.277	277.596	275.876
00:19:30	24.424	27.25	24.154	61.913	63.856	64.723	158.889	151.716	164.223	291.073	274.513	276.031
00:20:00	23.355	26.853	23.727	61.095	62.923	63.327	159.983	148.54	164.195	293.955	281.803	276.775
00:20:30	23.813	27.475	24.399	60.063	63.952	63.188	155.122	149.15	163.438	291.643	276.985	279.143
00:21:00	23.99	26.985	22.522	60.511	62.56	62.518	159.327	148.049	163.016	289.628	279.337	274.773
00:21:30	21.814	25.206	22.305	57.827	60.123	61.067	161.903	147.412	161.916	291.434	272.905	277.104
00:22:00	23.057	25.893	23.415	59.146	61.263	59.293	158.409	148.475	162.76	292.497	273.803	277.715
00:22:30	22.833	25.959	22.957	57.653	62.103	59.651	156.081	147.569	161.305	290.085	276.705	277.766
00:23:00	22.069	24.525	22.486	58.406	59.435	59.33	155.562	145.953	160.625	287.031	277.565	279.904
00:23:30	22.5	25.299	21.484	56.538	61.184	58.123	157.028	148.824	160.167	287.721	280.214	274.716
00:24:00	22.61	24.073	21.695	59.046	60.275	57.2	159.144	148.25	161.659	291.799	276.887	279.615
00:24:30	22.805	23.342	20.946	56.263	59.376	57.391	153.391	144.598	161.159	286.636	274.617	272.893
00:25:00	22.954	24.894	21.394	56.492	57.538	55.927	152.977	143.284	160.297	288.273	273.479	277.249
00:25:30	20.905	23.63	21	56.783	57.861	56.085	156.978	144.308	158.99	287.857	272.8	278.344
00:26:00	21.207	23.091	21.204	55.09	56.933	56.802	156.77	146.197	162.423	286.869	274.134	274.245
00:26:30	21.176	23.272	21.508	55.225	55.749	56.978	153.183	144.861	157.895	290.858	275.526	277.202
00:27:00	21.16	22.999	21.434	54.602	57.404	56.929	156.303	143.531	159.596	288.371	273.631	274.744
00:27:30	21.514	23.057	21.46	54.71	56.009	57.86	153.613	148.557	158.855	285.801	275.608	277.817
00:28:00	20.561	22.383	20.664	53.846	55.996	55.555	154.421	143	159.325	288.968	275.316	275.761
00:28:30	20.197	23.366	19.932	52.618	55.047	54.649	156.493	142.58	156.854	288.829	275.075	275.586
00:29:00	21.379	22.402	19.216	53.493	55.225	54.822	154.441	143.086	156.068	287.927	273.909	272.406
00:29:30	19.823	20.29	19.883	53.349	56.862	55.004	152.947	142.597	158.193	286.99	274.23	270.791
00:30:00	18.95	21.451	19.439	52.431	54.216	54.414	152.321	142.986	159.602	287.933	274.12	273.576
00:30:30	19.547	22.023	20.343	52.153	54.665	56.628	153.548	141.819	158.306	289.008	273.648	276.903
00:31:00	20.331	22.327	19.56	53.515	55.601	55.151	152.34	144.308	156.947	285.951	274.061	275.753
00:31:30	19.287	20.993	19.969	52.532	54.831	54.968	154.263	142.413	160.083	290.032	275.329	275.186
00:32:00	20.049	21.984	19.682	50.492	54.872	53.989	153.937	140.168	156.045	286.515	275.231	273.816
00:32:30	19.37	21.327	19.77	51.714	53.865	52.7	151.222	142.762	156.409	284.87	272.495	275.671
00:33:00	18.35	20.572	18.562	51.41	54.71	54.402	151.656	143.932	157.486	283.103	273.382	269.256
00:33:30	18.296	20.864	20.323	51.235	52.945	53.316	154.479	143.569	155.764	283.685	272.26	272.176
00:34:00	19.136	20.756	18.876	49.708	53.927	52.536	153.277	144.269	160.292	288.181	279.569	277.413
00:34:30	18.257	19.908	18.281	49.562	55.289	53.136	154.878	141.383	158.505	287.077	274.16	269.743
00:35:00	18.355	22.154	18.751	49.65	55.147	51.88	151.897	144.694	158.7	283.948	272.7	276.063
00:35:30	18.38	19.916	18.313	50.969	53.342	51.533	151.709	141.155	157.383	286.385	269.676	273.801
00:36:00	18.317	20.095	19.878	49.94	53.15	53.186	151.657	143.738	156.591	285.44	274.836	271.381
00:36:30	18.509	19.045	18.809	48.802	50.935	52.424	153.868	141.916	155.618	288.191	271.739	272.09
00:37:00	18.07	21.283	17.497	48.552	53.317	53.542	152.216	140.313	155.186	282.187	275.473	268.758
00:37:30	18.287	19.661	18.111	49.321	51.343	53.035	152.791	142.641	158.448	282.534	272.09	268.043
00:38:00	17.89	20.357	17.9	48.238	51.342	50.402	153.815	143.607	156.287	285.356	274.619	272.032
00:38:30	18.165	20.134	18.222	51.656	53.387	52.85	151.255	141.666	155.744	280.712	271.887	265.374
00:39:00	17.745	19.147	17.57	50.226	50.283	51.125	152.414	140.504	152.632	281.119	270.449	266.619
00:39:30	16.317	18.869	17.841	49.205	50.459	51.195	152.681	142.703	155.798	282.413	270.627	269.07
00:40:00	17.544	19.906	18.198	49.645	51.937	51.902	147.958	140.375	157.957	285.801	275.569	270.173
00:40:30	17.541	19.453	17.42	50.374	50.707	51.489	150.695	139.756	156.036	280.945	271.632	272.019
00:41:00	17.975	19.504	17.877	48.183	51.053	51.383	151.075	141.565	154.493	284.187	271.136	272.891
00:41:30	17.777	18.831	18.381	48.947	50.703	52.988	152.202	143.027	155.198	280.938	275.023	269.691
00:42:00	18.737	18.306	17.393	48.725	51.412	50.415	150.848	141.364	152.621	280.849	276.575	268.336
00:42:30	18.138	17.961	17.047	49.356	50.692	50.715	152.959	140.184	155.675	279.93	269.441	269.933
00:43:00	18.034	19.091	16.679	48.235	52.021	50.711	148.248	141.327	152.157	282.219	272.066	268.959
00:43:30	17.559	19.948	16.998	48.61	50.707	50.377	149.601	138.933	151.885	281.905	271.107	265.341
00:44:00	16.763	19.581	16.769	47.726	49.972	50.919	151.667	141.815	153.156	282.265	271.247	270.761
00:44:30	15.638	19.07	16.746	46.435	51.166	50.31	148.622	138.818	153.957	282.574	268.419	266.357
00:45:00	17.165	17.226	17.155	47.368	48.735	49.61	149.958	140.829	153.964	283.097	268.393	265.18
00:45:30	17.812	19.204	17.954	45.902	50.523	48.996	150.252	136.934	155.774	282.726	268.011	269.198
00:46:00	16.434	18.139	17.472	47.684	49.636	48.763	149.426	141.232	152.409	281.194	270.835	265.531
00:46:30	17.222	18.329	17.109	47.595	49.535	49.04	150.22	138.203	150.71	279.266	265.016	265.746
00:47:00	16.546	17.419	16.545	46.747	49.453	51.301	145.953	138.911	150.512	286.735	272.757	267.669
00:47:30	17.555	17.653	16.626	46.488	49.794	48.171	148.403	144.916	155.95	281.039	267.688	267.776
00:48:00	17.23	19.093	15.96	46.677	50.369	49.371	148.392	139.988	153.519	279.9	267.427	266.54
00:48:30	16.707	17.607	17.007	46.585	48.108	48.96	148.898	142.207	151.727	282.462	271.928	267.167
00:49:00	16.608	18.68	16.207	46.286	50.045	49.811	152.737	139.375	155.161	282.344	269.451	271.52
00:49:30	16.889	18.271	16.175	47.333	51.782	50.022	145.764	138.867	155.187	281.426	272.49	266.506
00:50:00	15.474	17.769	17.038	45.887	51.26	48.985	149.347	140.874	154.085	282.115	270.234	272.096
00:50:30	17.419	17.755	17.401	46.312	48.938	49.704	149.228	139.889	154.448	281.335	269.365	269.464
00:51:00	16.702	17.935	16.562	47.83	48.467	49.081	149.675	141.736	153.616	279.67	270.493	267.199
00:51:30	16.878	18.092	16.936	47.504	47.72	49.505	150.768	141.256	151.91	279.97	272.045	264.261
00:52:00	16.443	18.348	15.832	46.075	49.468	48.894	151.174	142.665	153.552	281.375	271.957	265.423
00:52:30	15.856	18.688	16.029	45.748	48.988	49.861	147.845	137.716	153.311	281.478	266.379	270.267
00:53:00	15.892	17.668	16.412	46.775	48.038	49.069	146.078	138.295	152.274	281.732	270.244	266.667
00:53:30	16.419	17.707	17.141	46.385	48.172	48.254	148.391	140.657	154.596	282.49	265.943	266.702
00:54:00	17.02	18.019	15.865	45.94	48.801	47.222	150.83	137.976	154.557	280.995	265.591	268.405
00:54:30	15.846	17.719	16.008	46.318	48.919	48.473	148.629	139.424	153.234	279.788	269.264	265.752
00:55:00	15.26	17.683	16.626	44.985	47.993	48.406	146.763	140.032	152.635	279.175	267.112	264.177
00:55:30	16.738	18.119	15.575	43.998	47.867	48.738	147.287	139.401	150.949	282.874	265.806	262.594
00:56:00	15.703	17.295	16.301	44.943	47.313	48.362	148.977	136.92	155.728	281.17	264.245	269.023
00:56:30	15.266	16.537	16.067	44.173	48.947	47.516	150.536	140.129	152.193	279.75	270.418	266.824
00:57:00	15.181	16.949	16.085	45.492	45.986	47.087	148.234	138.387	153.529	281.59	268.149	262.815
00:57:30	15.474	17.283	15.797	45.345	46.527	48.559	147.874	137.85	153.037	277.538	269.241	263.315
00:58:00	15.995	17.531	15.801	45.513	47.467	46.743	148.617	137.41	149.421	277.085	265.068	261.595
00:58:30	15.604	17.738	16.114	45.524	44.378	48.773	145.205	137.53	151.088	280.467	266.468	262.995
00:59:00	15.614	17.924	15.355	44.66	46.987	47.181	148.048	140.906	154.247	281.391	267.431	268.126
00:59:30	16.046	17.499	15.493	44.17	44.974	48.306	146.278	138.792	151.895	280.738	268.208	265.064
01:00:00	16.052	17.441	15.481	45.235	47.325	46.181	150.12	140.032	151.784	279.945	266.28	267.934
01:00:30	15.855	17.108	16.006	44.906	46.735	47.658	149.878	140.574	152.849	281.798	265.409	267.495
01:01:00	15.748	16.232	16.156	44.461	45.17	47.448	147.11	140.547	152.558	278.979	266.204	265.239
01:01:30	15.688	17.547	15.416	45.002	45.237	46.905	148.377	136.878	152.19	278.878	267.177	266.064
01:02:00	14.293	17.66	15.352	45.053	44.38	46.728	146.644	138.628	147.721	277.818	264.461	259.596
01:02:30	15.219	16.898	14.727	41.779	43.288	45.691	147.227	137.03	154.108	280.174	273.595	263.784
01:03:00	15.695	16.345	15.586	43.849	45.271	46.514	147.936	138.59	150.63	276.442	264.178	261.231
01:03:30	16.187	16.524	16.008	44.721	45.101	47.591	149.971	141.313	152.09	274.798	271.976	260.634
01:04:00	15.65	16.999	15.438	42.939	43.571	47.305	144.782	138.74	154.789	278.101	269.219	262.767
01:04:30	15.485	17.827	14.791	42.803	44.35	45.849	149.151	136.918	152.589	280.264	265.597	264.426
01:05:00	15.299	17.588	14.203	44.806	44.798	47.65	149.119	138.006	154.339	278.986	268.763	263.132
01:05:30	15.556	15.838	15.604	43.097	43.841	45.508	146.644	136.684	153.928	276.369	266.602	261.01
01:06:00	16.181	16.189	15.672	42.761	45.34	46.348	149.246	137.503	152.388	278.249	268.365	261.217
01:06:30	14.892	15.787	15.122	43.768	44.022	45.818	147.783	136.098	151.067	280.546	267.702	264.024
01:07:00	15.851	16.494	15.793	44.509	43.374	45.843	147.106	137.339	151.158	281.672	265.326	264.99
01:07:30	15.619	17.467	15.7	44.994	44.688	46.558	149.36	139.782	152.657	282.853	270.369	264.313
01:08:00	15.671	16.726	14.81	43.053	43.776	47.418	147.833	139.538	148.936	278.271	265.622	261.479
01:08:30	14.723	17.574	15.474	43.601	42.079	45.459	145.422	137.121	149.745	280.718	266.484	260.599
01:09:00	14.678	17.529	14.976	43.562	42.995	45.747	147.913	136.755	149.951	277.598	265.003	263.065
01:09:30	13.899	17.121	16.105	43.605	43.705	45.119	145.063	136.004	148.209	278.424	268.168	259.981
01:10:00	15.357	16.528	15.581	44.156	41.412	45.104	147.267	137.766	153.202	281.213	267.453	263.26
01:10:30	15.185	17.243	15.864	44.6	42.161	46.37	145.716	138.544	150.741	275.387	264.409	261.493
01:11:00	14.188	16.008	15.69	43.616	44.696	46.296	145.616	138.145	153.064	280.309	262.43	262.914
01:11:30	15.217	16.65	15.103	43.195	43.55	45.74	145.267	137.696	150.146	274.92	262.965	258.206
01:12:00	15.011	16.363	14.636	42.694	43.183	45.628	144.914	134.74	149.653	277.507	266.272	261.043
01:12:30	15.546	16.052	15.849	41.71	45.337	46.252	145.342	138.106	148.304	275.632	265.216	264.576
01:13:00	14.769	16.441	15.844	41.89	43.531	45.315	146.232	136.256	150.664	276.436	260.443	262.229
01:13:30	15.079	16.184	15.192	43.928	43.033	45.203	146.787	133.995	150.888	277.994	264.874	261.189
01:14:00	15.273	16.499	14.474	43.462	41.61	45.336	147.35	136.414	150.996	275.943	264.957	258.226
01:14:30	14.44	17.134	15.073	42.113	42.311	46.105	146.623	136.036	150.995	281.356	266.829	262.391
01:15:00	14.623	16.231	14.976	43.352	41.764	45.263	144.549	139.107	149.278	275.545	265.011	260.087
01:15:30	14.875	15.837	15.822	42.139	42.731	45.38	144.596	133.898	150.837	274.231	264.318	262.164
01:16:00	14.167	16.786	16.048	42.768	43.622	46.377	145.436	135.349	148.78	275.604	267.705	261.318
01:16:30	15.095	16.216	15.235	43.263	43.88	44.886	148.07	134.846	149.837	278.455	261.776	258.211
01:17:00	15.427	16.474	14.697	44.005	42.128	45.002	148.222	139.184	152.257	279.742	267.986	261.93
01:17:30	15.569	16.729	14.021	42.148	41.655	45.707	147.987	135.915	150.237	276.414	262.357	258.328
01:18:00	14.467	15.196	14.914	42.398	44.189	44.937	143.265	139.556	151.451	277.696	264.296	261.72
01:18:30	16.069	16.866	15.133	43.403	44.078	46.414	145.448	136.538	152.239	281.309	267.593	262.687
01:19:00	15.265	16.1	14.534	43.368	42.234	43.917	146.218	136.361	148.623	281.473	266.014	261.802
01:19:30	15.544	15.799	15.149	40.966	42.27	43.323	144.783	138.283	149.835	276.195	263.958	258.191
01:20:00	15.385	16.719	14.228	41.543	43.278	44.124	145.853	135.096	150.806	277.868	264.144	261.848
01:20:30	15.606	16.549	14.83	42.83	41.794	42.837	147.086	137.25	150.468	279.285	263.309	261.011
01:21:00	15.956	16.775	14.046	41.83	41.215	43.23	144.876	136.457	149.666	275.83	266.143	259.189
01:21:30	14.806	15.746	15.412	41.051	42.47	43.744	146.336	135.857	150.425	278.332	265.12	259.293
01:22:00	14.545	15.865	14.85	42.539	41.629	45.98	146.157	134.258	150.638	275.886	263.582	263.516
01:22:30	14.483	15.521	15.239	41.547	40.395	44.406	146.641	136.19	151.156	279.669	265.769	261.195
01:23:00	14.323	15.878	14.445	42.518	42.459	44.183	147.627	135.455	149.552	280.323	266.013	261.136
01:23:30	14.9	15.918	15.197	40.633	40.192	44.097	144.738	135.027	152.923	275.085	264.901	260.692
01:24:00	14.119	16.109	14.375	41.54	40.632	44.561	146.519	137.413	150.898	275.587	265.65	263.21
01:24:30	15.199	14.791	15.264	40.97	40.257	43.396	142.908	137.26	151.498	279.729	263.505	258.556
01:25:00	15.09	15.188	15.372	40.902	41.281	44.569	147.108	136.375	150.048	277.9	264.936	259.95
01:25:30	15.55	16.753	14.457	41.942	40.787	43.717	148.047	138.057	150.147	278.216	269.186	259.705
01:26:00	14.972	15.291	15.069	41.905	40.888	44.395	144.496	136.303	152.178	276.368	263.045	257.441
01:26:30	14.732	15.693	14.813	41.335	40.077	44.458	148.097	137.295	149.109	276.743	265.913	257.012
01:27:00	15.207	15.446	13.788	41.772	41.949	42.454	145.387	135.852	150.429	281.942	265.653	258.409
01:27:30	15.047	14.897	14.542	40.74	41.248	43.263	144.663	134.704	148.32	273.518	260.513	256.43
01:28:00	14.586	15.775	15.631	41.516	40.679	43.086	146.879	135.83	150.093	275.296	264.753	257.071
01:28:30	14.475	16.226	14.353	42.387	41.502	43.043	146.835	134.976	148.138	279.409	263.519	258.373
01:29:00	15.382	16.551	14.811	40.615	40.381	42.419	146.803	138.479	147.581	278.265	263.852	259.233
01:29:30	14.831	16.348	15.284	41.316	41.187	43.698	144.147	135.179	151.39	277.488	264.359	258.167
01:30:00	14.823	16.275	14.555	42	40.265	43.514	143.982	136.563	149.445	276.262	263.822	256.987
01:30:30	14.717	16.275	15.195	42.005	41.179	42.606	146.375	134.307	150.017	274.881	263.252	261.374
01:31:00	16.097	16.633	15.039	42.228	41.624	43.029	146.981	136.244	147.99	272.668	267.592	257.965
01:31:30	14.319	16.437	14.5	40.734	40.993	43.125	145.923	135.296	152.589	276.07	268.04	259.202
01:32:00	14.716	17.105	14.568	40.658	41.264	44.539	144.716	134.825	149.771	274.145	265.854	261.752
01:32:30	14.585	15.67	15.249	43.178	39.017	44.06	147.124	134.074	149.441	276.832	260.269	258
01:33:00	14.479	16.256	14.885	40.33	40.003	42.601	145.029	134.285	149.398	275.192	261.552	252.584
01:33:30	14.481	15.898	14.734	40.696	41.179	42.81	144.947	135.086	148.183	275.424	261.585	255.624
01:34:00	15.547	15.734	14.662	41.245	40.948	43.987	146.107	135.018	149.695	277.419	263.24	258.796
01:34:30	14.763	16.029	15.396	42.326	41.747	42.967	143.933	136.639	150.342	278.279	263.403	255.938
01:35:00	14.803	15.509	16.064	40.296	41.79	42.73	147.937	135.814	149.541	275.554	266.321	258.531
01:35:30	14.231	16.696	15.492	41.275	40.029	42.565	143.757	136.562	149.744	277.082	261.976	259.926
01:36:00	14.876	15.113	14.362	40.805	39.037	41.893	144.476	136.23	150.822	276.478	263.314	258.039
01:36:30	14.192	16.171	15.015	41.308	39.683	43.019	143.819	136.73	149.296	275.056	266.212	257.619
01:37:00	14.808	15.749	14.328	41.281	39.971	42.531	146.69	135.848	149.115	280.704	263.842	257.533
01:37:30	15.42	15.864	14.444	40.308	39.585	43.355	148.552	132.472	149.526	274.416	264.023	255.948
01:38:00	15.005	15.876	14.421	40.895	40.364	44.156	145.902	136.757	150.194	271.598	266.24	260.211
01:38:30	14.757	16.351	13.034	40.942	40.588	43.485	145.217	136.035	148.795	272.405	263.22	256.587
01:39:00	13.446	15.691	15.58	41.726	40.646	43.469	146.952	135.428	151.444	280.458	267.368	256.203
01:39:30	14.153	16.197	13.558	40.991	40.362	41.287	146.368	136.018	150.982	277.178	267.654	259.511
01:40:00	14.386	15.978	15.301	40.391	40.683	43.955	144.087	137.718	149.539	277.216	266.013	255.98
01:40:30	14.105	16.265	14.607	40.382	41.023	43.507	144.638	134.998	148.731	275.196	262.501	256.384
01:41:00	15.07	15.706	14.869	39.796	40.62	42.939	141.17	134.085	148.592	276.382	261.774	259.604
01:41:30	14.851	15.603	14.687	41.665	39.576	43.913	144.42	135.994	150.63	279.191	264.815	255.092
01:42:00	14.464	15.596	14.604	39.39	39.78	41.935	145.864	136.326	149.838	280.025	261.893	256.448
01:42:30	14.968	16.307	14.97	39.423	41.74	43.001	145.943	136.185	149.399	273.414	260.309	261.175
01:43:00	14.19	15.899	14.797	38.716	40.164	41.867	144.962	133.716	149.174	276.195	263.538	257.318
01:43:30	14.826	16.001	14.704	41.033	39.724	43.122	146.51	137.575	151.274	274.558	261.675	255.554
01:44:00	14.467	15.926	15.46	40.925	39.342	40.678	146.442	135.198	150.061	277.969	261.972	255.319
01:44:30	15.258	15.468	14.934	39.661	40.559	42.359	139.739	136.073	146.374	272.232	260.63	257.261
01:45:00	14.821	16.215	14.9	39.578	40.059	42.791	143.67	136.697	148.488	271.353	262.453	260.432
01:45:30	15.204	15.557	13.92	40.54	41.251	42.276	144.437	134.851	151.771	279.377	261.739	258.165
01:46:00	14.517	15.793	13.488	39.219	40.105	44.012	145.247	133.748	148.78	275.146	263.477	252.477
01:46:30	14.822	15.946	14.882	39.574	39.723	42.009	142.781	135.165	147.672	277.412	260.492	257.017
01:47:00	15.478	15.327	15.228	40.714	40.034	42.438	144.149	134.31	150.265	278.837	267.729	253.084
01:47:30	14.974	16.315	14.459	39.21	40.49	43.416	142.631	137.021	150.268	275.859	261.537	257.067
01:48:00	14.307	15.188	15.316	40.054	39.262	42.707	144.094	138.901	149.539	276.299	260.371	255.764
01:48:30	15.341	15.477	15.329	40.658	39.104	41.441	145.611	135.8	147.122	273.281	264.508	254.19
01:49:00	14.163	15.961	14.576	40.119	40.639	42.499	144.792	135.593	148.46	272.639	259.557	256.012
01:49:30	15.363	15.73	14.619	40.43	39.922	43.405	141.543	133.662	148.589	276.86	264.251	252.737
01:50:00	14.583	16.062	13.266	40.26	39.43	42.209	145.146	136.466	148.894	273.503	264.039	259.314
01:50:30	15.753	15.1	15.069	39.424	40.338	42.118	145.107	133.267	148.99	272.27	263.768	257.498
01:51:00	14.223	15.653	14.44	40.079	39.176	41.276	146.571	135.114	149.273	276.442	262.471	254.84
01:51:30	14.735	16.017	14.67	39.522	38.303	41.571	146.148	137.75	149.954	272.564	260.662	254.285
01:52:00	14.618	16.63	13.784	39.161	40.404	42.808	145.175	135.66	149.612	276.435	260.326	251.318
01:52:30	14.535	15.92	14.214	40.579	39.885	41.213	146.554	135.133	147.871	274.915	264.544	256.723
01:53:00	15.798	16.194	15.457	40.064	40.856	41.932	144.269	134.117	148.647	272.887	266.773	253.667
01:53:30	15.888	17.019	15.273	38.97	39.291	42.3	144.642	133.414	151.257	274.131	266.759	250.144
01:54:00	14.734	15.525	14.047	38.636	40.161	40.641	141.809	132.836	149.884	274.448	260.561	255.105
01:54:30	14.753	14.871	13.954	39.362	39.865	40.754	143.886	135.81	147.018	271.642	259.522	249.89
01:55:00	15.096	15.564	15.305	39.951	40.761	43.436	141.566	133.297	148.078	274.311	262.854	253.263
01:55:30	14.686	15.642	14.897	39.881	39.129	41.73	143.875	133.971	149.368	276.346	259.712	252.626
01:56:00	15.178	16.067	14.266	39.706	39.195	43.15	147.604	134.176	147.817	273.265	259.114	254.016
01:56:30	14.68	15.072	15.087	39.524	40.238	41.561	146.333	136.537	150.106	272.567	263.959	254.736
01:57:00	14.647	15.977	14.47	40.057	38.724	42.414	145.86	135.156	148.168	274.666	262.663	250.872
01:57:30	14.477	15.908	15.232	39.732	39.871	40.95	141.866	135.36	148.681	272.595	258.7	254.048
01:58:00	14.135	16.387	14.469	40.276	40.135	42.608	142.755	133.795	145.774	277.719	259.913	254.092
01:58:30	14.267	15.672	14.383	39.444	39.265	43.215	145.69	134.687	149.739	273.6	262.435	253.111
01:59:00	15.259	16.239	14.765	40.646	40.651	41.855	146.167	134.545	147.483	274.044	261.567	254.886
01:59:30	14.76	15.161	14.081	39.36	38.675	41.553	142.54	135.848	147.862	270.964	255.683	253.52
02:00:00	14.651	16.51	14.953	40.66	40.888	42.032	144.361	132.015	147.415	274.553	258.357	256.519