Time	25_1	25_2	25_3	50_1	50_2	50_3	100_1	100_2	100_3	150_1	150_2	150_3
00:00:00	67.776	68.491	81.249	125.238	125.979	147.789	260.996	275.421	257.096	379.726	379.392	373.324
00:00:30	63.797	71.4	80.032	115.444	108.508	122.668	249.019	250.48	247.109	367.666	365.979	359.368
00:01:00	60.909	67.727	72.548	110.867	107.048	112.825	240.4	243.765	244.058	350.712	350.169	342.363
00:01:30	54.57	65.62	63.366	105.477	103.429	106.01	230.706	238.26	238.539	344.025	342.993	335.892
00:02:00	52.039	58.92	57.9	101.962	99.93	103.797	226.731	230.994	230.601	333.08	337.602	335.143
00:02:30	51.1	57.331	55.347	97.271	96.404	97.305	222.065	224.189	221.901	326.505	330.017	324.333
00:03:00	49.315	53.468	53.142	96.211	94.962	96.757	215.208	219.092	216.976	326.111	322.735	320.658
00:03:30	49.317	51.754	52.318	95.197	90.324	94.851	212.162	213.309	211.59	321.523	322.971	318.664
00:04:00	46.979	49.109	49.721	89.987	86.956	92.692	207.425	205.848	203.637	318.57	323.989	311.794
00:04:30	45.511	47.92	48.599	90.424	88.061	91.644	200.905	203.602	200.199	307.802	314.698	313.342
00:05:00	44.615	44.972	47.392	87.888	84.427	89.088	194.025	196.186	195.956	309.787	311.96	309.3
00:05:30	44.966	42.978	44.658	86.485	83.421	88.229	191.128	189.972	188.713	306.798	311.82	308.834
00:06:00	42.973	43.818	44.825	85.029	80.482	87.666	188.688	185.058	183.746	306.904	311.454	304.502
00:06:30	40.282	41.414	41.444	82.072	79.384	84.03	183.741	183.811	180.387	305.989	307.45	302.853
00:07:00	39.645	40.492	42.778	82.207	77.962	83.799	181.746	175.546	176.789	302.816	303.893	298.265
00:07:30	39.435	38.966	41.94	80.44	77.219	81.506	178.548	176.091	173.475	301.259	305.798	299.451
00:08:00	36.775	38.053	38.211	78.874	75.169	80.308	173.991	171.496	168.948	301.043	297.932	298.016
00:08:30	37.138	36.78	38.403	79.557	74.075	79.319	174.281	168.789	171.952	300.365	303.379	298.966
00:09:00	35.648	35.157	38.029	74.457	71.989	76.746	173.113	167.694	166.805	294.575	299.203	293.949
00:09:30	35.725	34.532	35.883	75.72	71.363	75.717	171.35	167.11	165.777	299.771	301.081	297.435
00:10:00	34.884	32.843	37.452	73.969	70.829	75.704	173.956	163.522	161.777	293.684	299.403	295.803
00:10:30	34.71	33.681	35.465	74.677	69.943	73.641	171.463	160.934	161.399	293.309	299.136	290.858
00:11:00	33.677	32.398	34.465	73.059	68.208	71.405	170	162.465	159.564	290.219	300.493	292.024
00:11:30	34.038	31.878	35.033	73.53	66.544	71.933	168.554	161.109	163.068	299.6	303.871	294.609
00:12:00	31.91	30.701	33.412	70.103	65.979	71.908	166.18	158.826	157.392	294.33	297.282	294.058
00:12:30	32.45	30.901	32.532	70.852	65.939	66.999	167.056	158.654	155.961	294.312	293.835	288.231
00:13:00	32.107	31.548	33.061	70.615	65.111	69.384	167.303	159.427	155.335	294.67	298.187	296.757
00:13:30	31.387	28.918	32.571	69.992	63.976	69.606	163.253	156.445	156.819	289.332	296.61	293.439
00:14:00	30.839	29.122	31.606	67.877	63.749	69.006	164.611	155.36	156.196	288.273	289.8	292.216
00:14:30	29.796	27.882	32.194	67.881	62.06	67.007	163.49	155.316	154.082	291.886	294.716	287.307
00:15:00	30.911	26.81	30.083	65.916	61.795	66.279	161.909	153.19	151.322	288.005	288.211	284.044
00:15:30	29.066	27.092	29.998	63.55	60.518	66.867	163.278	152.025	153.509	288.466	292.285	286.877
00:16:00	29.554	26.601	28.995	62.854	60.53	64.494	161.368	150.937	150.53	290.589	290.589	289.391
00:16:30	28.622	26.892	29.264	62.853	59.653	63.815	159.291	152.846	151.953	291.094	288.655	288.959
00:17:00	27.894	26.305	30.135	62.998	59.727	63.256	162.336	152.309	151.665	289.239	297.341	285.855
00:17:30	27.924	25.592	28.664	62.45	58.507	62.995	159.311	150.441	150.87	289.033	288.474	283.944
00:18:00	27.276	25.64	27.757	63.171	58.492	61.038	160.214	150.664	151.611	286.306	286.45	287.281
00:18:30	26.668	26.223	26.832	61.88	58.263	61.74	158.594	147.381	148.493	284.999	287.083	287.463
00:19:00	26.845	25.101	26.915	60.61	58.219	62.609	161.638	149.829	150.961	291.251	289.598	289.422
00:19:30	26.34	24.712	27.388	60.702	57.89	59.965	159.139	151.722	149.939	289.333	290.926	287.912
00:20:00	24.929	24.057	26.287	60.317	56.183	62.135	158.909	151.925	148.923	288.51	294.267	289.321
00:20:30	25.024	24.09	26.697	59.403	57.362	59.729	158.609	149.087	149.439	289.313	287.543	284.832
00:21:00	26.411	24.949	26.365	59.116	54.732	60.864	157.057	147.137	147.012	284.07	288.859	284.214
00:21:30	24.686	24.385	27.188	58.591	54.224	58.725	157.46	149.142	147.504	284.751	291.942	282.091
00:22:00	25.616	23.512	27.018	57.896	54.254	59.431	155.444	147.546	146.368	288.73	285.208	287.094
00:22:30	25.073	22.834	25.841	59.146	55.326	59.416	157.092	147.024	148.51	285.479	286.293	281.068
00:23:00	23.794	23.215	25.146	59.519	55.667	55.66	156.031	147.438	146.341	279.48	288.696	281.98
00:23:30	24.606	22.826	24.69	56.069	53.262	59.029	156.022	145.697	145.027	283.417	287.03	285.157
00:24:00	23.999	22.971	24.702	56.851	53.33	58.001	155.669	148.147	146.394	288.182	288.642	285.694
00:24:30	24.717	22.663	25.424	54.538	55.421	58.426	152.084	146.246	145.542	279.964	282.224	285.776
00:25:00	24.537	21.315	24.452	55.593	52.055	57.09	156.779	147.488	143.641	282.865	280.332	282.747
00:25:30	23.173	22.456	23.929	56.207	52.487	55.647	154.862	146.145	143.52	284.793	282.365	283.029
00:26:00	23.616	22.154	23.433	55.761	50.636	57.143	153.336	143.647	142.753	281.257	279.11	280.508
00:26:30	22.579	21.416	24.45	54.637	49.794	56.652	155.729	142.649	145.993	286.178	285.194	286.152
00:27:00	23.433	21.368	24.075	54.988	50.599	53.998	153.14	143.453	144.626	281.413	281.411	279.204
00:27:30	22.6	21.095	23.902	55.974	50.135	54.421	154.396	144.69	141.016	280.811	284.512	281.137
00:28:00	22.956	21.316	24.039	54.775	50.287	54.126	151.126	143.239	142.646	283.693	284.755	280.801
00:28:30	22.764	21.598	23.635	53.485	49.469	57.093	152.849	144.464	143.018	284.753	287.41	282.267
00:29:00	22.671	22.361	23.581	53.699	49.377	55.25	153.369	145.661	141.765	279.835	279.29	278.796
00:29:30	22.104	20.98	22.753	52.095	50.067	52.329	154.348	143.364	142.985	284.441	280.859	280.373
00:30:00	21.429	20.687	22.938	52.199	49.973	54.112	154.287	141.013	139.787	278.267	282.906	281.357
00:30:30	21.854	20.606	23.304	50.571	48.252	54.439	151.745	144.463	144.413	282.982	282.099	282.49
00:31:00	21.41	20.097	22.271	50.285	48.936	54.867	153.545	141.156	142.629	280.846	286.126	278.999
00:31:30	21.096	21.388	22.061	50.593	49.157	51.643	146.992	142.628	139.068	280.121	284.222	282.295
00:32:00	20.954	20.896	22.206	49.73	46.791	53.463	151.036	143.216	142.485	282.434	283.801	281.174
00:32:30	20.461	20.546	21.783	49.833	47.742	52.826	151.936	138.159	140.174	278.805	284.683	280.087
00:33:00	21.048	20.713	22.084	50.208	47.759	52.591	152.467	140.987	142.354	277.937	277.884	276.621
00:33:30	20.529	20.615	21.84	49.666	47.368	52.61	151.583	141.533	141.97	281.233	285.271	281.473
00:34:00	21.324	20.431	21.234	49.526	47.764	51.254	152.636	138.804	141.255	280.436	278.74	282.75
00:34:30	20.158	19.96	21.003	48.822	46.663	51.726	152.481	140.894	140.634	279.88	281.544	278.995
00:35:00	19.465	20.028	21.094	48.745	46.098	52.151	150.74	142.707	138.197	277.794	282.476	280.366
00:35:30	20.724	19.529	21.976	49.505	46.013	52.872	153.339	142.542	142.483	283.136	279.934	278.544
00:36:00	19.802	20.526	20.785	46.778	47.094	51.188	149.818	142.833	139.373	279.564	276.592	278.297
00:36:30	20.68	19.301	21.626	48.525	46.748	50.167	150.078	139.237	140.87	279.71	282.16	279.127
00:37:00	20.828	19.945	20.707	46.953	47.282	52.302	148.137	138.1	139.98	278.123	279.973	279.518
00:37:30	20.56	20.07	20.866	47.085	47.03	50.14	150.843	142.077	137.751	278.889	280.381	280.501
00:38:00	20.533	19.426	19.902	46.342	46.378	49.815	149.192	139.811	137.473	278.522	280.202	275.065
00:38:30	19.727	19.214	20.515	46.467	45.019	49.729	150.785	139.507	139.836	277.409	282.917	277.051
00:39:00	19.879	19.136	20.574	48.213	45.042	50.071	148.925	140.917	138.13	275.067	277.47	274.1
00:39:30	19.638	18.66	20.118	47.322	45.049	49.647	149.709	139.882	136.469	273.362	281.937	277.096
00:40:00	19.138	19.7	20.617	47.326	45.235	51.148	151.475	138.45	139.054	276.333	281.89	276.826
00:40:30	20.038	19.427	21.077	46.681	46.681	49.914	151.358	136.606	139.56	274.501	279.285	274.721
00:41:00	20.399	19.402	20.553	47.39	44.845	48.908	150.266	139.767	139.165	278.189	280.611	277.714
00:41:30	19.413	18.671	20.272	46.316	45.644	49.256	148.573	140.842	137.989	279.446	277.287	276.94
00:42:00	19.21	19.016	21.363	46.138	44.694	50.192	150.276	140.494	138.836	274.389	282.938	277.198
00:42:30	19.465	19.332	19.951	47.111	45.53	49.307	150.36	138.175	138.591	276.579	280.107	274.883
00:43:00	19.225	18.537	20.448	45.694	44.424	50.407	147.682	138.05	138.123	276.701	278.262	276.61
00:43:30	20.063	18.55	19.418	46.403	43.337	48.801	148.728	137.228	140.653	276.69	277.356	275.587
00:44:00	20.439	18.9	19.922	45.046	43.584	47.155	150.814	139.52	136.749	276.721	280.9	275.456
00:44:30	19.21	18.734	19.964	44.992	43.964	48.191	149.206	138.252	139.049	281.574	278.552	276.413
00:45:00	19.272	18.288	19.302	45.76	43.156	47.952	148.128	138.668	138.66	277.618	278.365	278.213
00:45:30	19.35	19.13	19.351	46.868	44.154	48.319	149.097	141.086	137.185	277.345	276.67	274.136
00:46:00	19.213	19.2	20.327	45.403	44.734	45.331	145.407	139.796	138.949	273.545	273.897	275.042
00:46:30	18.563	18.795	19.184	46.727	44.11	47.369	150.281	141.639	135.89	277.649	278.529	275.806
00:47:00	19.161	18.127	20.187	46.279	44.126	46.385	148.508	138.363	138.998	276.992	277.357	272.856
00:47:30	19.022	18.999	19.724	43.632	42.771	45.211	146.201	138.437	139.261	278.945	276.121	275.574
00:48:00	19.388	18.429	19.097	44.006	43.403	44.463	146.075	139.022	138.79	276.006	277.241	274.024
00:48:30	19.62	17.343	19.426	44.87	42.608	45.45	145.558	137.149	139.521	278.146	275.545	272.535
00:49:00	19.336	17.243	18.828	42.538	42.688	45.514	146.509	137.928	136.89	275.462	279.254	273.892
00:49:30	18.285	18.428	19.965	43.918	43.194	45.761	149.188	134.95	137.659	278.89	272.167	276.228
00:50:00	17.914	18.571	20.118	43.665	41.951	44.268	149.04	140.88	136.959	277.779	276.873	272.923
00:50:30	18.617	19.055	19.411	41.633	42.971	45.506	148.628	137.534	137.645	276.927	279.216	276.888
00:51:00	17.358	17.441	19.591	41.96	41.918	42.738	145.893	135.631	136.292	275.98	274.06	271.221
00:51:30	18.894	18.291	19.428	44.408	40.781	45.169	146.656	135.92	138.962	277.162	273.451	275.647
00:52:00	18.154	17.979	20.02	43.794	43.829	43.65	146.088	138.41	132.008	276.346	273.342	269.966
00:52:30	17.906	18.717	19.681	42.202	41.093	43.322	147.299	136.055	134.069	277.364	276.097	271.874
00:53:00	17.572	18.686	18.348	44.61	42.005	42.524	147.702	133.796	133.108	277.754	276.243	271.284
00:53:30	18.574	18.305	18.976	42.115	42.624	43.062	146.505	137.026	136.204	275.453	275.334	274.176
00:54:00	17.895	17.529	18.665	41.966	43.256	42.772	145.563	137.667	136.784	274.144	271.176	271.782
00:54:30	18.074	17.612	18.621	42.539	42.059	42.962	143.373	138.558	135.296	271.958	276.028	272.316
00:55:00	18.625	17.673	18.89	42.18	41.406	42.212	146.658	137.5	138.058	274.503	274.978	276.259
00:55:30	17.901	18.337	18.296	42.649	41.462	42.723	145.372	136.227	135.681	274.585	274.047	271.604
00:56:00	18.816	17.239	18.654	42.187	42.569	42.604	145.791	136.756	135.207	273.631	275.981	271.735
00:56:30	17.877	18.397	19.274	43.248	43.584	42.062	146.506	137.285	135.743	274.022	276.763	272.011
00:57:00	17.453	17.803	18.646	41.841	42.272	43.628	145.879	136.952	135.892	278.067	273.876	270.655
00:57:30	18.325	17.091	18.054	44.537	42.895	41.62	143.463	136.856	133.729	273.072	273.882	270.073
00:58:00	18.26	18.383	18.277	42.519	42.124	42.09	148.142	134.572	137.453	274.37	272.586	273.485
00:58:30	17.823	17.47	19.928	41.467	41.529	40.821	143.322	134.556	134.861	273.332	276.822	271.404
00:59:00	17.271	16.261	18.229	41.755	42.283	41.947	146.486	138.01	134.752	274.832	272.809	272.584
00:59:30	17.902	18.467	18.636	42.631	41	41.917	144.165	134.357	132.612	272.934	268.659	272.109
01:00:00	17.753	18.832	18.312	40.713	42.595	40.41	143.781	137.365	132.991	269.839	278.734	270.987
01:00:30	18.5	17.005	18.554	41.166	40.355	40.581	144.053	137.022	135.525	276.533	274.348	269.751
01:01:00	17.421	17.994	18.174	41.602	39.641	41.128	144.451	135.563	136.517	273.374	272.823	271.207
01:01:30	17.762	17.599	18.077	41.562	40.995	41.174	144.808	134.663	133.271	275.238	273.013	269.953
01:02:00	18.106	17.695	17.239	42.012	40.226	41.192	147.889	134.531	135.106	274.187	273.906	267.699
01:02:30	18.384	16.113	17.99	40.319	40.872	41.346	144.006	139.225	136.905	277.35	273.64	270.009
01:03:00	17.574	17.487	18.858	42.249	41.61	41.841	146.625	135.096	135.621	269.179	273.122	273.539
01:03:30	17.637	18.099	17.989	41.31	40.995	40.386	145.667	133.93	134.713	270.903	270.538	272.45
01:04:00	17.546	16.773	18.934	42.216	40.923	38.927	143.007	135.997	137.706	273.762	270.26	269.268
01:04:30	18.035	17.574	18.788	39.87	40.346	40.072	143.095	136.573	134.482	269.844	271.192	272.838
01:05:00	17.795	17.3	18.714	40.631	39.248	40.024	146.701	135.739	134.941	271.434	274.749	270.126
01:05:30	17.686	17.697	17.508	40.594	40.09	40.976	144.527	133.255	135.881	273.241	276.246	267.64
01:06:00	18.15	16.836	18.335	41.481	41.49	39.418	144.22	137.749	133.201	274.028	273.852	270.132
01:06:30	17.489	17.396	17.947	41.026	40.988	40.675	142.736	136.297	133.782	268.993	271.33	269.648
01:07:00	18.306	17.843	17.915	42.118	39.707	41.463	145.803	135.855	133.437	274.4	268.945	271.764
01:07:30	16.855	17.423	18.36	41.275	38.675	39.927	142.83	135.504	135.108	274.203	269.255	270.318
01:08:00	18.152	17.24	17.74	41.008	41.095	39.394	144.109	135.916	135.798	270.117	273.036	272.197
01:08:30	17.745	17.321	18.317	42.281	40.035	39.32	142.73	132.92	136.528	273.634	273.025	270.716
01:09:00	16.549	17.303	17.853	40.88	40.01	40.581	143.055	133.287	136.223	271.871	274.106	270.101
01:09:30	17.435	17.428	18.645	42.045	39.749	39.492	143.198	134.772	133.228	270.804	273.014	269.29
01:10:00	17.341	16.879	18.476	40.015	38.489	39.44	143.537	136.271	135.387	275.208	270.931	266.274
01:10:30	18.111	16.978	18.081	40.328	41.074	39.363	145.371	135.691	132.713	273.068	274.181	265.882
01:11:00	16.92	16.214	17.957	41.332	39.767	39.879	146.309	137.012	134.96	274.783	272.033	266.031
01:11:30	17.163	17.391	18.3	41.291	39.731	38.851	145.964	136.88	136.381	275.612	271.565	271.523
01:12:00	16.398	16.847	18.079	40.529	39.995	38.162	144.924	134.51	135.65	273.802	272.29	268.139
01:12:30	17.393	17.152	17.543	40.512	38.16	39.706	143.226	131.23	131.728	269.59	268.821	267.905
01:13:00	18.24	17.134	18.158	41.392	39.475	39.258	145.66	136.388	133.789	273.462	275.404	272.367
01:13:30	17.22	17.273	18.621	40.227	41.246	40.084	144.437	135.635	136.284	274.446	273.071	272.886
01:14:00	17.149	16.674	18.177	40.844	38.795	40.381	143.613	134.269	135.266	269.711	270.722	270.007
01:14:30	17.412	16.282	17.742	39.78	39.541	38.619	140.992	136.022	135.689	270.287	270.474	266.525
01:15:00	18.077	18.269	16.958	40.237	38.275	39.044	142.639	133.254	132.883	270.883	270.511	267.066
01:15:30	17.705	17.441	18.508	39.913	37.132	39.212	142.523	136.131	133.447	272.019	270.066	271.654
01:16:00	17.685	16.759	17.322	39.149	39.591	38.404	142.478	132.132	133.682	271.447	268.729	270.164
01:16:30	17.817	16.551	18.304	40.298	38.585	39.24	144.079	135.16	135.822	270.517	269.453	271.697
01:17:00	17.636	17.194	17.837	40.908	39.632	39.657	144.466	135.575	132.853	271.346	270.419	270.349
01:17:30	18.028	17.132	18.049	38.42	40.571	40.074	143.662	135.813	135.109	270.416	268.971	264.37
01:18:00	17.911	16.901	17.829	39.528	38.411	38.675	143.451	136.503	132.181	272.934	272.916	268.796
01:18:30	18.45	16.95	16.978	40.051	39.527	38.085	144.214	134.708	132.432	269.929	270.897	271.125
01:19:00	17.952	17.074	17.214	40.173	40.7	39.125	145.706	135.737	134.237	271.561	268.825	267.491
01:19:30	17.13	16.598	18.082	38.507	39.563	39.308	143.133	134.605	135.599	268.08	272.119	269.988
01:20:00	18.123	17.309	17.841	39.979	37.749	39.652	145.553	133.886	133.12	276.051	272.074	270.286
01:20:30	16.284	16.986	17.717	38.929	38.9	40.22	144.034	135.31	133.657	271.502	270.66	269.957
01:21:00	17.148	16.609	18.198	40.01	39.204	37.896	139.989	133.917	133.133	271.526	266.096	267.24
01:21:30	16.696	16.094	17.663	38.701	38.656	40.575	143.942	133.529	132.825	267.069	268.893	268.653
01:22:00	16.299	17.494	18.227	39.619	38.6	39.584	142.731	135.092	133.517	272.639	273.015	267.73
01:22:30	16.962	16.539	17.725	38.852	40.423	40.178	142.502	133.04	134.381	267.327	271.001	270.038
01:23:00	16.915	17.781	18.001	39.271	39.008	40.371	144.81	135.707	132.657	270.768	273.604	273.248
01:23:30	16.454	16.461	16.346	39.238	38.595	37.775	141.211	132.67	131.684	270.274	274.867	270.471
01:24:00	17.13	16.472	18.426	38.942	39.2	39.041	142.77	133.861	134.058	264.766	271.664	267.534
01:24:30	16.766	16.737	17.793	38.863	38.447	39.81	140.825	132.473	134.081	270.81	269.322	266.619
01:25:00	16.676	16.884	17.579	38.295	39.088	39.797	145.54	134.412	133.083	268.196	266.581	265.594
01:25:30	17.943	18.009	17.287	39.048	39.287	38.433	141.943	133.589	131.695	270.463	271.896	266.969
01:26:00	16.985	17.716	17.441	38.265	37.976	39.108	145.93	136.619	134.857	272.242	270.315	265.556
01:26:30	16.668	16.728	17.483	39.968	37.35	39.402	141.749	133.032	133.589	270.707	265.43	265.391
01:27:00	16.251	16.562	17.33	39.274	39.241	38.603	145.001	135.107	133.098	270.856	272.606	271.174
01:27:30	16.668	18.187	17.483	39.912	38.608	38.759	141.531	133.976	134.428	261.965	269.576	269.323
01:28:00	18.608	16.408	17.386	39.22	36.861	38.006	142.989	133.136	131.84	271.799	268.966	267.807
01:28:30	17.108	16.816	18.739	37.774	38.335	37.665	142.391	134.503	133.061	266.686	268.755	267.354
01:29:00	18.183	16.028	17.93	39.939	37.812	38.351	140.84	134.15	134.634	276.029	267.306	265.831
01:29:30	16.685	16.859	17.924	38.457	38.869	38.403	141.18	133.427	130.663	270.619	269.45	268.321
01:30:00	16.436	16.526	16.467	37.926	37.87	39.08	141.966	135.453	131.667	271.608	270.425	264.09
01:30:30	16.783	16.397	17.763	38.175	37.738	39.402	143.182	133.464	130.666	267.925	268.287	263.552
01:31:00	17.137	15.459	17.519	39.174	37.299	38.454	140.966	133.615	130.963	271.147	269.621	267.545
01:31:30	17.044	17.695	17.187	38.031	38.246	38.62	142.228	133.659	131.985	269.424	269.441	265.34
01:32:00	17.079	16.526	17.521	38.43	38.017	39.095	141.066	133.574	132.451	268.235	268.492	265.776
01:32:30	16.634	17.487	17.971	39.422	39.173	39.294	143.34	131.727	133.636	268.843	268.486	265.722
01:33:00	16.848	16.67	17.506	37.701	38.852	38.222	142.583	132.318	133.384	269.656	268.216	269.102
01:33:30	17.716	16.381	17.554	39.134	36.354	37.242	141.823	131.408	133.301	269.744	268.911	267.588
01:34:00	17.583	16.788	16.757	38.087	37.068	38.506	142.878	131.337	132.605	267.767	268.21	266.66
01:34:30	18.176	17.617	17.715	39.242	37.747	38.976	142.553	131.52	132.331	266.772	266.608	264.714
01:35:00	16.88	17.028	17.984	38.05	37.283	37.223	141.473	134.363	132.832	270.359	270.367	267.3
01:35:30	16.251	16.514	17.768	37.995	37.35	38.73	139.398	133.38	132.116	270.49	272.116	270.259
01:36:00	18.411	16.625	17.192	38.633	37.733	38.366	143.227	135.557	132.681	268.866	272.036	264.905
01:36:30	16.783	16.979	16.969	37.827	36.617	37.216	143.236	132.358	132.318	269.152	267.898	265.254
01:37:00	17.577	16.628	16.828	39.569	38.081	38.38	142.292	132.569	133.92	269.984	269.921	265.043
01:37:30	17.082	17.835	18.168	38.495	37.463	38.843	140.938	133.733	133.459	266.41	268.872	268.154
01:38:00	17.44	17.07	17.497	38.735	38.481	40.032	142.913	132.569	132.418	267.149	271.025	264.395
01:38:30	16.343	16.227	17.472	39.049	37.891	38.928	141.002	129.879	130.466	270.266	268.774	264.438
01:39:00	17.332	16.12	17.316	38.095	37.049	37.515	143.238	132.898	131.853	271.606	267.72	270.935
01:39:30	17.337	17.37	17.796	38.355	36.97	37.373	142.313	136.861	133.04	266.039	265.75	267.027
01:40:00	17.581	16.748	17.605	37.436	37.275	39.629	141.519	131.551	133.016	266.894	266.051	266.45
01:40:30	15.741	16.699	16.839	37.762	38.384	37.573	142.271	132.207	131.873	266.7	268.473	265.5
01:41:00	16.94	16.971	17.738	37.309	36.722	37.137	143.316	132.128	131.602	271.803	271.104	263.343
01:41:30	16.648	16.701	16.918	37.835	38.022	37.781	143.779	130.613	133.569	269.175	269.732	265.186
01:42:00	18.091	17.19	17.271	37.233	36.4	38.47	140.703	135.501	134.075	265.689	266.64	267.904
01:42:30	16.677	16.574	16.913	37.334	35.959	37.696	143.258	130.422	131.567	265.78	265.93	265.236
01:43:00	16.826	16.989	16.784	37.034	37.461	37.834	139.088	132.164	131.44	271.01	265.407	264.815
01:43:30	16.937	17.582	15.886	37.369	37.539	37.23	143.84	132.877	131.24	269.794	270.201	262.24
01:44:00	16.9	16.534	17.709	37.088	36.187	37.083	141.312	130.855	133.048	264.68	265.974	267.604
01:44:30	17.012	16.294	17.618	37.544	38.027	37.435	140.097	132.241	133.078	267.979	264.411	263.563
01:45:00	16.864	16.039	17.5	38.287	36.487	36.814	139.725	132.789	131.601	267.326	267.593	262.295
01:45:30	17.024	16.387	17.391	38.215	37.486	36.715	144.02	134.079	132.03	271.11	267.837	262.474
01:46:00	15.71	16.631	16.479	36.417	37.659	37.17	142.138	133.227	131.002	267.852	265.983	267.771
01:46:30	17.385	16.525	16.783	37.471	36.955	36.937	144.077	132.688	133.637	267.094	268.829	269.573
01:47:00	17.304	16.906	17.187	38.659	37.843	38.014	141.577	133.911	132.362	267.217	265.605	266.108
01:47:30	17.656	17.211	17.666	37.055	37.592	38.512	140.522	133.83	131.088	268.667	269.093	265.239
01:48:00	16.338	16.531	16.265	37.469	36.627	37.384	140.412	133.981	131.213	266.845	265.175	265.382
01:48:30	17.721	16.632	17.612	37.206	37.701	36.979	141.792	132.325	131.202	266.081	265.92	260.588
01:49:00	16.273	17.086	17.326	38.525	37.197	35.834	140.768	130.54	132.938	265.476	265.583	263.284
01:49:30	16.008	16.922	18.305	38.402	37.352	37.511	140.318	134.085	130.744	268.917	266.157	260.325
01:50:00	17.734	16.968	17.203	37.749	36.439	36.227	143.747	130.405	131.468	269.222	269.618	264.952
01:50:30	17.478	17.097	17.575	36.721	35.317	37.989	142.91	131.622	130.615	271.169	266.435	264.515
01:51:00	17.467	16.927	18.136	36.824	37.05	38.645	142.552	133.077	133.06	268.574	265.695	265.523
01:51:30	17.515	17.184	16.922	38.052	36.278	38.251	141.428	132.537	133.45	270.992	267.927	266.847
01:52:00	17.346	17.032	17.477	37.594	36.976	36.351	141.51	131.794	129.992	265.49	265.922	264.078
01:52:30	16.988	16.354	17.364	39.293	37.88	37.908	141.41	133.42	132.942	269.03	265.75	263.742
01:53:00	17.644	16.946	17.834	37.436	36.966	36.319	138.423	134.2	131.743	268.075	265.284	266.97
01:53:30	17.174	16.876	16.408	37.851	36.394	36.535	140.946	131.997	131.886	267.701	267.305	265.251
01:54:00	17.275	16.696	17.987	37.557	36.395	36.146	141.482	133.181	130.053	269.511	268.094	263.896
01:54:30	16.806	16.691	17.047	36.526	36.639	36.543	140.704	131.566	130.406	268.373	267.377	263.301
01:55:00	16.988	17.389	17.444	37.85	35.601	36.841	138.752	132.772	131.843	264.862	264.523	264.334
01:55:30	17.316	16.811	17.724	37.165	36.713	36.241	140.925	130.719	128.808	270.948	262.79	263.464
01:56:00	17.455	17.432	18.28	37.388	36.978	37.276	142.41	132.44	132.233	265.922	267.051	268.169
01:56:30	16.865	16.752	18.304	37.979	36.075	35.956	143.752	134.085	133.074	267.522	265.87	265.42
01:57:00	17.489	17.069	16.517	36.706	36.779	37.916	141.236	132.163	130.009	271.51	267.11	266.397
01:57:30	16.885	16.737	17.508	36.789	36.476	36.501	141.205	132.818	130.948	265.441	265.483	265.925
01:58:00	18.294	17.435	17.462	37.68	36.77	36.683	143.143	132.686	130.577	266.553	262.908	265.669
01:58:30	17.158	18.013	17.78	37.915	37.133	36.918	143.21	130.462	128.682	263.766	264.489	264.531
01:59:00	16.598	16.713	16.754	36.532	37.163	37.053	144.621	133.281	132.595	268.832	267.237	265.944
01:59:30	17.138	16.691	17.572	35.817	36.488	36.549	140.95	133.198	130.93	266.054	262.625	261.526
02:00:00	17.142	15.933	18.008	35.769	36.656	37.227	140.167	131.624	131.606	270.423	264.917	263.915