Time	25_1	25_2	25_3	50_1	50_2	50_3	100_1	100_2	100_3	150_1	150_2	150_3
00:00:00	67.647	84.381	72.049	160.535	148.494	153.785	254.376	273.223	273.013	383.576	391.904	383.808
00:00:30	63.127	81.008	64.045	146.288	134.649	132.4	250.555	257.175	245.503	371.706	370.734	366.725
00:01:00	61.096	76.487	61.513	123.28	122.526	118.263	237.403	249.577	239.845	351.947	357.064	354.458
00:01:30	58.421	68.03	58.871	119.164	118.816	118.29	233.196	240.919	231.449	347.247	345.451	342.065
00:02:00	54.009	61.488	57.097	114.087	113.327	113.785	224.897	235.427	225.857	335.906	339.566	333.643
00:02:30	49.766	56.571	54.506	111.984	110.745	112.243	215.943	227.614	221.477	331.706	332.502	326.756
00:03:00	48.946	55.058	52.448	105.166	108.449	109.004	211.809	222.02	211.645	326.493	329.053	318.999
00:03:30	47.926	51.765	51.009	105.151	104.534	107.434	204.633	214.266	209.154	323.847	322.839	314.882
00:04:00	46.807	51.016	48.92	101.837	104.835	103.934	199.427	207.059	201.652	320.29	324.841	315.6
00:04:30	44.92	47.665	47.444	99.654	101.057	100.129	194.751	204.579	197.066	315.496	323.663	310.521
00:05:00	43.123	46.689	47.046	96.821	98.017	97.262	192.653	194.467	191.827	320.905	317.133	311.449
00:05:30	42.878	44.935	46.209	93.291	96.34	95.659	188.432	192.459	185.579	315.65	315.308	302.318
00:06:00	42.212	44.301	45.841	95.142	93.974	95.13	187.095	192.206	187.974	314.476	315.26	307.95
00:06:30	38.768	43.139	43.327	90.977	90.473	92.837	180.622	190.683	182.056	311.46	309.995	302.956
00:07:00	37.983	40.703	43.674	91.254	92.097	90.636	176.271	187.892	180.435	310.928	309.356	303.232
00:07:30	38.438	40.673	40.677	90.004	90.079	90.287	177.353	186.438	177.676	307.421	307.758	304.836
00:08:00	37.631	39.059	39.799	86.007	88.025	90.162	176.004	184.939	176.267	307.485	307.795	301.086
00:08:30	36.651	37.258	39.653	83.453	86.78	88.028	173.052	180.434	174.497	306.983	307.094	298.992
00:09:00	36.461	37.099	39.856	84.015	85.615	85.943	171.364	180.208	171.498	297.853	305.31	294.847
00:09:30	34.153	37.49	37.734	84.64	85.694	84.453	169.862	176.157	173.935	304.43	305.373	297.397
00:10:00	34.04	34.871	37.211	83.528	84.311	82.369	169.739	176.89	170.398	300.952	301.842	294.063
00:10:30	32.774	35.258	37.159	81.082	84.058	83.34	167.517	178.945	170.463	301.639	301.673	298.037
00:11:00	32.278	32.909	37.144	79.4	84.974	81.987	166.851	175.929	167.025	302.161	303.848	295.619
00:11:30	31.689	34.381	35.028	79.537	82.331	81.935	168.936	176.491	169.296	305.104	301.756	293.01
00:12:00	32.36	33.141	36.448	77.791	81.854	78.877	164.202	176.172	165.257	297.859	297.614	288.809
00:12:30	30.478	33.281	36.407	78.056	79.434	79.094	164.791	173.861	167.321	298.542	298.769	291.975
00:13:00	31.224	31.702	35.712	76.286	80.161	77.378	165.611	174	167.786	299.702	299.639	295.828
00:13:30	30.33	30.919	35.225	78.161	79.892	77.217	162.539	171.803	167.331	296.462	301.281	292.943
00:14:00	29.406	30.713	32.686	76.676	76.393	77.347	160.832	170.559	165.563	294.742	299.076	289.749
00:14:30	29.665	29.911	34.215	73.433	75.566	78.198	162.01	172.136	166.828	300.895	301.352	292.902
00:15:00	29.464	30.437	33.255	71.242	74.96	72.893	158.343	168.675	163.511	295.48	302.15	287.893
00:15:30	29.337	30.653	32.083	71.927	74.754	72.862	159.82	169.676	165.39	296.371	298.337	289.057
00:16:00	28.704	29.055	31.658	69.659	72.327	74.936	160.376	166.307	160.636	294.82	295.35	288.704
00:16:30	27.332	28.321	31.201	71.002	72.455	74.634	163.098	169.653	162.328	294.445	298.451	288.646
00:17:00	27.422	28.344	31.76	68.737	71.353	72.231	162.393	171.798	163.877	293.324	294.047	288.869
00:17:30	28.11	27.877	30.473	69.22	72.336	73.146	158.521	165.937	160.771	291.655	295.611	285.711
00:18:00	26.539	27.433	30.478	68.923	70.67	71.824	157.414	168.251	159.593	291.917	292.183	284.339
00:18:30	27.274	28.168	28.806	66.151	69.245	69.707	157.307	165.164	160.495	292.022	294.823	285.014
00:19:00	26.593	25.499	30.002	67.42	71.964	70.151	159.938	168.344	159.989	292.625	296.2	290.549
00:19:30	25.862	27.366	29.16	66.34	69.39	69.252	158.737	167.596	160.523	289.85	296.16	286.659
00:20:00	25.344	27.002	28.199	68.61	69.756	67.079	158.168	167.127	159.298	294.589	298.796	284.53
00:20:30	24.676	27.119	28.817	66.916	70.689	67.98	155.702	165.846	155.855	289.216	295.812	282.197
00:21:00	24.511	26.767	29.266	65.75	69.563	68.357	156.18	166.513	156.195	290.006	295.466	287.506
00:21:30	25.177	26.192	29.144	63.694	67.837	66.154	153.8	166.115	155.299	292.041	295.142	288.196
00:22:00	24.909	26.437	27.363	64.645	68.845	66.899	152.502	164.756	160.02	291.161	290.903	281.966
00:22:30	24.402	25.655	27.22	64.938	66.339	67.718	157.324	162.96	155.501	289.782	292.823	283.462
00:23:00	24.427	24.113	26.692	63.285	67.469	65.485	155.083	165.735	157.169	285.264	290.726	279.242
00:23:30	25.111	24.564	27.519	64.588	66.216	65.724	154.356	163.404	159.662	287.083	296.402	282.243
00:24:00	23.337	25.443	27.001	63.552	66.585	66.898	156.947	164.164	156.202	292.963	292.139	289.607
00:24:30	23.601	24.123	27.481	63.193	65.103	64.057	155.085	162.94	156.515	285.495	293.67	284.304
00:25:00	22.902	24.167	26.319	61.117	65.105	65.638	155.807	159.948	155.853	285.659	290.744	282.049
00:25:30	22.859	24.588	25.83	62.714	64.919	66.306	153.245	161.503	154.308	285.262	292.484	281.111
00:26:00	23.041	23.842	25.708	61.708	64.991	64.32	150.276	157.95	153.231	282.762	289.445	277.755
00:26:30	23.137	23.544	24.601	61.578	64.756	64.97	149.754	160.577	158.185	291.194	292.321	285.122
00:27:00	22.616	22.793	24.739	60.698	62.85	63.689	151.189	163.23	156.266	290.02	285.113	279.427
00:27:30	22.579	22.584	25.03	61.032	64.028	64.472	157.065	158.821	157.371	288.173	288.815	280.811
00:28:00	22.1	22.272	24.677	60.71	63.209	63.851	150.467	160.187	152.587	287.648	290.411	277.524
00:28:30	21.381	22.215	24.585	59.84	63.002	61.393	150.598	161.706	155.556	286.222	288.225	286.264
00:29:00	21.926	23.389	24.581	59.992	62.529	62.358	150.74	159.247	152.733	287.148	293.446	278.262
00:29:30	21.754	22.298	24.428	61.271	63.727	65.698	149.767	159.305	152.206	288.228	287.588	280.529
00:30:00	21.439	23.47	24.15	58.724	61.977	60.326	149.538	156.647	152.178	285.542	286.521	277.925
00:30:30	21	22.155	24.836	58.718	61.115	64.218	152.318	163.424	152.091	286.266	290.373	285.779
00:31:00	21.521	21.995	24.456	60.91	60.443	62.503	148.75	157.103	152.252	283.897	284.729	277.989
00:31:30	20.986	21.549	24.301	59.515	59.656	60.591	150.952	158.92	152.129	283.441	291.911	280.616
00:32:00	21.565	22.721	24.242	57.671	61.475	60.914	150.138	160.676	153.088	282.272	289.894	280.168
00:32:30	20.886	22.651	22.799	57.674	59.69	61.675	148.275	159.046	150.966	284.981	288.581	279.998
00:33:00	21.32	21.409	24.745	58.107	58.941	59.601	150.309	159.781	153.701	282.892	288.197	277.015
00:33:30	20.825	21.072	23.489	57.374	58.322	60.221	150.113	160.189	152.916	282.868	288.528	282.734
00:34:00	20.414	20.811	23.958	57.845	59.688	60.304	151.703	159.127	150.653	284.575	289.336	278.64
00:34:30	21.441	21.474	22.514	57.086	58.561	60.265	148.668	160.644	151.474	280.972	288.061	278.04
00:35:00	20.875	21.107	22.726	57.808	57.835	60.718	151.87	158.413	153.654	283.76	290.979	278.263
00:35:30	21.068	21.64	24.149	57.465	56.875	60.338	151.042	157	151.181	283.034	291.46	278.543
00:36:00	19.963	21.118	21.818	56.645	57.153	59.539	148.959	158.2	150.887	282.916	286.927	273.24
00:36:30	19.239	20.994	22.93	55.973	55.732	60.396	148.472	157.521	151.936	283.746	289.672	279.191
00:37:00	19.947	20.862	23.485	56.162	55.607	59.325	148.222	156.733	152.168	285.688	282.752	278.292
00:37:30	20.169	21.302	23.316	57.284	56.892	56.417	147.972	154.039	149.187	284.55	289.745	278.187
00:38:00	19.402	21.406	22.4	55.542	55.942	57.559	150.03	157.453	153.991	282.142	284.374	279.548
00:38:30	19.556	20.353	22.494	56.034	55.698	58.273	147.791	155.867	152.342	281.941	286.308	277.81
00:39:00	19.815	20.452	23.433	54.657	54.665	60.444	150.682	157.739	150.481	279.942	283.138	277.099
00:39:30	19.926	19.813	21.404	58.047	55.518	57.919	147.31	156.189	149.079	282.062	287.339	276.072
00:40:00	19.922	19.314	22.284	56.658	56.247	58.477	146.942	156.507	151.352	281.283	280.751	274.852
00:40:30	19.304	20.395	22.107	54.914	54.801	58.578	147.18	153.42	150.694	279.568	286.265	279.645
00:41:00	19.205	19.636	21.219	56.525	56.475	57.3	148.673	158.169	148.85	282.133	285.15	275.52
00:41:30	18.748	21.424	21.988	53.961	54.491	59.392	145.487	156.28	153.447	282.922	284.884	274.032
00:42:00	19.118	20.712	21.779	54.515	54.506	57.38	144.595	154.721	151.809	283.578	287.031	276.468
00:42:30	19.174	20.572	21.447	53.61	55.747	56.721	143.944	155.286	150.483	282.153	284.142	277.419
00:43:00	18.69	20.688	22.02	55.397	55.36	57.146	147.263	153.909	148.795	282.572	286.584	273.167
00:43:30	19.222	19.288	22.157	54.561	54.615	58.501	146.603	156.486	149.541	278.475	282.713	277.062
00:44:00	19.48	19.195	20.882	55.05	54.985	57.036	146.76	156.038	148.48	284.022	281.748	276.728
00:44:30	19.055	19.968	20.767	54.706	54.991	56.702	145.519	156.785	148.446	281.771	285.368	273.924
00:45:00	18.971	20.701	21.818	55.575	55.105	55.513	147.827	154.024	149.194	282.468	280.382	274.009
00:45:30	18.323	20.134	21.558	53.435	54.778	57.21	144.729	155.381	148.728	280.733	284.957	273.418
00:46:00	18.235	19.021	21.739	53.821	53.556	56.311	145.788	153.907	149.082	276.177	280.734	270.699
00:46:30	18.62	19.147	20.815	53.288	53.659	56.747	146.625	156.286	148.21	287.041	286.491	276.288
00:47:00	18.605	19.336	20.517	52.396	52.243	55.59	147.083	154.686	150.888	279.748	284.517	273.99
00:47:30	18.219	19.309	22.007	53.858	53.398	54.314	145.637	153.497	151.52	281.351	282.522	271.397
00:48:00	19.185	18.784	21.638	54.481	52.672	55.971	145.383	154.778	149.322	277.698	280.447	275.55
00:48:30	19.075	19.394	20.09	54.158	54.813	56.293	145.734	156.819	149.435	280.516	286.952	274.745
00:49:00	18.421	19.144	20.207	52.508	52.319	55.751	147.149	155.253	147.967	279.787	285.224	271.101
00:49:30	17.834	18.658	21.055	51.406	52.793	54.459	144.861	154.489	150.68	281.393	282.915	273.479
00:50:00	19.128	18.474	20.973	52.677	53.455	54.474	147.114	155.159	151.319	276.183	280.534	276.011
00:50:30	17.72	18.677	19.274	52.24	51.428	56.134	145.965	154.234	146.235	276.266	282.847	275.725
00:51:00	19.165	19.645	20.805	52.844	52.061	55.1	144.892	152.441	148.349	277.604	280.022	269.981
00:51:30	17.979	19.428	20.392	52.418	51.687	55.12	146.559	153.072	146.155	277.432	279.423	275.277
00:52:00	18.846	19.075	21.02	52.534	54.301	55.521	144.359	154.845	145.419	274.277	280.785	272.608
00:52:30	18.201	18.097	19.452	51.994	50.588	55.739	142.002	154.824	149.676	277.017	285.382	271.209
00:53:00	18.703	18.981	21.36	51.131	51.638	55.122	142.807	152.343	148.382	277.502	281.169	270.185
00:53:30	18.258	18.39	20.644	50.99	53.718	53.553	144.187	151.068	146.36	280.741	282.697	274.134
00:54:00	17.429	18.98	21.166	51.607	52.081	53.635	143.76	153.276	146.579	277.641	283.495	273.907
00:54:30	17.917	18.069	20.449	51.447	52.315	55.387	143.462	154.764	146.279	279.09	280.172	269.584
00:55:00	18.132	18.999	20.283	51.294	52.205	53.692	144.851	154.505	146.079	278.709	281.436	274.956
00:55:30	17.262	18.241	19.686	49.753	50.77	56.757	144.351	153.425	144.22	276.135	279.816	274.354
00:56:00	17.615	19.364	20.571	51.533	51.061	53.625	143.676	153.257	147.376	281.859	282.56	275.037
00:56:30	17.1	18.718	20.328	51.713	51.668	54.274	148.801	156.496	145.968	274.613	277.449	272.035
00:57:00	16.947	18.784	20.211	51.166	50.96	51.461	146.925	153.034	147.378	279.957	281.779	274.424
00:57:30	18.045	17.989	19.426	49.17	50.899	53.624	144.378	153.576	144.903	280.482	284.389	273.745
00:58:00	16.898	19.081	19.598	49.817	52.247	55.032	141.626	152.132	148.185	281.57	283.99	272.024
00:58:30	17.963	19.215	18.432	49.492	50.752	53.429	141.807	151.494	144.921	276.18	276.587	272.564
00:59:00	18.19	18.238	19.602	50.8	50.326	53.695	145.55	155.004	143.968	278.169	278.58	273.695
00:59:30	17.65	18.253	19.082	49.22	50.893	53.89	142.518	152.684	143.732	276.287	281.961	273.239
01:00:00	17.535	18.286	19.771	48.386	50.297	53.335	145.507	151.229	148.244	278.118	280.086	271.271
01:00:30	17.904	18.398	19.813	49.994	51.506	53.377	143.358	152.418	145.414	276.984	281.371	274.934
01:01:00	16.847	18.432	20.134	50.449	50.827	53.033	145.945	151.826	144.053	272.853	284.464	268.67
01:01:30	17.699	18.71	20.508	50.142	50.539	52.116	145.465	153.63	147.994	275.19	283.172	270.85
01:02:00	17.061	17.546	19.76	50.521	50.97	51.941	141.355	153.263	146.013	276.042	282.21	270.791
01:02:30	17.688	18.827	19.301	47.731	49.746	52.564	142.828	153.175	147.999	278.912	277.497	271.167
01:03:00	17.537	19.463	19.775	51.105	50.18	51.298	146.002	151.191	146.373	276.738	282.06	272.65
01:03:30	17.496	17.359	19.312	50.12	49.241	52.171	143.685	152.918	147.543	277.128	278.668	272.87
01:04:00	17.821	18.006	19.096	48.712	49.738	51.681	142.12	152.718	143.053	275.069	276.174	271.414
01:04:30	17.53	18.681	20.128	50.233	49.372	52.312	142.729	152.314	147.444	278.537	280.773	271.229
01:05:00	17.789	17.73	19.021	48.903	49.014	50.57	142.012	152.355	144.537	274.567	280.126	271.825
01:05:30	16.653	17.854	19.6	48.841	50.189	52.336	144.648	150.251	144.827	276.889	283.657	271.275
01:06:00	17.037	18.117	19.6	49.55	49.259	52.428	142.871	152.092	145.123	277.164	280.665	270.363
01:06:30	17.421	18.896	19.139	48.266	49.065	52.126	140.606	149.093	144.807	278.775	275.613	272.304
01:07:00	17.835	17.685	19.803	49.269	49.31	51.409	143.217	152.288	147.04	277.238	281.173	271.67
01:07:30	17.182	17.966	18.779	48.359	50.964	52.378	143.868	151.43	146.61	283.736	281.045	272.331
01:08:00	17.596	19.739	18.994	48.502	49.346	51.23	144.123	150.942	143.808	275.746	284.659	270.061
01:08:30	17.642	18.637	20.62	48.176	48.275	52.088	144.452	151.969	144.403	277.164	278.217	270.481
01:09:00	17.83	17.451	19.703	48.809	49.712	53.339	141.303	151.904	142.494	275.856	282.907	269.187
01:09:30	17.052	17.868	20.018	49.222	49.567	51.493	144.959	150.966	144.199	274.945	279.167	268.792
01:10:00	17.748	17.599	18.971	48.961	49.418	50.914	142.248	148.323	145.483	277.754	276.275	267.432
01:10:30	16.735	17.899	20.399	47.101	49.236	50.851	142.328	151.819	147.35	275.22	278.568	270.735
01:11:00	16.356	17.431	19.53	48.919	48.67	51.572	142.648	153.516	146.198	274.635	282.799	270.262
01:11:30	17.136	18.591	19.559	48.585	48.132	51.886	143.467	154.302	145.824	275.316	283.105	272.427
01:12:00	16.754	17.397	19.065	47.931	47.413	51.245	143.082	149.651	144.44	277.05	279.195	272.092
01:12:30	17.283	18.406	18.046	47.435	47.373	50.915	143.685	146.414	143.834	273.943	279.805	269.724
01:13:00	16.973	16.444	18.983	47.682	48.546	50.643	142.16	150.173	145.92	276.216	280.885	270.292
01:13:30	16.839	17.852	18.873	47.786	48.268	50.343	141.709	150.891	146.838	275.202	283.352	267.723
01:14:00	18.229	18.447	19.182	46.929	48.119	50.165	142.674	151.563	145.451	274.025	278.659	274.04
01:14:30	18.129	18.278	20.068	47.498	48.191	50.522	140.912	148.716	145.321	278.76	276.831	267.703
01:15:00	17.651	17.84	18.785	45.877	48.212	49.898	140.753	149.81	140.768	275.651	277.756	273.133
01:15:30	16.484	16.746	19.086	47.862	47.037	50.46	142.759	150.84	144.039	275.148	276.9	269.196
01:16:00	16.579	17.802	18.439	45.765	47.251	50.126	143.494	150.599	142.844	274.836	273.977	267.55
01:16:30	16.812	17.238	18.455	47.258	48.845	48.516	143.158	150.872	144.685	272.494	275.901	269.744
01:17:00	17.595	17.815	19.767	47.196	49.217	50.416	141.564	153.276	145.244	273.647	281.086	270.482
01:17:30	17.166	17.977	19.798	46.762	46.852	50.187	142.356	150.133	142.936	276.152	278.952	268.578
01:18:00	17.107	18.555	19.275	48.873	48.232	49.64	142.188	150.866	144.76	278.002	278.614	270.08
01:18:30	16.998	18.186	19.191	48.7	48.763	49.248	143.847	150.009	146.098	276.507	280.008	267.215
01:19:00	16.783	17.413	18.714	45.628	48.127	50.398	139.519	151.879	144.937	277.567	275.931	268.096
01:19:30	17.23	17.375	19.288	48.009	48.099	48.805	139.379	149.054	142.793	274.588	275.247	271.658
01:20:00	16.589	17.31	19.677	47.979	45.643	50.783	140.983	148.94	144.361	274.499	276.009	269.136
01:20:30	16.631	16.981	19.324	47.019	47.865	51.409	143.104	150.111	143.706	275.334	276.721	266.421
01:21:00	16.161	18.282	18.873	46.305	48.267	47.651	139.868	151.167	143.336	277.065	280.013	269.799
01:21:30	16.165	17.738	18.485	47.06	46.913	48.709	139.686	149.264	146.358	271.546	276.918	266.774
01:22:00	16.159	17.44	18.293	46.843	45.643	49.996	141.535	151.259	145.055	277.78	275.232	269.67
01:22:30	17.782	17.538	18.288	47.886	47.138	49.577	141.067	149.421	144.035	273.203	276.216	270.807
01:23:00	16.179	16.637	19.274	48.131	46.773	49.082	142.826	149.948	144.096	273.303	283.557	271.022
01:23:30	16.012	17.894	18.34	45.706	47.126	49.521	141.111	150.575	144.048	273.869	278.289	266.174
01:24:00	16.168	17.22	18.229	46.044	47.48	49.458	144.834	149.739	144.027	277.471	275.397	264.569
01:24:30	17.136	18.988	19.186	45.283	48.512	49.637	141.421	148.047	144.833	274.05	273.842	268.552
01:25:00	16.08	16.841	17.941	46.291	47.323	49.317	144.576	149.309	140.556	277.239	274.746	268.694
01:25:30	17.001	18.03	18.978	46.904	46.488	49.006	140.421	149.192	142.336	272.892	277.371	270.385
01:26:00	16.698	17.411	18.308	46.769	46.241	49.574	141.966	150.099	143.139	276.633	281.962	267.733
01:26:30	17.228	17.857	18.88	47.292	47.91	49.121	139.728	149.181	142.679	275.542	276.309	265.55
01:27:00	16.409	17.224	18.461	45.6	47.045	49.349	142.138	147.858	143.06	275.198	277.755	267.701
01:27:30	16.862	17.958	18.577	45.876	45.816	48.585	141.403	148.226	143.129	273.955	273.46	268.547
01:28:00	16.575	17.186	18.91	45.678	46.616	48.1	140.082	149.183	141.659	272.398	276.756	266.879
01:28:30	15.732	17.597	18.514	47.297	46.711	49.901	140.333	149.92	140.873	271.952	275.532	268.193
01:29:00	16.906	17.127	18.081	45.85	46.526	48.659	140.347	148.235	144.033	271.584	280.277	270.765
01:29:30	16.852	17.562	18.743	44.239	44.728	47.822	141.405	149.059	146.414	272.82	274.35	265.173
01:30:00	16.865	16.933	19.169	45.49	46.646	49.985	140.161	146.969	142.994	267.811	274.098	263.262
01:30:30	17.264	16.681	18.518	46.007	46.595	48.642	141.078	150.611	145.032	277.19	273.402	267.611
01:31:00	16.429	17.09	18.55	46.784	46.264	48.435	140.081	147.909	143.797	272.946	274.887	264.168
01:31:30	18.014	16.245	17.972	47.427	45.962	48.587	141.289	147.746	141.995	272.758	278.348	266.301
01:32:00	17.193	17.082	18.186	45.878	45.034	48.634	141.49	148.427	142.626	267.901	280.439	267.306
01:32:30	17.502	17.875	18.388	46.198	45.471	48.928	142.111	147.239	142.34	274.988	274.458	268.698
01:33:00	16.57	16.937	19.466	46.782	46.351	48.067	141.765	149.764	142.374	271.769	273.302	268.571
01:33:30	16.859	17.135	18.684	46.444	48.09	47.986	141.575	149.494	143.629	273.322	276.614	262.483
01:34:00	15.978	17.419	17.78	46.708	47.228	47.3	141.692	149.941	142.803	272.752	277.694	268.365
01:34:30	16.428	18.626	18.608	45.037	46.161	48.62	138.683	147.535	143.656	273.296	280.362	268.376
01:35:00	15.684	16.789	18.494	46.241	46.932	48.285	142.303	151.011	145.164	272.565	280.324	269.164
01:35:30	16.448	17.779	18.671	46.076	46.317	48.408	138.998	148.822	143.488	275.284	277.945	269.52
01:36:00	16.448	17.588	18.717	46.251	46.742	46.226	141.092	151.805	145.236	279.14	273.246	268.088
01:36:30	17.019	18.409	18.052	46.743	44.6	45.891	138.757	149.879	143.2	271.803	278.579	269.373
01:37:00	16.912	17.902	18.965	45.792	47.525	47.252	138.548	147.142	141.566	280.851	274.728	264.129
01:37:30	16.388	17.818	17.636	44.288	44.773	49.012	140.944	149.46	146.354	273.382	278.309	268.365
01:38:00	16.841	16.946	18.907	45.428	45.24	48.378	141.389	149.715	140.991	274.068	275.479	268.251
01:38:30	16.988	17.648	18.446	44.791	45.916	47.763	138.753	147.297	143.89	274.76	273.711	266.124
01:39:00	15.971	17.937	18.087	46.388	45.288	47.215	141.863	148.262	142.635	274.677	279.858	269.69
01:39:30	16.764	17.305	18.202	44.53	46.836	45.927	139.189	148.806	142.639	271.868	275.603	265.289
01:40:00	16.763	16.349	18.616	43.558	46.168	47.689	139.003	148.628	144.335	271.774	274.279	270.542
01:40:30	16.846	18.794	18.198	45.899	47.122	46.408	142.171	149.327	144.695	277.438	275.286	267.485
01:41:00	15.965	16.924	17.273	45.188	46.769	47.661	140.704	148.293	145.87	274.267	276.537	266.766
01:41:30	17.151	16.955	19.229	43.455	45.423	46.415	141.818	148.569	142.905	272.424	273.37	267.117
01:42:00	17.02	17.656	18.306	44.691	45.716	48.096	137.984	147.707	140.042	274.398	276.92	267.321
01:42:30	17.213	16.608	18.004	43.839	45.074	47.516	142.004	148.779	143.379	266.596	276.82	267.628
01:43:00	15.988	17.341	18.975	45.143	45.798	46.502	140.518	150.908	142.176	273.202	273.891	267.029
01:43:30	17.261	17.461	17.326	44.943	46.366	47.978	141.436	149.073	141.443	273.144	278.062	269.731
01:44:00	16.824	16.722	17.663	44.105	44.729	46.982	139.334	149.458	143.929	270.05	272.03	263.365
01:44:30	17.177	18.476	17.881	44.296	47.024	48.304	139.112	148.729	143.909	269.122	278.806	264.905
01:45:00	16.888	18.037	17.857	45.03	44.177	47.474	140.507	148.971	142.204	276.465	277.078	264.251
01:45:30	17.103	17.219	18.266	45.091	44.304	46.556	138.883	148.813	143.727	276.057	275.338	261.734
01:46:00	16.25	17.081	18.034	45.599	46.168	46.994	141.063	149.629	141.054	269.427	273.975	268.039
01:46:30	16.447	17.409	17.231	45.352	44.552	45.428	141.335	152.716	142.548	271.792	274.327	264.788
01:47:00	15.771	16.153	18.046	44.818	43.959	46.731	142.066	150.059	143.006	269.343	275.21	265.706
01:47:30	16.204	17.246	18.478	43.457	43.178	47.734	142.367	150.873	142.82	270.676	271.873	264.557
01:48:00	17.179	17.249	18.509	43.755	45.611	46.267	138.971	150.464	144.023	272.118	274.288	265.678
01:48:30	16.073	17.115	19.045	44.184	43.917	45.959	138.332	143.875	140.549	269.426	271.935	263.753
01:49:00	16.682	16.873	19.044	43.9	45.616	46.823	138.264	146.002	142.197	270.641	273.8	260.183
01:49:30	16.821	17.296	18.462	45.398	44.662	45.173	138.862	146.927	142.379	272.721	273.526	260.376
01:50:00	16.515	18.382	18.157	44.943	43.89	45.653	143.77	151.003	142.233	272.078	273.053	262.043
01:50:30	17.095	16.742	18.077	43.847	43.361	47.051	136.921	146.783	141.056	267.534	272.448	261.213
01:51:00	16.572	17.301	17.859	45.715	44.129	46.68	138.875	146.899	141.961	273.227	275.218	270.267
01:51:30	16.543	17.1	18.964	43.953	43.94	47.549	139.481	149.185	142.231	271.355	277.762	267.784
01:52:00	16.217	16.485	18.212	42.897	45.251	45.537	138.969	146.553	141.141	273.485	271.267	262.698
01:52:30	16.958	17.845	18.376	44.446	44.781	46.284	140.649	147.591	142.46	269.498	273.255	262.908
01:53:00	16.554	17.215	18.503	44.493	45.16	47.346	140.563	150.698	142.624	269.867	275.592	264.132
01:53:30	16.666	17.135	19.101	43.617	45.154	45.397	141.217	152.557	144.35	271.73	272.632	265.576
01:54:00	16.365	17.194	18.802	45.743	43.446	46.593	137.926	147.424	142.126	273.459	277.729	263.939
01:54:30	17.21	18.76	19.033	43.774	43.544	47.833	139.192	148.67	141.131	273.716	274.897	265.438
01:55:00	17.022	17.1	18.527	44.992	44.204	46.477	139.47	147.18	142.503	272.379	273.955	263.907
01:55:30	15.92	16.796	18.381	43.839	43.927	45.216	138.006	148.982	142.114	270.074	272.773	263.978
01:56:00	16.835	17.068	17.481	42.808	44.216	46.786	139.457	148.391	141.564	266.578	275.391	265.419
01:56:30	16.509	17.594	18.024	44.213	44.484	46.174	140.317	146.299	141.399	272.238	277.021	266.028
01:57:00	16.582	17.166	19.444	44.121	42.461	45.457	138.819	147.401	141.1	272.276	278.103	266.627
01:57:30	16.135	17.51	17.77	44.532	44.944	45.843	139.902	145.768	141.161	271.382	271.395	262.558
01:58:00	17.641	17.95	19.06	42.421	43.271	45.716	140.116	147.743	141.866	271.682	275.296	263.436
01:58:30	16.803	17.929	18.056	43.264	43.328	44.83	139.45	148.038	140.932	271.689	271.032	264.235
01:59:00	15.616	16.714	17.588	43.205	43.401	45.333	140.638	149.768	142.255	269.563	271.007	261.44
01:59:30	16.881	17.918	18.181	42.983	44.286	46.187	138.462	147.509	141.48	272.505	268.766	264.707
02:00:00	15.583	17.164	18.02	42.187	42.64	44.389	138.105	146.729	143.923	272.381	271.345	265.412