Time	25_1	25_2	25_3	50_1	50_2	50_3	100_1	100_2	100_3	150_1	150_2	150_3
00:00:00	77.442	69.127	72.336	138.36	139.933	151.506	257.48	257.48	266.916	366.852	374.357	368.028
00:00:30	82.855	77.461	70.095	132.068	130.486	128.433	250.311	250.311	247.632	354.69	365.985	357.731
00:01:00	77.054	63.802	64.98	123.335	125.918	114.753	233.76	233.76	240.481	339.53	353.944	338.544
00:01:30	73.019	59.444	62.099	121.395	125.736	113.643	235.453	235.453	232.204	334.802	345.621	332.415
00:02:00	64.519	54.846	59.455	117.491	117.068	109.005	217.916	217.916	223.793	326.442	335.996	321.733
00:02:30	59.438	51.88	55.527	114.653	112.742	105.837	215.133	215.133	211.793	322.397	329.37	313.99
00:03:00	57.316	50.521	55.033	108.825	110.694	101.249	203.202	203.202	206.378	318.417	329.636	312.794
00:03:30	53.942	48.658	53.787	106.121	104.996	97.338	201.025	201.025	204.42	315.716	328.807	310.758
00:04:00	51.388	47.378	49.922	100.983	101.083	95.215	197.296	197.296	196.214	309.843	319.06	303.661
00:04:30	49.996	45.718	48.72	97.702	99.534	92.59	191.621	191.621	192.399	303.545	317.918	303.642
00:05:00	48.254	44.753	46.863	93.989	96.997	91.393	190.029	190.029	185.703	302.349	310.498	299.062
00:05:30	46.402	43.551	45.694	94.774	92.652	90.446	185.836	185.836	182.505	303.815	310.311	300.062
00:06:00	45.397	40.287	44.039	88.983	91.417	87.027	181.861	181.861	182.196	300.852	305.772	292.578
00:06:30	43.647	39.192	44.273	87.737	90.595	84.547	181.98	181.98	178.002	301.925	307.846	296.27
00:07:00	44.449	38.243	43.393	86.087	89.471	82.857	181.193	181.193	174.349	299.025	305.475	295.11
00:07:30	43.07	38.319	41.136	83.845	86.698	82.651	177.464	177.464	174.571	294.169	301.8	290.37
00:08:00	39.431	38.173	40.345	81.522	86.468	80.338	176.676	176.676	174.445	295.543	306.639	291.902
00:08:30	39.874	37.001	38.614	79.829	84.871	78.912	175.094	175.094	173.717	298.22	307.47	295.766
00:09:00	38.53	34.82	38.087	80.876	82.292	74.911	174.381	174.381	172.471	293.552	301.463	288.042
00:09:30	36.513	36.027	37.463	76.594	79.602	76.321	172.993	172.993	167.53	294.398	299.064	284.636
00:10:00	36.545	34.291	36.709	77.708	79.767	74.339	171.781	171.781	170.967	292.2	296.039	287.176
00:10:30	33.73	33.901	35.201	76.334	78.44	74.922	171.887	171.887	166.507	295.743	300.125	288.304
00:11:00	33.943	32.859	35.284	76.948	79.457	72.082	170.165	170.165	166.949	291.739	302.648	286.888
00:11:30	33.652	30.69	35.088	74.279	75.717	71.438	170.009	170.009	161.542	293.595	298.691	284.349
00:12:00	34.018	31.5	34.783	74.006	76.136	71.251	167.01	167.01	163.642	289.525	297.366	280.044
00:12:30	32.175	31.32	32.74	73.051	77.389	70.392	166.144	166.144	165.246	289.014	295.338	282.541
00:13:00	31.59	30.508	33.487	73.036	74.983	67.466	166.27	166.27	162.932	286.809	295.645	284.426
00:13:30	32.42	29.494	32.387	70.778	73.194	67.511	165.668	165.668	162.249	289.02	296.784	281.14
00:14:00	30.159	29.472	32.2	71.057	72.876	65.471	166.843	166.843	162.733	290.89	297.229	279.667
00:14:30	30.778	29.115	31.413	71.136	74.229	65.621	163.952	163.952	158.507	287.523	294.481	278.588
00:15:00	29.945	27.942	31.026	67.973	72.823	64.864	161.644	161.644	158.183	286.064	289.575	276.089
00:15:30	28.888	27.988	30.87	68.841	71.452	63.063	164.825	164.825	158.467	282.827	295.147	279.851
00:16:00	28.244	26.258	30.419	67.065	70.541	64.406	164.026	164.026	157.585	289.709	290.142	280.066
00:16:30	27.722	27.305	29.584	68.051	69.073	64.652	161.96	161.96	158.406	282.253	288.835	279.329
00:17:00	27.715	27.642	29.032	66.853	66.935	61.995	161.753	161.753	155.878	285.383	290.119	276.312
00:17:30	27.538	27.053	29.071	65.865	66.019	60.531	160.795	160.795	157.724	282.191	288.23	281.01
00:18:00	27.609	26.402	30.197	65.949	65.982	60.543	163.982	163.982	159.674	283.496	292.188	276.796
00:18:30	27.174	25.743	29.64	64.497	65.529	63.275	160.838	160.838	156.247	280.204	289.644	277.188
00:19:00	25.9	26.343	28.162	65.232	64.296	59.288	158.679	158.679	153.746	280.73	292.291	277.955
00:19:30	26.384	25.195	29.124	63.58	65.247	60.986	158.66	158.66	156.762	285.109	288.772	278.325
00:20:00	25.928	23.949	28.126	63.673	62.768	59.855	161.849	161.849	156.874	283.067	289.618	274.636
00:20:30	25.621	24.556	28.15	64.26	63.075	59.099	158.454	158.454	155.246	278.086	292.342	279.189
00:21:00	25.974	25.293	25.903	62.571	61.849	58.359	159.621	159.621	155.671	280.394	286.277	275.84
00:21:30	25.763	23.554	26.077	62.493	61.851	57.776	158.911	158.911	155.59	280.707	289.693	270.06
00:22:00	24.989	23.042	26.432	62.947	61.271	56.875	158.338	158.338	152.994	279.805	284.693	276.314
00:22:30	23.788	22.843	25.657	59.01	60.736	57.031	158.822	158.822	155.042	281.745	289.538	279.623
00:23:00	25.208	22.996	26.458	58.958	61.023	56.188	159.198	159.198	154.964	280.494	283.752	273.063
00:23:30	24.047	22.191	25.662	58.97	60.052	55.741	157.676	157.676	154.728	283.752	285.751	273.557
00:24:00	23.712	21.402	25.992	59.341	59.625	55.766	157.456	157.456	154.342	282.376	290.13	273.758
00:24:30	24.041	23.321	25.452	57.392	58.634	55.283	157.232	157.232	152.335	280.226	287.917	272.416
00:25:00	23.392	22.725	24.646	57.397	59.719	54.559	157.955	157.955	152.699	280.713	286.659	274.982
00:25:30	22.61	22.256	24.192	57.343	59.702	53.182	154.34	154.34	151.323	282.478	279.861	272.053
00:26:00	22.989	22.404	24.647	56.852	58.546	54.924	158.13	158.13	152.809	278.76	287.183	277.585
00:26:30	22.884	21.837	23.636	55.237	59.344	52.123	153.755	153.755	148.203	279.75	284.704	271.628
00:27:00	22.061	20.472	23.112	56.113	58.598	53.103	154.983	154.983	152.687	278.994	285.695	274.773
00:27:30	22.993	21.139	24.66	55.287	59.343	51.478	158.082	158.082	153.877	281.254	283.857	271.007
00:28:00	23.203	21.215	23.482	55.884	59.362	52.007	154.88	154.88	154.503	278.261	284.612	273.773
00:28:30	22.401	21.027	23.347	56.197	57.948	52.224	157.962	157.962	152.36	280.787	286.644	274.625
00:29:00	21.389	20.284	22.284	54.052	56.773	49.086	152.892	152.892	150.126	278.04	282.917	271.088
00:29:30	21.304	20.56	23.57	54.192	57.968	50.882	154.818	154.818	152.058	275.898	285.588	273.329
00:30:00	20.606	20.164	22.874	52.904	59.179	50.716	154.751	154.751	149.285	275.984	282.585	271.827
00:30:30	22.396	21.264	23.72	53.939	57.138	50.206	153.985	153.985	153.871	279.296	283.643	272.15
00:31:00	22.028	20.1	23.092	53.941	55.438	50.574	158.102	158.102	151.664	276.247	281.194	272.72
00:31:30	21.125	20.788	22.28	52.125	56.122	49.941	153.228	153.228	151.888	280.857	283.839	273.566
00:32:00	22.516	19.912	22.016	53.759	55.073	49.018	156.957	156.957	151.228	278.938	287.738	274.915
00:32:30	22.151	20.374	22.613	51.834	56.404	48.341	154.96	154.96	151.588	277.918	285.323	267.644
00:33:00	20.729	19.305	21.915	51.296	54.43	45.967	154.892	154.892	148.565	273.175	285.006	274.535
00:33:30	20.441	20.146	21.024	52.372	55.324	47.811	151.59	151.59	150.353	278.388	284.08	272.013
00:34:00	21.167	18.69	21.16	51.811	56.393	47.077	155	155	151.061	280.867	286.374	274.564
00:34:30	20.831	18.896	21.745	50.108	54.906	46.379	155.009	155.009	149.361	279.356	281.794	271.322
00:35:00	20.98	19.806	20.281	51.926	53.305	47.342	152.969	152.969	150.44	273.418	285.779	269.422
00:35:30	19.59	18.432	21.626	51.032	54.72	45.713	153.681	153.681	154.137	278.354	284.195	268.245
00:36:00	19.429	18.315	20.64	48.946	55.118	46.499	155.088	155.088	151.74	279.036	279.917	269.542
00:36:30	19.381	17.955	20.089	49.82	53.436	44.661	153.567	153.567	152.731	275.769	282.884	270.583
00:37:00	19.975	19.274	21.738	50.976	52.665	45.318	150.777	150.777	147.814	276.699	280.626	269.635
00:37:30	19.466	19.046	20.582	49.259	54.315	45.144	151.542	151.542	150.494	278.5	280.128	268.088
00:38:00	19.13	18.967	20.354	51.424	51.999	45.835	152.835	152.835	151.219	278.463	283.042	267.524
00:38:30	19.754	17.508	20.949	51.148	51.265	44.322	152.573	152.573	151.171	273.416	279.964	266.778
00:39:00	19.685	18.214	20.23	50.333	52.677	45.362	149.897	149.897	144.781	278.271	282.09	266.604
00:39:30	20.134	18.929	20.315	49.34	53.122	43.778	151.832	151.832	151.051	270.079	281.459	268.335
00:40:00	19.321	18.5	20.77	49.921	52.362	45.561	150.077	150.077	150.63	277.304	284.185	272.333
00:40:30	19.502	18.119	21.075	49.896	52.73	44.035	150.985	150.985	147.471	274.464	279.799	271.992
00:41:00	20.436	18.104	20.28	50.973	52.048	45.254	155.651	155.651	149.655	277.853	284.797	269.437
00:41:30	19.897	17.57	19.482	49.898	52.812	45.096	153.98	153.98	149.635	272.151	282.468	271.492
00:42:00	19.046	17.703	20.757	48.637	52.255	45.195	151.467	151.467	147.945	276.951	286.258	271.445
00:42:30	19.601	17.195	19.261	49.21	51.598	45.142	149.576	149.576	148.809	276.907	280.084	267.08
00:43:00	18.687	17.179	19.603	47.685	52.161	44.409	151.393	151.393	150.694	277.606	282.525	270.803
00:43:30	19.466	17.629	19.396	48.578	51.868	44.799	152.545	152.545	148.433	274.01	280.19	264.284
00:44:00	19.023	16.435	18.909	47.969	50.742	44.179	151.052	151.052	150.384	275.35	278.838	268.747
00:44:30	17.87	16.498	19.928	49.516	51.21	43.892	151.27	151.27	149.518	274.234	281.961	269.383
00:45:00	18.315	17.9	19.048	46.975	51.567	43.933	149.864	149.864	149.02	274.244	280.275	263.999
00:45:30	18.232	17.908	19.721	48.972	51.334	44.298	150.003	150.003	146.586	274.166	277.872	266.803
00:46:00	18.142	17.375	19.758	48.314	49.52	44.023	149.596	149.596	149.822	270.936	281.25	267.262
00:46:30	18.005	17.218	19.011	47.413	50.663	43.547	149.433	149.433	147.97	271.979	278.849	267.39
00:47:00	18.616	17.334	18.116	47.892	51.797	43.855	149.102	149.102	144.704	275.507	280.542	267.176
00:47:30	17.654	17.448	18.615	47.704	51.78	42.59	150.951	150.951	148.521	278.187	278.243	271.388
00:48:00	19.317	17.291	19.488	47.272	51.775	43.087	150.47	150.47	148.841	277.749	280.943	265.463
00:48:30	18.771	17.874	18.893	47.074	49.666	42.241	151.494	151.494	148.826	273.261	281.058	268.217
00:49:00	18.801	16.819	19.273	47.931	49.926	44.21	153.989	153.989	146.665	273.598	279.779	266.781
00:49:30	18.901	16.387	20.31	48.067	49.494	42.883	154.769	154.769	149.146	276.199	278.243	267.512
00:50:00	17.531	16.942	19.085	48.181	50.619	43.433	151.106	151.106	148.232	276.379	282.947	268.326
00:50:30	17.613	17.365	18.965	47.592	50.253	44.09	149.312	149.312	144.999	275.91	280.077	268.785
00:51:00	18.259	17.341	18.75	47.752	49.973	43.343	150.626	150.626	146.432	271.175	282.897	266.939
00:51:30	17.637	16.502	18.04	47.309	49.116	42.288	149.554	149.554	145.594	275.888	280.658	269.638
00:52:00	17.415	16.698	18.027	47.847	49.695	43.788	151.408	151.408	148.392	274.418	283.337	266.536
00:52:30	17.871	17.187	19.697	47.37	48.977	41.703	153.056	153.056	148.488	272.21	274.432	268.057
00:53:00	17.526	16.372	18.398	47.771	48.81	41.578	152.115	152.115	145.373	272.301	280.701	265.163
00:53:30	16.42	16.245	18.134	47.575	50.177	42.163	148.887	148.887	147	275.921	283.273	263.667
00:54:00	18.141	16.547	17.669	47.161	48.498	43.619	150.863	150.863	146.575	271.766	277.843	270.915
00:54:30	17.859	17.046	19.217	47.397	48.167	42.694	150.972	150.972	148.682	274.043	275.84	266.458
00:55:00	17.866	17.009	18.225	44.515	49.397	41.883	150.187	150.187	145.573	271.707	275.801	267.027
00:55:30	17.121	16.49	18.658	47.11	47.832	40.807	150.259	150.259	145.776	275.978	276.473	263.29
00:56:00	17.637	16.369	17.586	46.221	48.332	42.449	148.584	148.584	147.023	275.856	278.959	266.41
00:56:30	16.855	16.402	17.945	47.655	47.684	43.044	150.369	150.369	147.913	271.685	280.4	266.796
00:57:00	17.627	16.196	18.256	46.256	47.074	41.898	150.659	150.659	145.558	270.413	274.706	263.752
00:57:30	16.92	15.821	17.12	45.676	48.727	42.865	148.106	148.106	146.137	271.847	277.113	266.223
00:58:00	17.594	15.089	17.436	45.323	48.354	41.157	148.424	148.424	146.41	273.901	279.929	262.669
00:58:30	16.899	16.713	17.945	45.898	48.037	40.997	151.966	151.966	146.43	275.12	276.248	267.575
00:59:00	17.114	15.936	18.515	46.481	49.26	42.971	150.744	150.744	146.445	275.733	275.955	264.966
00:59:30	16.701	15.619	17.127	46.948	47.334	40.942	147.678	147.678	143.936	277.838	278.387	267.003
01:00:00	17.292	16.907	17.996	45.377	46.697	40.937	154.598	154.598	147.893	272.793	277.591	266.001
01:00:30	17.586	15.192	17.591	45.029	47.419	40.264	151.263	151.263	144.546	270.931	278.985	262.678
01:01:00	18.177	16.978	18.009	45.444	47.355	42.171	147.64	147.64	144.067	272.369	275.807	270.11
01:01:30	16.906	16.943	18.015	46.387	47.364	41.396	148.814	148.814	145.762	272.073	276.785	266.565
01:02:00	16.812	15.979	18.346	44.987	47.413	41.717	150.07	150.07	144.004	270.495	277.097	261.731
01:02:30	16.326	16.388	17.785	43.861	46.448	40.137	147.39	147.39	147.129	270.05	281.298	263.802
01:03:00	16.866	16.712	18.074	44.947	44.462	40.27	148.547	148.547	144.712	270.928	277.249	266.219
01:03:30	16.388	15.344	19.432	45.963	47.468	41.798	151.619	151.619	146.309	275.193	276.971	270.894
01:04:00	16.483	16.445	17.411	44.223	46.871	41.402	148.832	148.832	145.621	273.689	281.062	264.716
01:04:30	17.105	15.084	18.049	45.615	46.084	41.748	149.451	149.451	146.563	271.386	275.579	265.284
01:05:00	16.746	16.322	17.403	45.492	46.088	41.958	148.986	148.986	147.196	271.091	280.751	268.366
01:05:30	17.592	15.99	17.605	45.973	47.127	41.617	148.053	148.053	143.885	270.796	274.669	262.525
01:06:00	15.225	15.499	17.363	44.347	46.089	41.01	149.865	149.865	146.959	269.389	274.848	266.341
01:06:30	17.231	15.649	18.093	46.41	45.565	40.185	151.064	151.064	145.368	273.879	277.847	266.21
01:07:00	16.241	15.901	17.565	44.566	46.737	42.405	150.4	150.4	147.432	270.73	277.265	265.487
01:07:30	16.319	14.995	17.267	44.803	45.096	40.246	147.83	147.83	145.498	273.498	279.955	266.652
01:08:00	17.879	15.246	17.191	45.474	45.183	41.157	146.527	146.527	145.139	271.975	276.598	265.186
01:08:30	16.967	16.745	16.982	44.5	45.462	40.956	150.313	150.313	146.344	270.332	271.401	266.115
01:09:00	16.631	16.163	18.111	43.488	45.181	40.036	148.449	148.449	145.411	272.637	277.642	264.194
01:09:30	16.924	15.036	17.333	45.352	45.586	40.431	146.859	146.859	145.545	272.866	274.706	269.359
01:10:00	16.142	16.151	18.26	43.987	46.837	39.702	148.465	148.465	145.728	271.482	277.228	263.607
01:10:30	16.395	16.005	16.998	44.5	45.355	40.846	146.937	146.937	145.969	268.171	277.638	262.88
01:11:00	16.589	17.543	17.913	46.569	45.292	40.023	150.67	150.67	143.482	268.635	272.458	261.952
01:11:30	17.142	16.137	17.422	43.543	44.487	40.544	149.264	149.264	145.881	271.607	275.488	262.516
01:12:00	16.646	13.994	16.993	44.498	44.855	40.305	147.526	147.526	146.935	271.361	276.289	264.068
01:12:30	17.073	15.637	17.345	44.237	46.383	39.877	149.386	149.386	145.859	268.725	274.315	264.08
01:13:00	17.116	15.506	16.658	43.114	45.496	39.977	149.116	149.116	143.919	269.95	279.12	264.129
01:13:30	16.291	14.807	17.487	43.587	44.601	39.053	149.408	149.408	146.578	269.254	280.148	266.564
01:14:00	15.469	15.976	17.02	43.262	45.975	39.977	149.64	149.64	144.425	269.529	275.049	259.81
01:14:30	17.277	15.937	16.941	45.209	44.567	40.817	149.744	149.744	145.864	271.041	278.667	266.414
01:15:00	16.269	15.265	17.472	43.83	44.485	39.731	146.509	146.509	145.663	268.765	279.69	265.671
01:15:30	16.59	14.411	17.564	45.376	45.477	39.315	143.734	143.734	142.992	270.974	274.58	263.33
01:16:00	16.543	15.6	17.096	45.061	44.093	41.472	148.152	148.152	140.906	274.062	275.321	260.093
01:16:30	16.25	15.671	18.082	43.67	45.309	39.352	148.932	148.932	143.952	271.472	276.716	262.901
01:17:00	17.023	15.32	16.789	42.442	45.37	40.085	146.761	146.761	146.821	271.968	276.268	265.884
01:17:30	15.826	15.89	17.349	43.363	44.604	38.831	147.578	147.578	144.275	267.723	275.56	263.626
01:18:00	17.551	15.422	16.056	43.044	43.767	40.873	148.074	148.074	144.119	269.151	274.312	263.523
01:18:30	16.199	15.051	16.676	42.862	44.748	40.146	149.798	149.798	147.086	271.073	276.897	264.923
01:19:00	16.571	15.374	17.198	42.988	44.035	38.639	151.292	151.292	145.299	272.945	278.305	263.653
01:19:30	16.607	15.418	17.166	42.183	45.916	37.853	146.945	146.945	144.197	268.217	276.391	261.826
01:20:00	16.224	15.375	16.732	43.463	44.848	39.07	148.725	148.725	143.903	270.346	275.961	263.118
01:20:30	15.689	15.007	16.79	45.599	44.944	38.871	147.843	147.843	143.204	269.853	274.47	263.836
01:21:00	16.471	15.766	17.237	43.446	45.025	38.9	149.203	149.203	145.321	272.039	272.799	266.043
01:21:30	16.946	15.119	16.265	42.684	44.21	38.907	149.778	149.778	148.068	270.127	279.113	262.959
01:22:00	15.673	14.737	16.447	42.232	43.611	38.901	145.333	145.333	145.513	273.411	274.214	263.128
01:22:30	16.723	15.352	17.125	43.241	44.682	39.476	146.768	146.768	146.357	269.363	273.451	263.555
01:23:00	17.124	15.349	17.111	42.614	44.453	40.157	149.47	149.47	145.586	274.193	273.362	261.489
01:23:30	17.064	15.401	17.098	42.283	43.117	39.591	147.441	147.441	145.515	267.33	276.244	262.769
01:24:00	16.294	15.015	16.833	41.277	43.708	40.229	148.131	148.131	142.811	269.601	271.497	264.072
01:24:30	16.194	15.185	15.452	40.698	43.941	39.01	143.59	143.59	143.152	264.036	276.389	262.513
01:25:00	15.79	15.673	17.122	43.374	43.591	37.994	147.007	147.007	147.334	269.988	276.784	264.388
01:25:30	16.145	15.139	16.807	41.535	43.925	39.114	148.701	148.701	145.943	269.964	277.211	263.534
01:26:00	15.711	15.576	16.822	42.074	44.417	37.966	148.773	148.773	143.222	267.561	273.138	260.26
01:26:30	17.103	15.023	16.439	42.38	44.118	38.948	148.22	148.22	149.618	271.755	275.307	264.645
01:27:00	16.775	14.919	16.554	41.954	44.401	39.734	149.889	149.889	143.977	267.792	274.683	260.979
01:27:30	16.38	15.262	16.807	42.682	45.033	37.385	145.958	145.958	144.103	264.431	273.467	262.104
01:28:00	16.837	14.477	15.812	42.129	43.832	37.316	145.467	145.467	142.433	267.191	274.465	260.021
01:28:30	17.549	15.093	16.352	42.241	42.037	39.081	147.478	147.478	144.82	270.985	274.42	266.043
01:29:00	17.361	15.38	17.513	42.958	43.478	38.903	150.927	150.927	143.526	268.851	270.839	260.423
01:29:30	17.188	15.122	17.551	42.364	42.999	39.527	145.855	145.855	143.578	266.122	271.249	264.551
01:30:00	16.077	16.539	17.196	42.168	41.101	39.259	146.898	146.898	144.92	267.714	272.244	262.616
01:30:30	15.748	14.705	16.856	41.485	42.197	36.559	147.011	147.011	143.594	268.856	277.223	263.877
01:31:00	16.611	15.354	17.053	40.379	43.57	38.331	146.92	146.92	145.296	268.686	278.646	266.493
01:31:30	16.421	15.211	15.017	40.226	44.374	38.739	147.339	147.339	143.195	271.442	277.332	264.121
01:32:00	16.691	15.846	17.339	41.279	43.067	37.328	151.045	151.045	142.865	266.746	277.443	264.344
01:32:30	16.613	15.367	17.122	41.406	43.71	37.953	147.856	147.856	147.467	270.777	277.428	264.963
01:33:00	16.707	14.872	16.555	42.259	43.686	37.263	145.69	145.69	146.628	274.557	271.291	266.411
01:33:30	15.5	14.975	16.556	41.645	42.573	38.91	149.432	149.432	142.32	265.875	273.582	261.396
01:34:00	16.228	14.908	16.957	40.731	43.285	37.148	147.363	147.363	146.692	269.637	274.919	261.452
01:34:30	16.353	14.682	16.69	40.603	42.523	38.656	146.497	146.497	142.463	270.834	271.315	262.642
01:35:00	16.064	15.643	15.269	41.31	43.32	38.902	143.019	143.019	140.849	269.61	275.176	261.569
01:35:30	15.63	14.944	16.244	41.965	41.207	37.865	150.315	150.315	144.488	267.325	275.255	264.037
01:36:00	16.788	14.748	16.308	41.142	41.724	37.246	148.421	148.421	143.719	265.539	275.647	260.767
01:36:30	16.901	15.599	16.634	41.059	42.79	37.523	147.407	147.407	144.387	272.385	277.363	262.879
01:37:00	16.307	15.13	16.821	41.917	42.557	37.877	148.423	148.423	142.99	268.463	271.816	259.638
01:37:30	16.274	14.748	16.054	41.527	41.993	38.977	147.927	147.927	145.005	265.226	275.78	263.192
01:38:00	16.615	14.628	16.712	41.286	42.823	37.829	146.08	146.08	144.2	268.701	273.547	263.435
01:38:30	15.521	14.769	17.284	42.091	41.94	38.361	146.428	146.428	144.974	270.929	273.712	262.921
01:39:00	16.492	15.195	16.565	41.88	41.887	37.055	149.363	149.363	144.882	272.38	277.277	265.781
01:39:30	15.444	15.23	16.898	39.207	43.094	37.873	149.943	149.943	141.067	271.988	273.075	262.731
01:40:00	15.445	16.371	18.419	41.101	43.843	36.87	145.892	145.892	145.262	270.702	273.5	261.179
01:40:30	16.265	15.45	16.74	41.12	43.057	36.72	147.886	147.886	143.23	270.551	274.712	264.795
01:41:00	15.983	15.414	17.081	41.245	42.049	37.735	146.422	146.422	143.719	265.43	270.894	262.129
01:41:30	16.825	14.618	15.738	39.463	44.174	36.779	146.678	146.678	148.196	268.9	271.75	258.62
01:42:00	16.579	15.365	16.256	39.992	41.653	37.878	147.458	147.458	145.968	266.267	276.204	262.202
01:42:30	15.838	15.258	15.525	39.886	42.027	38.454	148.371	148.371	146.09	269.368	274.683	260.111
01:43:00	16.691	15.308	17.3	40.778	42.038	38.745	144.881	144.881	145.191	268.024	275.134	262.647
01:43:30	16.666	14.568	16.974	39.715	42.266	37.213	145.826	145.826	146.325	268.576	272.756	263.172
01:44:00	15.163	15.578	17.642	40.886	43.353	38.682	146.191	146.191	145.758	264.494	269.298	263.075
01:44:30	15.931	14.285	17.134	38.494	42.561	37.286	146.569	146.569	148.18	267.719	268.347	260.623
01:45:00	16.55	15.245	17.305	39.87	42.37	37.606	150.488	150.488	142.967	268.618	275.151	258.945
01:45:30	16.433	14.833	16.387	40.793	41.979	36.479	148.675	148.675	144.415	266.402	271.773	260.948
01:46:00	16.353	15.029	16.058	39.978	42.128	38.001	144.586	144.586	146.208	265.917	276.252	259.675
01:46:30	16.367	14.892	17.6	41.565	41.155	37.116	146.508	146.508	145.488	267.025	273.745	260.786
01:47:00	15.749	15.196	16.075	40.986	42.315	37.9	145.431	145.431	146.526	269.695	274.042	258.333
01:47:30	16.801	15.801	16.889	38.171	41.615	36.258	148.197	148.197	142.113	272.413	277.316	261.156
01:48:00	17.018	15.199	16.913	39.354	43.141	37.362	145.998	145.998	144.698	271.178	273.27	259.913
01:48:30	16.979	15.485	16.714	39.706	41.757	38.541	145.726	145.726	145.623	263.659	278.497	262.442
01:49:00	16.169	16.067	16.713	40.436	42.263	37.705	147.486	147.486	141.651	267.935	274.832	259.821
01:49:30	16.698	15.869	15.58	40.72	42.651	36.152	146.329	146.329	147.327	269.442	267.99	261.987
01:50:00	16.566	14.419	16.549	39.169	42.41	37.908	147.432	147.432	144.816	270.802	274.032	257.362
01:50:30	15.805	15.612	16.317	38.68	41.658	37.914	146.814	146.814	144.446	267.044	272.825	261.324
01:51:00	16.134	16.351	16.652	39.859	43.055	36.463	147.034	147.034	142.719	271.09	274.653	257.795
01:51:30	15.398	15.43	16.011	38.821	41.815	35.768	144.009	144.009	140.543	268.844	273.582	260.24
01:52:00	16.33	15.22	16.576	39.121	42.638	38.967	148.942	148.942	142.766	269.087	272.216	260.647
01:52:30	15.853	14.982	16.31	39.478	43.002	36.15	146.904	146.904	144.296	265.234	276.752	262.964
01:53:00	16.072	14.927	18.019	39.812	43.407	37.118	146.382	146.382	145.491	268.166	279.012	260.542
01:53:30	16.715	15.46	18.029	38.698	42.839	37.427	146.703	146.703	144.485	271.14	273.967	259.688
01:54:00	16.734	15.082	16.539	40.072	41.596	35.05	146.692	146.692	143.321	264.296	271.598	262.986
01:54:30	15.994	14.299	16.561	39.745	42.199	37.386	144.313	144.313	141.563	263.093	272.693	254.159
01:55:00	16.287	14.488	16.045	39.589	43.147	36.591	146.469	146.469	142.409	269.219	272.979	256.935
01:55:30	16.717	15.589	17.735	39.928	41.974	37.611	147.208	147.208	146.246	265.657	271.19	262.441
01:56:00	16.462	15.764	16.844	39.97	42.892	37.246	143.871	143.871	145.493	265.858	275.181	262.424
01:56:30	16.997	14.873	17.369	39.556	41.041	37.251	146.481	146.481	142.23	267.135	272.059	258.957
01:57:00	16.944	15.146	17.136	38.403	43.309	36.803	145.907	145.907	144.399	265.991	276.051	260.703
01:57:30	16.562	15.223	16.506	39.541	41.688	36.526	146.497	146.497	144.102	268.327	273.328	261.73
01:58:00	17.282	15.33	16.659	39.383	42.889	36.824	146.529	146.529	141.006	269.479	270.522	259.43
01:58:30	15.275	15.55	16.438	39.685	41.764	37.121	146.339	146.339	145.003	269.3	275.86	257.812
01:59:00	16.106	15.324	17.722	39.997	41.949	37.549	145.642	145.642	144.505	264.563	272.064	259.334
01:59:30	15.648	15.395	16.231	39.944	40.389	36.614	144.522	144.522	142.848	265.864	271.349	261.368
02:00:00	15.98	14.861	17.116	40.768	41.228	36.869	144.062	144.062	143.266	268.121	273.728	258.853