Time	25_1	25_2	25_3	50_1	50_2	50_3	100_1	100_2	100_3	150_1	150_2	150_3
00:00:00	67.065	68.541	68.517	129.518	134.97	141.684	245.204	240.8	234.274	345.13	379.179	351.371
00:00:30	68.376	63.193	64.93	127.842	121.963	120.125	228.63	236.024	228.221	330.369	353.839	347.275
00:01:00	63.951	58.215	58.19	119.099	114.709	117.292	225.502	225.46	220.068	321.107	342.254	329.152
00:01:30	59.579	55.409	55.303	114.877	107.525	112.05	217.364	219.821	207.217	308.767	322.346	321.567
00:02:00	54.855	52.666	52.946	107.565	106.752	108.782	208.429	207.96	202.955	304.446	310.353	314.312
00:02:30	52.873	51.278	50.647	102.854	102.013	105.455	206.091	204.907	200.032	293.205	304.379	305.816
00:03:00	53.803	50.003	49.172	102.027	98.659	102.486	199.219	197.046	192.915	288.326	293.75	301.663
00:03:30	50.961	46.693	44.667	99.137	97.364	98.171	187.725	190.347	184.145	282.91	290.769	297.506
00:04:00	49.103	45.038	46.609	96.444	93.397	97.92	185.225	184.881	177.883	279.268	285.191	293.612
00:04:30	49.123	45.537	43.813	91.518	90.285	94.884	182.211	183.245	172.957	281.983	282.011	293.382
00:05:00	46.034	43.208	41.64	90.338	89.291	93.685	178.496	177.23	167.271	275.917	281.356	291.598
00:05:30	44.579	42.527	40.325	91.216	86.736	91.801	172.251	175.438	166.566	272.904	278.223	290.636
00:06:00	43.152	41.015	40.091	88.767	86.688	87.845	171.606	173.116	159.979	272.153	277.536	284.569
00:06:30	42.811	39.14	37.955	86.293	84.39	86.663	164.438	167.221	154.991	266.294	274.476	286.29
00:07:00	39.472	39.416	36.256	83.623	84.983	84.983	164.492	169.315	157.373	268.523	273.695	281.628
00:07:30	38.427	37.373	35.595	81.63	81.849	85.006	159.266	166.046	152.171	269.171	272.421	282.322
00:08:00	38.454	35.699	34.199	82.474	79.287	81.674	161.247	163.104	151.707	258.673	273.246	277.457
00:08:30	36.82	35.768	34.099	81.298	79.27	82.094	157.974	163.679	149.193	260.827	267.785	279.923
00:09:00	36.169	35.28	33.624	80.437	78.899	81.282	160.259	160.107	149.316	263.48	272.071	276.949
00:09:30	36.45	35.956	32.99	79.107	76.072	79.493	154.781	161.69	147.26	260.375	263.94	275.284
00:10:00	33.871	34.234	31.635	78.181	74.928	78.752	155.359	155.933	146.59	262.641	265.508	275.031
00:10:30	34.052	33.979	31.788	76.101	74.543	77.992	152.543	159.341	145.991	259.274	264.102	277.477
00:11:00	33.493	31.602	30.807	74.84	72.463	77.507	150.627	156.534	143.951	257.711	263.24	272.386
00:11:30	33.806	31.984	29.68	74.697	73.486	77.48	153.504	157.013	143.544	257.458	263.222	276.886
00:12:00	32.443	30.046	29.003	73.62	71.436	74.579	150.239	156.986	142.171	256.651	258.213	273.004
00:12:30	30.838	30.924	27.994	71.27	70.726	72.829	150.699	155.243	140.89	251.862	260.681	271.728
00:13:00	30.221	30.371	27.597	69.971	70.689	71.965	148.698	152.141	139.419	254.577	262.199	270.857
00:13:30	30.658	29.369	29.494	69.905	68.481	71.573	145.027	151.514	139.649	252.097	261.318	270.651
00:14:00	29.145	29.045	28.097	68.393	68.528	68.225	147.095	152.444	140.831	251.768	258.71	270.892
00:14:30	29.723	28.428	26.61	68.011	66.663	68.784	144.393	152.269	139.749	250.489	258.095	269.069
00:15:00	29.326	27.416	26.443	66.275	66.195	69.278	147.395	151.069	141.9	253.443	259.076	268.994
00:15:30	27.69	28.039	25.733	66.865	64.377	68.14	150.995	148.987	136.31	250.839	258.545	272.354
00:16:00	27.388	27.28	25.114	66.505	62.875	66.691	147.97	149.483	137.977	251.892	260.124	267.555
00:16:30	27.795	26.699	24.925	65.267	63.662	66.496	145.377	150.824	135.558	247.43	257.624	266.999
00:17:00	25.432	28.148	25.023	64.256	64.077	65.09	144.052	147.614	132.855	251.245	258.387	263.569
00:17:30	26.417	26.002	24.235	65.203	61.807	65.757	142.821	148.169	137.091	252.876	258.613	267.082
00:18:00	26.153	25.453	24.143	63.218	61.103	65.114	143.896	147.15	135.568	250.447	255.754	263.847
00:18:30	24.996	25.379	22.64	61.362	60.913	63.402	142.902	150.024	132.516	245.397	256.184	263.683
00:19:00	25.978	25.484	23.546	62.892	59.472	62.179	140.642	146.516	135.243	250.369	256.712	267.151
00:19:30	25.369	24.292	23.945	61.86	59.537	60.073	140.195	146.349	133	246.72	253.854	264.534
00:20:00	25.773	24.483	22.573	61.762	60.459	62.556	143.764	144.821	134.27	247.844	252.423	266.984
00:20:30	24.235	23.17	22.128	58.657	59.572	59.241	138.921	146.461	133.153	249.09	258.044	263.87
00:21:00	25.009	23.287	22.742	59.33	56.784	59.424	140.043	143.987	131.507	243.47	256.992	265.958
00:21:30	23.909	24.035	22.587	58.683	57.331	60.372	137	147.281	132.5	245.995	255.135	258.239
00:22:00	22.867	23.313	22.035	58.861	57.892	60.44	141.236	144.85	131.396	246.132	250.398	264.515
00:22:30	22.568	23.216	21.388	58.544	56.871	58.717	140.561	144.56	131.717	243.136	251.959	263.124
00:23:00	23.155	22.7	21.325	58.252	56.211	58.628	136.076	145.279	131.432	242.59	250.889	260.621
00:23:30	22.94	23.197	21.843	57.228	54.687	58.39	138.158	144.96	131.738	244.393	253.561	261.233
00:24:00	23.184	21.718	20.91	55.616	54.298	59.712	135.669	145.339	131.105	242.609	253.058	265.245
00:24:30	22.219	21.848	20.614	56.946	53.573	58.49	138.065	142.517	131.708	245.235	253.2	257.284
00:25:00	22.304	22.393	20.072	56.61	53.841	57.269	137.935	143.966	131.259	244.771	250.126	261.445
00:25:30	21.527	21.977	20.102	56.526	54.648	56.092	138.148	141.848	129.514	239.974	252.169	263.944
00:26:00	21.561	21.31	19.691	55.355	54.324	56.984	139.616	144.533	129.464	247.877	254.206	261.318
00:26:30	21.029	21.729	19.134	55.658	54.041	55.468	138.731	140.451	127.908	242.254	251.152	261.322
00:27:00	21.714	20.992	18.939	54.144	53.097	56.405	133.616	140.741	127.467	242.685	247.065	263.27
00:27:30	20.676	20.309	19.942	54.404	53.26	56.448	137.385	139.028	130.346	243.421	250.826	260.528
00:28:00	21.399	21.402	19.599	52.683	53.33	54.939	134.78	140.956	127.578	240.332	250.2	260.558
00:28:30	19.987	20.26	18.334	53.167	52.159	54.356	134.545	141.018	127.905	241.815	248.982	260.861
00:29:00	21.106	19.048	19.243	51.156	51.945	53.998	135.504	140.094	127.867	240.674	250.312	256.527
00:29:30	19.106	20.137	18.031	52.091	52.402	54.464	134.634	140.816	129.153	242.409	251.901	256.163
00:30:00	20.205	19.35	19.045	52.302	49.272	55.857	134.171	143.642	128.073	241.777	250.378	259.588
00:30:30	19.853	19.136	17.495	50.259	52.141	54.697	135.079	142.033	129.707	241.476	252.153	257.012
00:31:00	18.987	19.867	17.118	50.892	51.624	54.414	133.407	138.309	127.149	239.915	251.47	259.786
00:31:30	19.944	18.988	18.701	49.444	50.269	55.079	134.164	139.42	127.033	243.508	249.938	259.429
00:32:00	19.351	20.174	18.086	50.078	48.631	53.335	134.743	143.337	129.528	238.075	245.814	255.985
00:32:30	18.898	20.23	17.624	48.55	50.246	52.901	134.874	140.782	124.635	237.984	251.152	256.517
00:33:00	19.654	19.229	18.731	48.222	49.541	52.574	134.085	138.132	128.363	239.429	248.171	258.34
00:33:30	19.326	17.94	17.908	48.03	48.81	52.679	132.937	137.192	124.709	240.775	248.736	256.014
00:34:00	19.415	18.377	17.805	45.496	48.417	51.756	133.358	140.704	125.453	239.52	250.342	255.515
00:34:30	19.592	17.447	16.928	49.117	48.577	53.453	133.796	136.772	122.9	239.14	247.995	256.685
00:35:00	18.731	18.531	17.733	47.141	48.044	52.18	134.427	137.091	123.176	237.322	248.881	255.659
00:35:30	18.39	18.452	17.978	47.328	48.141	51.979	133.151	137.85	125.624	237.834	252.797	257.591
00:36:00	18.669	18.143	16.401	46.854	45.917	52.914	132.504	140.867	125.084	238.533	249.04	253.253
00:36:30	17.897	17.409	17.583	47.327	47.151	51.688	132.384	139.157	122.752	238.056	244.727	257.264
00:37:00	18.883	18.023	16.844	47.711	47.259	51.119	130.391	138.062	126.254	238.948	248.238	257.065
00:37:30	18.941	18.212	18.142	45.726	45.378	51.375	131.575	137.116	125.033	235.429	249.96	254.639
00:38:00	18.032	19.008	17.173	46.922	46.433	50.052	134.818	137.783	125.471	238.4	247.851	256.39
00:38:30	17.741	17.727	18.166	44.976	44.849	51.449	132.636	138.746	126.992	238.99	246.888	254.748
00:39:00	18.832	17.213	16.098	45.308	45.508	50.41	129.701	137.942	121.473	235.669	247.931	253.905
00:39:30	17.185	17.033	16.655	43.978	44.418	49.397	132.092	137.584	124.758	240.961	246.824	256.846
00:40:00	17.932	16.95	16.527	44.289	45.884	50.54	130.631	138.575	124.269	233.028	245.532	255.62
00:40:30	16.624	16.795	16.336	43.132	44.934	49.31	132.748	136.14	122.595	237.118	242.767	254.861
00:41:00	17.506	18.857	16.699	44.233	44.059	48.501	132.566	137.238	122.826	240.976	249.023	259.635
00:41:30	17.966	16.921	16.45	43.062	45.258	48.161	130.311	137.048	124.902	240.099	247.646	253.524
00:42:00	16.064	18.073	16.403	42.729	43.24	49.232	130.725	135.455	124.277	238.686	249.262	255.872
00:42:30	18.216	17.588	16.865	42.951	45.308	50.354	130.921	136.854	123.778	233.383	245.303	253.835
00:43:00	18.17	16.895	15.959	43.161	42.863	50.187	132.15	136.545	125.457	238.432	247.048	250.999
00:43:30	17.814	16.801	16.893	44.344	42.814	48.99	131.251	138.137	124.697	233.368	246.559	254.339
00:44:00	17.301	17.255	14.975	43.337	44.066	48.059	132.305	135.963	121.98	238.288	245.792	251.877
00:44:30	17.74	16.66	15.717	41.322	42.476	47.822	129.802	136.979	125.456	236.507	244.198	253.98
00:45:00	17.394	17.121	15.518	42.469	41.825	47.132	132.274	137.16	123.366	236.256	245.33	252.851
00:45:30	16.335	17.033	15.263	42.709	42.962	48.814	129.063	134.381	121.239	236.256	244.445	253.28
00:46:00	16.295	16.395	15.532	42.143	43.392	47.446	130.888	134.769	122.306	237.532	240.341	253.205
00:46:30	16.81	16.067	15.452	41.36	42.572	47.416	126.46	135.975	121.776	236.826	242.054	251.285
00:47:00	17.145	16.437	15.584	42.727	42.112	48.195	131.363	137.098	126.197	236.245	244.119	255.207
00:47:30	17.39	16.498	15.328	41.799	42.359	46.214	130.941	138.258	123.984	232.509	244.965	253.407
00:48:00	16.186	16.779	15.202	41.995	42.295	46.324	128.198	135.412	122.558	235.519	244.441	254.394
00:48:30	16.161	16.409	15.127	41.799	42.815	46.944	128.96	135.431	121.994	231.61	243.334	251.131
00:49:00	16.337	15.892	15.762	41.246	42.708	47.092	128.816	134.921	120.329	234.527	246.935	250.94
00:49:30	15.85	16.602	15.818	41.029	41.352	49.271	128.85	138.253	123.709	232.767	242.687	250.906
00:50:00	15.94	16.204	15.035	39.744	41.252	47.575	127.527	133.895	120.297	229.753	245.492	254.665
00:50:30	16.102	16.113	15.284	42.103	43.022	47.591	128.631	133.402	124.466	234.418	245.072	250.163
00:51:00	16.165	16.006	14.901	41.124	42.456	48.052	128.702	132.529	123.454	233.337	244.968	250.802
00:51:30	15.363	15.639	14.899	41.601	41.699	47.685	127.841	134.859	120.153	233.689	238.436	252.783
00:52:00	15.902	15.431	15.488	40.358	41.521	47.037	130.65	133.941	122.065	233.95	242.31	252.403
00:52:30	15.86	16.581	14.697	40.469	40.276	46.447	130.411	135.845	118.513	232.368	241.167	251.096
00:53:00	16.174	16.432	14.474	40.383	41.122	44.675	130.357	135.148	123.381	233.874	238.6	252.113
00:53:30	16.685	15.107	15.624	41.03	42.026	45.377	127.288	133.068	119.419	230.501	241.565	247.187
00:54:00	15.652	15.782	15.638	40.488	40.916	45.921	128.459	135.901	121.12	232.877	244.665	251.655
00:54:30	16.361	15.688	15.373	39.399	39.261	46.455	129.839	133.323	122.931	233.641	246.028	255.208
00:55:00	16.374	16.683	14.019	39.715	41.23	45.984	129.948	134.757	121.803	233.776	245.008	251.762
00:55:30	15.87	16.049	15.922	40.729	39.876	44.996	127.932	132.174	119.751	231.074	242.861	251.616
00:56:00	15.964	15.507	14.627	40.266	39.606	46.006	127.202	133.414	121.956	233.334	245.528	252.209
00:56:30	16.535	15.657	13.912	39.475	41.194	45.009	130.698	137.052	122.733	232.869	244.478	253.239
00:57:00	15.419	15.455	14.274	39.971	40.437	45.953	129.904	134.718	121.523	231.235	246.302	250.041
00:57:30	14.804	15.67	14.509	39.462	39.916	45.453	130.181	133.848	116.324	230.894	242.945	249.453
00:58:00	15.443	15.163	14.732	39.789	40.015	43.548	127.682	133.681	121.65	229.331	242.984	249.927
00:58:30	15.374	16.426	14.659	37.703	39.324	44.304	126.625	132.928	121.042	228.545	242.853	249.308
00:59:00	15.182	16.103	14.694	40.238	39.26	44.11	130.128	132.837	118.311	227.464	243.807	247.648
00:59:30	16.263	14.984	14.779	39.617	40.299	43.914	129.072	132.874	120.771	235.701	244.04	253.265
01:00:00	15.588	15.649	14.947	39.935	39.201	43.242	127.074	135.367	120.992	230.433	246.108	251.852
01:00:30	14.939	15.31	15.103	38.971	38.277	44.737	127.138	133.049	120.618	229.927	241.656	248.749
01:01:00	14.959	15.005	15.019	39.221	38.69	43.749	126.703	133.476	119.194	231.548	239.23	252.054
01:01:30	15.424	14.766	14.653	38.954	38.463	42.732	127.439	134.49	122.013	231.481	243.088	252.932
01:02:00	15.541	15.639	14.611	39.539	38.41	45.296	126.049	131.761	121.419	230.73	239.65	249.559
01:02:30	15.328	14.95	14.843	39.039	39.925	42.95	124.57	133.814	119.353	231.873	242.511	253.251
01:03:00	14.823	14.712	14.186	37.458	37.997	44.561	126.336	135.609	120.291	231.231	241.967	250.971
01:03:30	14.876	15.523	14.297	39.348	38.229	43.982	127.291	132.903	120.271	229.118	242.367	250.452
01:04:00	15.826	14.8	13.085	39.411	37.817	46.145	127.663	132.816	121.191	229.321	243.692	251.832
01:04:30	15.301	15.209	14.16	37.62	38.074	44.033	128.547	131.858	122.818	232.299	241.31	248.566
01:05:00	15.452	15.096	14.891	38.348	39.212	44.666	125.043	131.002	120.639	230.378	241.251	251.342
01:05:30	15.192	15.622	14.176	38.842	37.67	44.623	127.868	132.389	123.183	230.727	242.016	246.778
01:06:00	16.173	14.525	14.695	38.028	39.31	44.2	124.874	131.545	118.574	231.768	240.99	249.959
01:06:30	16.413	15.007	14.482	38.486	38.481	43.83	126.859	131.528	121.213	228.373	239.831	252.881
01:07:00	15.799	15.4	13.831	37.429	38.186	44.368	127.668	133.405	119.483	229.558	241.852	248.316
01:07:30	15.232	15.303	14.488	37.262	37.167	42.985	126.247	132.549	119.551	228.597	242.489	247.186
01:08:00	15.729	15.121	13.571	37.775	37.503	42.217	128.764	133.808	120.016	228.203	238.261	246.939
01:08:30	14.695	15.725	14.585	39.015	37.733	44.065	125.009	130.872	119.435	229.945	241.783	251.408
01:09:00	15.042	14.542	14.555	36.647	37.466	43.032	128.109	133.286	118.614	229.205	243.795	248.607
01:09:30	15.287	14.87	14.829	37.175	37.862	41.82	126.888	131.823	119.828	227.825	241.504	246.228
01:10:00	15.744	14.808	13.546	37.728	37.217	44.338	127.865	133.029	121.397	228.633	241.287	247.835
01:10:30	15.443	14.915	14.492	37.463	37.127	43.202	124.138	134.681	119.162	228.171	239.597	245.662
01:11:00	15.049	14.047	14.042	36.117	36.424	42.141	124.74	130.519	118.196	226.211	240.436	245.214
01:11:30	14.883	15.326	14.256	38.046	37.323	41.966	127.277	131.62	117.281	226.881	235.178	246.664
01:12:00	14.642	15.061	14.266	36.259	37.209	41.067	126.976	133.209	119.352	231.63	241.716	248.873
01:12:30	14.606	14.958	14.286	37.516	38.59	43.183	125.293	130.97	116.586	230.164	238.936	249.057
01:13:00	13.927	14.574	13.594	37.044	35.514	42.385	127.719	132.024	118.781	229.439	238.707	248.058
01:13:30	15.546	15.116	13.897	38.512	36.863	42.939	125.789	131.331	119.734	231.012	239.289	245.72
01:14:00	15.119	14.475	14.367	37.685	37.218	41.984	126.096	128.917	119.431	230.268	239.61	247.825
01:14:30	14.955	14.165	13.392	37.103	36.18	43.484	123.905	131.48	118.707	228.503	240.079	250.403
01:15:00	14.948	13.893	14.217	36.383	37.669	41.797	125.641	134.15	119.547	231.053	238.605	250.391
01:15:30	15.318	15.213	14.373	36.89	37.29	41.641	126.259	133.993	117.179	229.45	240.176	248.036
01:16:00	14.769	15.153	13.654	36.73	36.65	40.52	125.912	128.68	117.852	227.244	238.546	244.341
01:16:30	15.047	14.979	13.523	37.361	37.307	42.338	127.774	130.896	120.427	228.319	237.28	246.404
01:17:00	14.247	14.961	14.076	35.191	37.344	41.325	127.108	132.346	121.172	227.566	240.52	248.097
01:17:30	13.715	15.521	14.641	35.358	36.111	40.236	122.35	130.141	118.335	227.694	237.254	244.198
01:18:00	15.238	13.941	14.225	36.984	36.758	42.296	124.144	132.344	119.369	226.371	242.029	245.215
01:18:30	14.648	14.968	13.75	37.156	36.272	42.547	128.007	131.568	118.004	227.413	243.164	251.612
01:19:00	15.294	14.606	13.949	35.792	36.131	40.654	128.137	131.237	116.95	229.137	240.518	246.156
01:19:30	14.514	14.135	14.182	36.221	36.827	39.691	126.34	133.637	117.334	227.426	241.079	248.207
01:20:00	14.844	14.375	13.833	36.978	36.488	41.744	124.88	130.106	120.184	228.494	237.516	248.521
01:20:30	15.81	15.145	14.06	36.914	35.488	41.264	128.65	130.11	117.775	229.926	242.653	247.357
01:21:00	13.926	14.593	13.62	35.933	36.841	41.489	127.195	132.087	116.918	227.71	239.869	247.368
01:21:30	14.912	14.652	13.529	36.978	36.097	40.861	124.703	131.054	116.835	227.103	240.444	245.236
01:22:00	14.903	13.635	12.826	36.733	36.956	41.812	126.078	130.406	117.304	225.857	239.223	246.274
01:22:30	13.396	14.808	13.872	36.27	36.901	40.742	127.195	134.608	118.325	229.695	239.371	245.205
01:23:00	14.923	13.932	13.146	36.725	35.914	41.337	125.559	130.954	118.685	226.941	235.044	245.931
01:23:30	15.103	14.193	13.803	36.971	35.456	40.807	127.125	131.204	117.586	226.176	240.106	245.871
01:24:00	14.33	14.732	13.687	34.682	36.478	40.652	127.518	132.84	118.566	228.334	241.014	248.289
01:24:30	14.559	14.621	13.319	35.471	34.815	41.307	125.813	133.836	118.504	228.729	240.501	247.977
01:25:00	14.297	13.961	13.454	36.428	36.376	41.508	125.803	131.55	117.571	226.863	243.249	247.978
01:25:30	14.023	14.844	14.1	36.024	35.505	41.203	123.496	131.709	118.362	228.389	237.872	251.682
01:26:00	14.531	14.531	14.384	35.717	37.126	42.005	126.408	131.158	116.579	223.817	238.782	245.613
01:26:30	14.888	13.5	13.837	35.524	34.844	40.193	129.069	130.537	116.434	228.58	240.33	245.725
01:27:00	14.801	14.323	14.275	34.659	34.962	40.856	123.745	130.971	117.92	226.8	239.339	246.322
01:27:30	14.459	14.844	13.842	35.926	35.774	41.219	123.73	131.823	115.961	225.784	238.66	245.066
01:28:00	15.425	15.187	14.066	35.167	35.067	41.058	123.441	131.132	117.456	226.881	237.935	247.319
01:28:30	14.705	14.76	14.144	36.462	34.874	40.429	123.415	130.603	116.077	226.498	236.768	240.241
01:29:00	15.065	14.627	12.708	35.827	36.651	41.004	124.691	132.017	118.283	220.059	238.253	243.167
01:29:30	14.255	14.365	14.084	35.325	35.903	40.63	124.232	127.556	117.807	224.356	234.335	245.621
01:30:00	13.753	14.267	13.19	35.505	35.336	40.359	124.972	131.744	118.091	229.826	242.436	247.447
01:30:30	14.364	14.078	13.822	36.202	38.087	40.129	123.493	133.455	116.356	228.415	240.557	246.69
01:31:00	14.531	14.969	13.138	35.839	35.438	38.192	121.736	129.54	118.462	226.88	238.3	244.071
01:31:30	14.522	14.506	12.467	37.007	34.523	39.711	124.208	130.924	118.164	228.199	239.777	245.307
01:32:00	14.355	14.498	13.73	36.023	36.716	40.57	123.704	131.716	117.785	223.69	238.155	248.015
01:32:30	14.704	14.665	13.846	36.606	34.967	39.228	124.32	131.341	116.979	228.529	232.75	244.494
01:33:00	14.429	14.948	13.613	35.03	36.275	40.226	126.564	132.169	117.687	225.783	238.224	243.866
01:33:30	14.606	14.286	13.165	34.993	34.3	38.964	123.665	130.205	116.771	225.369	238.919	245.41
01:34:00	13.779	13.392	13.969	35.143	34.663	39.046	125.048	130.514	118.811	228.96	235.436	246.747
01:34:30	14.366	13.899	12.785	34.442	34.822	40.073	123.995	131.12	115.979	224.009	234.208	245.04
01:35:00	13.066	14.686	13.549	35.643	35.028	41.406	122.895	128.167	118.324	227.32	238.837	244.004
01:35:30	15.09	14.629	13.521	35.421	34.727	41.007	123.491	131.092	118.327	227.504	240.987	245.114
01:36:00	14.918	14.458	13.759	34.576	35.19	40.155	124.644	130.363	117.146	222.692	238.204	244.29
01:36:30	14.784	13.342	14.126	34.954	33.743	40.153	124.001	128.165	117.723	227.411	240.49	244.159
01:37:00	14.907	15.239	13.291	35.811	33.397	38.476	124.517	129.543	115.259	229.397	236.675	243.614
01:37:30	14.698	14.995	13.006	35.583	34.904	38.148	125.003	128.077	115.084	225.036	236.591	243.746
01:38:00	14.629	14.775	12.694	33.923	34.685	39.174	122.768	130.625	118.184	224.01	235.827	245.55
01:38:30	13.371	14.213	13.733	34.498	34.166	37.574	123.388	128.992	116.86	223.6	235.979	244.055
01:39:00	13.333	14.302	13.061	35.015	33.702	38.058	125.054	127.331	115.855	223.011	238.32	245.292
01:39:30	14.699	14.899	14.05	35.998	35.566	40.737	123.464	130.468	118.597	227.033	239.399	243.831
01:40:00	14.918	14.185	13.501	33.689	34.288	38.561	124.341	128.976	116.908	224.654	238.284	242.717
01:40:30	14.384	14.67	12.798	34.028	35.259	39.621	125.333	130.05	117.615	222.779	238.435	245.804
01:41:00	14.407	14.174	14.247	34.247	34.203	38.514	123.609	131.315	116.062	224.043	235.504	245.117
01:41:30	14.847	14.108	13.773	34.492	33.746	38.481	124.488	128.508	115.144	225.207	238.921	246.793
01:42:00	14.808	14.486	12.836	35.192	35.55	38.796	123.365	129.46	118.377	223.954	238.082	244.229
01:42:30	15.174	14.406	13.796	33.69	33.96	39.724	123.864	129.464	116.692	226.839	237.476	243.274
01:43:00	14.659	12.955	13.382	34.479	34.023	38.477	124.416	128.377	118.176	225.593	236.946	244.362
01:43:30	13.63	15.39	12.831	35.167	33.713	39.697	124.658	129.468	116.882	224.127	240.623	244.222
01:44:00	13.825	15.121	13.14	33.757	33.988	37.924	125.476	129.895	114.518	222.78	240.35	246.048
01:44:30	14.032	14.05	13.944	33.801	34.791	37.574	126.939	129.525	117.342	226.219	235.517	245.955
01:45:00	13.989	14.401	13.303	33.12	32.812	38.443	122.345	130.725	116.417	219.887	236.244	243.416
01:45:30	14.528	14.655	13.295	34.252	34.863	37.436	124.328	128.514	117.272	222.952	234.153	243.096
01:46:00	13.935	15.048	14.118	34.299	34.846	37.863	121.777	127.631	116.672	221.712	236.756	243.043
01:46:30	14.048	13.79	13.498	33.996	34.213	39.514	123.289	129.141	115.874	226.397	237.325	247.183
01:47:00	13.84	13.3	13.354	34.421	33.552	39.087	123.219	130.573	117.194	221.158	237.911	246.099
01:47:30	13.615	14.191	12.952	34.035	35.008	39.216	124.319	128.718	117.483	223.923	240.562	245.138
01:48:00	13.777	14.378	13.758	34.066	34.605	37.728	126.048	132.215	116.853	223.787	238.45	244.148
01:48:30	14.644	13.533	14.182	33.448	34.355	39.432	124.046	130.171	118.831	224.928	239.128	242.187
01:49:00	14.478	14.515	13.966	34.059	33.035	37.237	124.799	127.885	116.305	224.344	237.086	243.977
01:49:30	15.108	13.837	14.097	35.229	33.681	38.983	123.48	129.241	114.288	223.216	236.84	243.615
01:50:00	14.314	14.488	13.593	35.732	34.818	38.636	123.217	130.332	116.785	220.606	234.522	245.125
01:50:30	14.439	15.36	13.414	34.805	33.229	38.607	124.276	128.573	117.298	225.239	237.274	244.376
01:51:00	14.183	14.506	14.878	33.443	33.82	39.179	124.319	129.749	114.908	221.492	236.019	246.605
01:51:30	13.782	14.944	13.725	35.057	34.32	37.751	122.28	130.659	114.927	221.56	234.467	244.181
01:52:00	14.585	14.504	13.393	34.468	33.799	37.598	123.153	127.711	118.46	222.514	235.994	242.478
01:52:30	14.427	13.927	13.976	32.807	33.701	38.102	122.686	127.32	115.435	220.527	233.694	241.572
01:53:00	14.905	14.595	13.262	34.903	34.19	37.476	125.197	129.742	119.065	222.139	239.453	242.45
01:53:30	14.444	14.195	13.485	34.391	34.595	37.442	125.637	131	118.757	224.621	239.042	242.766
01:54:00	14.116	14.242	14.2	34.908	35.904	38.105	124.137	129.34	118.151	226.074	237.16	246.65
01:54:30	13.805	14.977	13.758	34.656	34.381	38.337	121.793	128.677	115.744	221.098	234.572	244.273
01:55:00	13.91	14.021	13.214	34.601	34.098	37.283	123.669	129.417	117.48	226.586	239.659	246.357
01:55:30	13.633	14.014	13.914	34.153	32.823	37.502	125.018	128.963	118.724	223.979	231.956	246.146
01:56:00	13.819	14.549	12.467	33.595	34.14	39.359	123.49	129.849	116.078	220.995	235.644	245.849
01:56:30	14.773	14.395	13.224	34.177	33.394	36.918	124.855	130.204	116.047	222.367	234.151	239.416
01:57:00	14.642	14.388	13.441	33.929	34.065	38.015	121.499	127.5	117.272	220.441	236.243	243.793
01:57:30	14.674	14.271	13.073	33.896	32.507	38.016	122.201	131.736	115.834	221.37	240.312	240.972
01:58:00	13.466	13.449	14.184	31.952	33.548	37.235	122.65	127.223	118.431	219.965	231.924	240.816
01:58:30	14.196	14.968	14.073	33.547	33.303	36.948	122.719	130.899	114.961	220.287	234.314	241.773
01:59:00	15.815	14.664	14.326	34.661	33.502	37.912	122.178	128.431	115.796	220.886	233.645	242.588
01:59:30	14.239	15.013	13.297	33.747	32.607	37.166	121.892	125.808	114.997	219.951	237.319	239.959
02:00:00	13.626	14.555	13.949	34.361	32.813	37.069	120.563	130.621	119	220.652	235.568	243.869