Time	25_1	25_2	25_3	50_1	50_2	50_3	100_1	100_2	100_3	150_1	150_2	150_3
00:00:00	60.03	66.283	59.914	111.568	122.975	136.184	248.433	249.345	241.323	358.758	348.633	354.577
00:00:30	52.469	62.753	55.968	108.658	115.363	118.73	237.517	224.325	231.78	345.797	337.911	345.222
00:01:00	50.42	53.83	50.879	104.543	111.182	113.462	222.709	217.835	218.995	331.252	324.414	326.673
00:01:30	47.512	48.443	47.383	99.378	109.768	107.415	216.778	211.85	214.361	316.109	312.474	319.566
00:02:00	47.831	46.976	45.669	95.476	106.917	104.239	208.154	203.159	205.572	310.25	306.449	303.087
00:02:30	43.96	43.907	44.555	93.753	98.991	99.191	198.273	201.575	197.554	302.906	294.769	301.73
00:03:00	44.091	42.541	42.848	90.992	97.336	96.743	189.017	187.882	193.796	301.768	294.119	298.003
00:03:30	39.664	40.859	40.419	87.869	92.102	95.941	193.435	185.059	185.012	295.429	289.681	293.131
00:04:00	39.915	39.801	37.26	86.111	89.624	93.369	181.374	176.942	183.22	290.167	283.048	284.725
00:04:30	39.01	37.696	36.509	84.362	88.043	90.882	182.661	168.911	177.039	293.069	285.859	289.909
00:05:00	36.67	37.339	36.133	81.268	85.887	86.634	173.325	165.701	169.327	287.608	282.864	285.714
00:05:30	36.357	34.452	35.202	78.925	85.604	86.014	173.687	167.672	169.124	285.858	278.959	283.071
00:06:00	35.293	33.619	34.835	79.123	82.63	83.004	170.322	159.505	164.807	282.737	278.74	282.987
00:06:30	33.746	34.369	32.957	74.316	79.937	79.973	166.293	155.735	160.47	284.911	274.485	273.772
00:07:00	33.579	32.27	32.861	74.218	78.103	76.787	164.63	151.942	159.424	278.436	273.582	275.404
00:07:30	32.218	29.734	30.458	71.592	74.783	79.244	161.467	155.637	159.281	276.765	271.26	271.685
00:08:00	30.917	30.737	31.007	71.32	75.981	77.165	158.912	149.711	156.582	276.971	267.336	271.447
00:08:30	31.671	28.681	29.302	70.851	74.223	76.733	157.428	149.963	153.791	275.445	267.57	271.338
00:09:00	30.908	28.451	30.564	69.197	71.902	75.781	156.046	149.548	155.433	273.798	270.491	273.414
00:09:30	29.384	28.41	29.543	67.52	70.097	73.64	156.434	145.969	149.853	275.107	262.458	272.137
00:10:00	28.385	28.293	27.713	65.4	71	71.874	155.365	144.768	150.59	276.32	267.542	271.001
00:10:30	28.674	26.303	27.035	65.033	72.889	73.86	152.915	142.663	149.72	273.45	263.936	268.045
00:11:00	28.163	26.372	27.273	65.229	68.745	70.897	151.435	140.854	149.396	271.652	264.518	269.825
00:11:30	26.965	26.084	26.291	63.64	68.309	70.451	154.785	141.252	148.8	275.094	264.336	265.579
00:12:00	26.549	24.397	25.378	62.966	66.148	68.157	149.631	138.869	150.342	269.226	261.529	267.785
00:12:30	27.103	23.85	25.209	61.888	65.039	66.993	149.435	140.146	146.314	267.985	260.278	264.035
00:13:00	25.739	25.568	25.157	59.371	65.381	66.195	150.522	138.306	145.71	267.954	260.929	267.895
00:13:30	24.638	23.805	23.662	60.84	64.913	63.936	149.136	138.307	146.525	268.72	260.239	264.632
00:14:00	24.826	21.986	22.733	58.95	64.277	63.953	145.847	136.777	140.433	266.19	262.726	263.91
00:14:30	24.78	22.073	22.054	57.521	62.926	65.041	146.907	136.812	143.872	267.583	255.094	261.021
00:15:00	24.526	21.415	22.084	56.734	62.711	64.468	144.536	136.04	145.706	262.391	258.213	260.895
00:15:30	25.331	21.861	22.823	56.11	61.371	62.835	145.512	135.177	140.16	264.657	260.217	263.656
00:16:00	22.87	21.428	21.774	57.6	60.663	61.714	144.423	133.405	141.237	266.178	258.363	262.897
00:16:30	23.047	20.647	20.293	55.113	61.576	61.384	142.918	135.349	138.041	266.103	257.164	261.199
00:17:00	22.898	19.985	21.062	54.565	60.752	61.639	141.199	134.692	140.025	260.008	256.291	265.61
00:17:30	21.956	19.404	20.386	54.649	59.732	60.478	143.303	132.882	137.983	263.031	257.38	261.859
00:18:00	21.534	20.655	20.168	53.481	59.049	58.954	143.195	132.449	139.319	263.064	256.75	259.303
00:18:30	21.432	19.54	20.085	53.803	57.735	59.142	140.966	131.593	136.826	262.645	256.414	262.462
00:19:00	20.924	20.262	20.294	51.243	56.675	59.34	143.483	134.057	139.212	260.796	256.451	261.645
00:19:30	21.048	19.378	19.483	51.41	57.33	58.9	142.897	131.9	137.614	262.904	256.454	256.47
00:20:00	20.876	17.993	18.451	51.378	57.772	55.889	141.832	129.339	136.349	263.118	256.909	262.542
00:20:30	20.397	19.244	19.553	51.238	57.158	58.18	139.384	130.092	137.245	259.977	257.777	255.682
00:21:00	19.826	17.89	18.275	50.393	57.311	55.055	138.513	128.859	133.75	257.723	252.043	258.438
00:21:30	20.088	18.559	17.403	51.409	55.948	56.165	138.339	128.755	136.851	262.599	254.373	256.284
00:22:00	19.177	18.269	18.345	49.966	54.229	54.268	139.874	129.22	137.322	261.2	249.416	258.181
00:22:30	19.952	18.533	17.564	50.674	54.505	54.815	141.892	130.215	137.007	260.437	255.324	256.837
00:23:00	19.514	16.307	17.994	49.427	52.674	54.005	139.706	127.565	133.466	260.098	252.949	253.563
00:23:30	18.783	17.645	17.959	48.525	53.975	54.105	137.34	128.574	133.147	258.815	248.862	255.172
00:24:00	19.038	18.043	17.21	48.341	52.993	53.916	137.246	127.27	132.83	260.235	251.283	254.277
00:24:30	18.568	17.823	16.98	47.48	52.841	52.815	138.196	126.95	133.969	256.124	246.918	253.815
00:25:00	17.061	17.133	17.737	46.46	51.275	52.327	137.449	126	136.396	257.208	250.053	255.666
00:25:30	17.575	16.413	18.111	46.934	53.966	53.473	138.431	125.03	134.14	258.332	253.752	255.816
00:26:00	16.985	16.679	16.602	47.353	53.578	53.19	138.722	126.36	135.552	256.209	253.338	256.299
00:26:30	17.537	16.353	17.84	46.299	52.651	50.933	136.937	125.271	130.767	256.52	247.312	251.707
00:27:00	16.692	16.564	17.103	46.544	50.804	51.2	135.577	125.501	131.463	257.223	247.134	250.779
00:27:30	17.255	16.368	16.33	47.545	50.362	51.472	139.044	127.182	132.048	259.271	250.227	250.878
00:28:00	17.837	15.937	15.969	46.408	50.03	50.609	136.381	124.701	132.704	257.325	249.129	251.89
00:28:30	16.373	15.539	16.362	45.358	50.116	49.863	134.672	127.304	133.372	256.296	249.556	254.353
00:29:00	15.914	15.976	16.003	45.078	49.315	48.685	135.918	124.98	133.104	255.422	245.967	250.729
00:29:30	15.517	14.903	14.975	44.803	49.671	48.244	135.615	125.468	132.462	255.137	250.867	253.24
00:30:00	16.275	15.635	15.941	44.221	51.856	48.33	134.089	125.726	131.571	254.491	246.965	253.899
00:30:30	16.406	14.882	15.11	44.48	48.663	49.059	133.397	126.878	130.831	256.79	249.663	252.271
00:31:00	14.883	16.059	15.7	45.524	49.59	49.895	135.058	123.958	129.474	257.242	250.892	252.616
00:31:30	15.245	15.417	15.013	43.879	49.067	47.768	133.401	124.054	132.465	255.229	249.396	251.736
00:32:00	15.567	14.483	15.569	44.022	49.193	47.316	130.964	123.815	132.456	256.768	251.465	251.649
00:32:30	15.947	14.713	15.034	44.518	48.198	48.175	133.793	126.095	128.432	255.632	249.164	249.391
00:33:00	15.924	14.926	16.079	42.836	46.103	48.266	133.511	120.819	133.489	254.826	246.917	250.949
00:33:30	16.002	14.892	15.417	43.322	47.587	47.463	135.43	123.733	129.426	252.181	246.229	253.017
00:34:00	15.808	14.248	13.397	42.943	48.165	46.552	135.182	122.738	130.408	255.044	248.559	247.831
00:34:30	15.243	14.188	15.11	43.802	46.124	46.506	134.079	121.372	127.587	257.198	248.688	250.876
00:35:00	15.057	13.735	14.332	41.783	46.347	46.727	132.186	119.252	130.549	252.772	250.729	249.885
00:35:30	15.278	13.74	15.573	42.623	47.281	46.809	132.857	121.441	129.352	255.678	247.257	247.575
00:36:00	14.398	14.097	14.666	42.256	45.678	47.173	132.829	123.197	129.955	254.508	245.64	252.566
00:36:30	15.128	13.311	15.029	42.552	43.324	46.185	129.985	121.656	131.976	252.487	245.2	249.356
00:37:00	14.824	14.473	14.839	40.198	45.208	47.673	132.339	126.467	129.784	254.413	248.248	251.164
00:37:30	14.241	13.825	14.194	39.878	45.641	46.527	133.345	122.219	126.065	253.298	246.21	250.894
00:38:00	14.238	14.639	13.528	40.202	45.192	44.873	133.772	122.627	127.868	252.916	247.379	251.033
00:38:30	14.62	13.111	14.526	41.316	45.787	45.27	132.93	122.457	128.418	254.97	244.632	252.075
00:39:00	14.428	13.553	13.695	41.306	43.684	45.75	129.999	121.791	128.189	254.102	245.655	250.091
00:39:30	14.511	13.575	14.825	41.025	42.97	46.317	131.359	122.823	126.73	253.628	248.665	251.526
00:40:00	14.643	13.448	14.058	39.518	44.533	43.75	132.93	122.737	128.309	252.903	248.948	250.952
00:40:30	13.156	12.886	13.15	40.162	42.561	45.698	130.548	120.858	125.908	251.996	244.6	249.46
00:41:00	13.832	13.298	12.974	39.053	43.799	44.336	132.906	123.35	128.992	257.383	248.864	255.229
00:41:30	14.064	12.57	13.574	41.03	43.01	44.027	131.724	119.876	127.534	251.023	246.028	248.657
00:42:00	13.548	12.189	14.682	39.643	42.299	43.705	130.334	120.047	129.124	253.982	246.554	249.086
00:42:30	14.229	12.764	13.517	39.635	44.471	43.704	131.822	120.758	127.959	252.838	247.607	250.369
00:43:00	13.644	13.134	13.797	39.858	40.898	43.909	130.625	119.756	126.816	251.316	245.481	248.051
00:43:30	13.602	13.964	14.557	38.979	41.545	43.911	129.83	119.635	125.454	249.561	241.888	251.677
00:44:00	12.84	12.327	14.111	38.272	41.475	43.493	131.656	120.486	128.873	250.534	243.199	245.531
00:44:30	13.951	13.083	12.832	38.256	40.888	43.796	131.723	121.082	130.161	249.813	244.645	248.966
00:45:00	13.145	12.342	13.442	38.484	39.624	42.035	128.667	118.885	125.794	252.44	245.115	247.019
00:45:30	13.517	12.929	13.593	38.175	41.723	42.393	130.932	121.357	126.852	248.851	244.537	247.384
00:46:00	12.809	12.972	13.206	38.818	40.852	43.865	130.106	119.184	126.459	248.243	241.382	245.886
00:46:30	13.395	12.5	13.565	38.218	39.814	41.797	130.175	120.397	127.591	252.48	239.373	249.032
00:47:00	12.913	12.326	13.51	37.928	42.17	43.436	130.325	118.799	128.345	254.407	244.247	250.373
00:47:30	13.294	12.465	13.096	38.37	39.674	42.553	129.641	118.718	123.858	250.926	244.788	248.876
00:48:00	14.465	12.622	13.501	37.931	40.705	42.558	128.905	120.932	128.38	249.297	244.238	247.399
00:48:30	14.435	12.884	12.904	38.809	40.654	42.86	126.596	120.498	124.591	252.846	246.184	248.094
00:49:00	12.867	12.582	12.948	36.915	40.056	41.252	128.904	117.331	125.674	246.146	244.143	245.416
00:49:30	13.953	12.73	13.134	37.451	41.341	41.929	130.258	119.354	123.361	247.549	240.664	247.317
00:50:00	13.457	12.124	12.891	39.034	39.201	41.24	129.558	119.05	126.453	252.416	242.125	246.785
00:50:30	13.979	12.755	12.966	37.946	40.122	42.294	129.632	118.408	125.004	247.742	243.12	247.726
00:51:00	12.438	11.896	12.972	36.531	38.378	39.7	129.226	117.757	125.372	248.331	243.145	246.27
00:51:30	13.491	12.504	13.265	38.793	39.353	42.571	128.249	117.663	126.051	247.045	242.175	246.636
00:52:00	12.337	12.309	12.203	36.323	39.616	42.402	130.233	117.716	125.836	252.515	242.989	246.945
00:52:30	12.836	12.565	12.657	37.269	40.335	40.39	127.087	117.505	125.664	253.276	240.181	242.431
00:53:00	12.772	12.046	12.104	36.692	39.233	40.195	128.459	117.703	125.789	249.208	240.123	246.561
00:53:30	12.441	12.234	12.389	37.165	39.363	42.529	125.713	118.039	124.884	250.503	243.297	242.583
00:54:00	13.299	12.46	12.88	36.788	40.497	41.111	128.194	118.284	126.357	246.494	242.797	243.111
00:54:30	13.411	12.253	13.632	36.327	39.304	40.347	129.89	118.054	126.352	248.854	242.842	244.901
00:55:00	13.763	12.286	12.501	36.718	38.727	39.063	128.344	121.532	123.323	251.216	242.408	248.826
00:55:30	13.293	12.567	12.885	35.563	38.183	41.409	128.332	119.658	125.234	251.04	241.094	248.541
00:56:00	12.484	12.751	11.682	35.538	37.975	40.63	129.2	118.626	126.987	248.458	242.298	248.09
00:56:30	12.322	11.433	12.541	36.506	39.649	40.399	130.087	120.169	127.357	246.895	244.448	246.786
00:57:00	13.182	11.543	12.575	36.304	39.483	39.889	128.508	117.271	123.037	249.338	243.106	247.089
00:57:30	12.669	12.512	12.546	37.259	37.781	39.605	129.891	118.271	122.857	246.651	240.788	246.658
00:58:00	12.482	12.378	12.532	36.44	37.266	39.983	129.752	117.869	125.029	248.742	240.422	244.918
00:58:30	12.694	12.16	12.7	36.043	38.294	39.96	127.362	115.863	128.028	249.197	238.872	243.723
00:59:00	12.796	11.905	13.308	36.603	38.47	38.974	129.326	117.263	122.017	247.286	242.98	244.022
00:59:30	12.588	12.275	13.256	35.223	38.035	40.36	129.048	117.062	125.171	248.586	237.434	244.837
01:00:00	12.106	11.743	12.652	34.698	38.97	39.978	130.392	117.884	121.834	249.713	241.5	244.088
01:00:30	12.812	11.648	13.104	35.199	36.499	39.178	122.88	118.331	124.305	250.851	241.809	243.566
01:01:00	12.768	12.18	13.194	35.463	37.521	39.301	129.247	119.382	123.961	248.374	241.854	246.031
01:01:30	11.974	11.759	12.423	35.433	37.313	39.567	126.253	121.951	124.663	248.661	239.529	246.502
01:02:00	12.936	12.704	12.907	35.592	37.126	39.833	127.866	117.19	124.962	245.165	243.061	241.814
01:02:30	12.252	12.079	12.008	34.819	38.493	39.281	126.206	117.664	123.951	250.324	238.608	243.415
01:03:00	12.882	12.409	12.242	33.749	38.481	38.797	129.18	118.908	122.775	249.443	241.081	240.271
01:03:30	12.081	12.454	12.78	35.369	35.603	39.948	127.141	116.757	124.22	245.564	236.378	244.532
01:04:00	12.52	12.061	12.91	34.342	37.504	39.241	129.7	116.45	123.01	245.397	242.206	239.835
01:04:30	12.304	11.547	12.621	34.377	37.344	38.552	127.29	112.79	124.514	247.351	243.782	243.715
01:05:00	12.381	11.836	11.935	35.319	38.131	38.221	125.732	117.54	121.954	247.424	241.82	244.742
01:05:30	12.308	12.003	12.62	34.025	37.372	38.781	127.968	118.249	126.535	250.845	239.547	244.448
01:06:00	12.959	11.912	12.105	34.497	36.925	37.242	123.762	115.49	123.002	251.59	240.623	243.743
01:06:30	12.704	11.543	11.242	32.742	38.229	39.625	126.176	117.752	123.658	243.776	239.37	243.433
01:07:00	12.446	11.092	12.196	32.829	36.31	38.38	128.368	116.012	123.073	249.631	240.82	245.036
01:07:30	11.962	12.512	11.722	34.294	37.37	37.363	126.314	118.495	122.569	248.229	238.274	243.531
01:08:00	13.035	12.426	11.987	32.878	36.509	37.608	126.282	117.557	124.479	250.551	243.143	242.931
01:08:30	12.069	11.467	11.747	32.393	35.684	37.087	125.901	116.681	123.497	247.944	236.324	242.942
01:09:00	12.199	11.526	11.165	33.175	36.295	38.427	126.506	115.602	124.14	246.326	240.872	245.875
01:09:30	12.46	10.662	12.303	34.469	36.078	37.625	126.083	115.454	125.661	243.678	239.08	243.262
01:10:00	11.537	12.005	11.202	32.708	35.989	37.399	127.91	116.775	124.567	247.462	238.49	246.211
01:10:30	12.217	11.573	11.867	33.271	36.82	38.793	124.712	115.5	124.797	248.073	234.4	242.61
01:11:00	12.161	10.823	11.98	32.098	35.83	37.288	126.625	115.045	124.312	247.627	236.641	241.078
01:11:30	11.787	11.941	12.403	31.357	35.977	36.901	124.814	114.843	123.314	243.901	239.067	241.007
01:12:00	12.896	11.664	12.201	32.675	36.569	36.905	126.259	115.688	123.471	245.731	239.551	246.037
01:12:30	12.687	12.207	12.269	32.465	35.102	37.159	128.556	116.433	122.679	247.154	240.488	243.361
01:13:00	11.999	11.536	12.28	32.256	37.524	36.489	126.767	116.076	120.172	240.023	232.739	241.553
01:13:30	11.097	11.064	11.386	30.746	36.572	36.619	125.031	115.736	121.566	243.344	237.743	240.647
01:14:00	11.535	11.131	11.496	31.746	35.951	39.61	127.548	115.754	121.74	243.416	242.089	242.935
01:14:30	11.335	11.305	12.494	31.385	37.236	37.758	127.336	118.252	121.436	246.449	235.967	238.56
01:15:00	12.31	11.278	11.486	31.543	36.633	37.275	125.848	116.132	123.05	248.387	240.6	242.638
01:15:30	12.139	11.649	11.552	31.431	35.284	39.065	125.531	116.109	121.806	245.347	241.503	243.756
01:16:00	12.729	11.664	11.612	30.315	35.42	36.92	123.75	115.848	122.908	242.924	237.055	240.482
01:16:30	11.115	11.51	11.825	29.844	35.432	36.393	126.872	116.778	119.117	247.236	241.253	238.945
01:17:00	10.754	11.577	12.71	29.522	35.74	36.088	127.065	113.895	122.014	245.652	238.429	242.081
01:17:30	12.206	11.308	11.615	29.803	35.511	36.556	125.326	114.399	121.662	245.377	233.568	239.724
01:18:00	11.741	11.315	11.942	30.9	36.288	37.1	125.584	117.48	122.049	244.841	239.336	240.397
01:18:30	11.678	12.588	11.767	29.977	34.96	34.971	125.316	115.098	121.77	244.188	240.827	242.289
01:19:00	12.037	11.863	11.662	30.094	35.422	35.424	125.331	116.875	122.763	242.948	236.705	242.972
01:19:30	11.727	10.882	12.746	29.621	34.699	35.057	125.453	115.818	120.757	247.089	239.129	239.086
01:20:00	12.157	10.859	11.352	29.717	34.546	35.947	126.006	114.522	123.903	246.249	238.552	240.764
01:20:30	12.14	12.014	11.926	30.81	34.404	36.176	126.567	118.875	125.292	248.061	237.463	239.93
01:21:00	12.14	11.436	11.98	29.062	33.985	35.738	126.705	117.098	124.41	247.06	240.581	240.631
01:21:30	12.114	11.921	11.736	29.756	35.243	34.166	126.405	115.801	122.219	245.869	239.693	244.903
01:22:00	12.215	11.472	11.66	29.904	33.805	36.042	128.042	115.679	123.924	244.249	239.663	241.51
01:22:30	11.144	10.808	11.937	28.66	35.512	35.396	124.834	114.739	119.693	244.577	234.272	241.106
01:23:00	11.795	11.549	11.394	29.683	34.305	35.652	125.682	115.796	120.78	246.012	239.537	239.606
01:23:30	11.539	10.558	12.368	29.195	35.491	35.685	126.37	117.128	121.431	247.317	236.609	243.578
01:24:00	11.817	12.426	12.593	29.296	34.153	34.408	128.21	117.14	122.619	243.032	241.572	248.207
01:24:30	11.97	11.813	11.509	30.345	33.082	35.636	124.472	116.176	124.336	240.673	237.841	238.012
01:25:00	12.278	10.925	11.588	28.399	34.458	33.458	124.103	115.359	120.834	246.304	240.253	243.09
01:25:30	11.596	11.562	11.479	28.832	33.477	34.417	124.413	113.547	120.378	241.164	237.958	238.802
01:26:00	11.62	11.074	12.235	29.075	32.625	36.068	124.248	114.348	121.632	242.715	239.99	241.886
01:26:30	11.308	11.42	11.761	30.035	32.804	34.885	124.267	115.742	121.225	240.91	236.377	239.827
01:27:00	12.427	11.641	11.158	28.401	33.278	35.154	125.548	112.173	124.907	246.753	237.199	240.658
01:27:30	11.685	11.024	12.1	28.476	33.501	33.333	125.726	117.459	122.027	245.833	234.556	240.578
01:28:00	11.908	10.745	11.609	28.763	33.032	34.976	124.241	113.852	122.741	244.719	238.086	242.302
01:28:30	11.689	10.72	12.238	28.46	33.256	34.798	124.503	117.4	121.603	244.553	234.394	240.21
01:29:00	11.814	11.564	12.469	28.474	32.207	34.51	125.683	114.186	120.232	242.39	236.173	239.139
01:29:30	12.107	11.514	12.378	29.172	31.769	34.148	124.259	114.083	121.298	244.626	235.274	239.297
01:30:00	11.639	10.817	12.041	28.997	33.602	35.249	124.722	117.438	120.038	244.967	238.247	245.403
01:30:30	11.545	11.857	12.628	27.689	31.535	34.882	125.975	112.661	121.305	244.955	233.987	240.256
01:31:00	12.007	10.532	11.693	28.521	32.105	34.461	125.735	115.692	121.125	245.731	236.748	241.277
01:31:30	11.87	11.511	12.524	28.367	31.896	34.846	125.731	116.244	123.752	243.063	238.291	242.531
01:32:00	12.317	11.433	11.466	27.644	33.834	34.561	124.026	114.164	122.136	244.476	239.435	240.25
01:32:30	11.764	11.449	12.032	27.146	31.496	35.314	125.021	115.499	120.967	244.412	236.772	239.054
01:33:00	12.949	12.039	11.69	28.693	32.751	33.951	123.883	117.105	121.301	244.34	234.189	238.609
01:33:30	12.505	11.569	11.853	27.165	33.188	34.411	123.455	116.248	121.869	245.382	236.236	240.746
01:34:00	11.644	11.432	12.294	28.32	32.194	34.894	125.165	114.807	121.445	246.389	237.831	240.296
01:34:30	11.756	11.224	11.788	27.947	32.783	34.138	122.068	113.812	122.01	244.517	231.737	241.937
01:35:00	11.915	11.765	11.722	28.728	32.232	34.111	125.136	114.756	122.981	241.159	231.809	236.89
01:35:30	12.212	11.799	11.207	27.85	32.301	33.798	125.423	115.964	120.809	243.816	239.691	241.363
01:36:00	11.757	11.372	11.692	27.774	31.629	34.964	125.973	114.476	121.266	245.93	234.882	239.784
01:36:30	11.915	10.722	11.639	28.219	32.593	34.387	125.39	114.902	123.024	244.853	238.263	241.32
01:37:00	12.039	11.739	12.214	29.06	32.226	33.256	124.613	112.984	122.663	245.163	235.261	237.533
01:37:30	11.461	11.1	11.801	27.818	32.578	32.197	122.804	114.285	122.854	241.845	235.182	239.003
01:38:00	12.262	12.045	11.842	28.637	32.091	35.413	125.239	114.501	123.307	243.933	237.721	239.936
01:38:30	11.577	11.307	11.58	26.704	33.212	34.257	125.013	113.226	119.412	242.016	231.984	239.853
01:39:00	11.997	11.544	11.847	27.96	30.248	33.107	123.767	114.384	120.146	243.813	236.924	237.28
01:39:30	12.396	11.88	12.189	28.811	31.92	32.539	125.44	113.014	122.323	246.727	239.048	240.03
01:40:00	11.216	11.849	11.506	27.901	31.819	34.494	125.34	114.803	120.33	242.389	232.458	238.627
01:40:30	12.028	11.554	12.088	28.786	31.079	33.977	123.21	111.476	121.168	243.503	235.394	237.317
01:41:00	11.467	10.542	12.175	28.151	32.143	33.555	124.887	112.815	122.126	240.586	234.988	239.047
01:41:30	11.143	11.025	11.811	26.84	32.275	33.613	123.074	112.122	119.886	243.605	234.715	242.889
01:42:00	11.764	11.304	13.224	27.432	32.157	33.158	128.407	114.916	121.271	244.209	237.553	238.248
01:42:30	11.886	11.19	11.901	27.091	30.997	32.938	124.314	115.679	120.689	238.326	235.454	243.069
01:43:00	12.196	11.738	11.186	26.912	31.709	33.191	126.148	114.537	123	246.428	233.763	240.302
01:43:30	11.722	10.934	12.164	26.964	30.839	33.285	125.422	113.067	119.896	241.085	235.193	242.318
01:44:00	10.892	11.43	12.292	27.971	33.393	34.431	123.926	115.427	121.208	244.616	236.626	240.844
01:44:30	12.068	11.399	12.652	28.102	31.854	32.91	123.315	113.596	121.604	241.763	232.635	238.683
01:45:00	12.233	11.237	12.454	28.412	31.732	33.936	122.808	113.695	121.147	243.072	232.85	236.272
01:45:30	12.144	11.575	12.395	27.422	31.704	33.405	121.862	112.657	119.401	242.521	234.172	238.014
01:46:00	11.541	11.035	11.707	28.4	32.088	32.994	121.259	111.807	124.732	242.235	233.172	238.765
01:46:30	12.154	11.513	11.014	27.286	32.976	35.244	121.302	114.595	118.372	238.775	237.993	238.683
01:47:00	11.522	11.209	12.275	27.491	31.263	33.771	126.117	114.348	123.45	243.599	238.02	240.611
01:47:30	11.986	10.91	11.354	27.319	32.911	33.574	124.496	114.249	120.392	244.117	237.277	238.543
01:48:00	12.36	12.264	12.361	27.449	32.797	34.583	125.266	115.583	121.264	241.062	235.728	239.955
01:48:30	11.305	10.849	12.932	26.847	32.994	33.363	121.661	113.581	122.791	245.331	234.304	237.669
01:49:00	12.248	11.87	11.563	27.518	32.037	33.867	125.463	113.889	122.904	242.758	235.199	241.228
01:49:30	11.398	11.505	11.839	27.807	32.419	33.407	124.425	114.39	118.598	244.705	234.26	239.139
01:50:00	11.238	11.205	12.806	27.268	31.32	34.076	123.269	114.789	120.463	240.501	234.352	238.002
01:50:30	12.051	12.319	10.68	27.111	31.621	32.628	124.649	115.628	119.855	242.643	234.705	236.327
01:51:00	11.325	11.228	11.777	27.256	31.767	33.554	122.963	114.326	119.305	238.428	233.881	239.67
01:51:30	12.605	11.772	11.858	26.374	31.815	33.085	124.481	114.107	118.175	241.683	233.737	238.737
01:52:00	12.835	11.763	11.73	27.209	31.589	33.313	124.128	112.415	120.524	244.766	231.325	236.297
01:52:30	12.267	11.222	11.881	26.916	31.698	33.84	124.877	112.333	121.492	243.527	233.181	238.49
01:53:00	11.72	11.179	13.255	27.104	31.41	32.278	124.085	115.076	122.17	245.294	237.64	240.701
01:53:30	12.301	11.575	10.875	27.756	32.201	34.156	124.233	114.03	120.522	243.589	236.141	235.416
01:54:00	11.771	11.837	12.143	27.265	31.383	33.441	125.008	114.001	120.548	244.028	237.242	242.364
01:54:30	11.475	10.919	12.051	28.449	31.588	32.733	124.294	112.938	120.404	244.791	234.446	239.632
01:55:00	11.998	11.13	12.689	26.445	32.202	34.012	121.637	113.982	120.25	243.663	238.422	242.527
01:55:30	11.246	10.902	11.589	28.523	32.525	33.376	124.231	115.406	120.391	239.474	236.45	239.799
01:56:00	11.901	11.77	11.003	27.702	32.205	34.038	123.712	113.414	121.026	244.393	237.446	235.34
01:56:30	12.023	11.895	12.446	27.836	31.169	34.831	122.364	114.899	117.935	243.806	236.014	239.018
01:57:00	13.55	11.872	12.339	27.115	32.984	33.012	123.151	115.474	119.808	237.667	233.689	237.144
01:57:30	11.776	11.273	11.49	27.791	31.156	34.274	121.35	114.966	119.522	240.105	230.262	238.673
01:58:00	11.915	11.256	11.856	27.113	30.937	33.301	124.773	110.783	120.727	239.153	231.626	239.705
01:58:30	12.403	11.976	11.617	26.781	32.393	32.492	123.854	113.148	120.027	243.066	234.625	237.014
01:59:00	11.765	12.028	11.816	28.245	30.709	31.981	123.81	112.355	122.304	244.181	234.237	237.483
01:59:30	12.706	10.764	12.127	27.477	29.874	32.369	124.307	115.971	121.562	240.739	234.886	235.204
02:00:00	12.254	11.618	12.733	27.428	32.904	33.997	123.964	114.555	121.284	239.956	235.874	238.999