Time	25_1	25_2	25_3	50_1	50_2	50_3	100_1	100_2	100_3	150_1	150_2	150_3
00:00:00	66.581	66.793	65.215	128.471	125.027	142.355	233.259	230.624	237.377	341.452	353.432	343.192
00:00:30	67.117	62.873	66.782	114.3	122.4	129.325	228.405	221.205	226.993	330.846	342.35	331.888
00:01:00	60.994	59.935	60.616	109.595	117.927	121.296	214.685	215.88	219.38	317.71	330.168	315.86
00:01:30	56.984	57.314	54.756	101.927	113.655	116.878	208.584	208.324	212.857	307.678	319.318	307.307
00:02:00	52.875	56.634	51.841	101.369	106.219	113.512	203.839	199.552	204.914	300.66	311.556	299.009
00:02:30	50.514	52.779	49.675	97.86	103.159	106.513	192.337	194.345	199.359	291.824	303.144	296.986
00:03:00	46.866	51.089	49.712	97.022	103.849	106.356	189.389	188.502	193.687	289.965	301.8	291.448
00:03:30	46.05	46.576	47.768	92.19	98.42	103.389	181.085	181.052	192.489	285.892	296.71	286.628
00:04:00	45.322	46.273	45.33	90.716	93.619	94.992	180.274	175.77	182.344	282.819	292.6	282.352
00:04:30	42.873	43.301	44.371	90	89.218	92.807	172.072	174.587	179.168	276.922	289.624	278.188
00:05:00	42.301	41.68	42.645	88.57	88.128	88.347	172.362	164.735	172.951	275.46	286.048	278.739
00:05:30	39.253	41.725	40.841	86.195	85.583	86.476	167.855	162.478	170.274	272.743	289.025	278.46
00:06:00	39.939	39.558	39.837	83.924	84.401	86.912	165.787	162.518	166.063	271.69	287.269	273.53
00:06:30	39.135	38.357	40.836	82.157	83.41	84.994	163.029	162.74	161.935	269.236	282.299	271.971
00:07:00	38.107	37.945	37.519	81.133	78.933	80.673	161.828	156.756	160.039	268.896	278.878	270.363
00:07:30	36.584	35.311	37.276	77.754	79.101	80.658	160.732	156.782	153.777	267.515	284.108	269.189
00:08:00	34.61	34.784	35.52	77.669	78.56	74.199	157.419	154.343	151.02	264.65	280.165	268.287
00:08:30	35.364	33.183	32.962	75.774	76.623	76.051	156.618	153.545	152.848	264.164	279.116	262.82
00:09:00	33.648	33.287	32.907	76.344	76.107	76.43	157.387	152.919	151.502	266.633	280.783	264.465
00:09:30	32.852	33.293	32.916	73.457	74.451	75.092	155.256	151.897	148.547	263.558	278.485	263.908
00:10:00	32.379	31.599	32.551	74.625	73.972	72.641	153.223	148.054	147.622	262.112	274.43	264.505
00:10:30	31.012	31.211	32.333	72.032	73.867	72.638	151.975	150.009	146.466	265.878	276.784	263.1
00:11:00	30.962	30.869	30.349	70.502	70.261	73.413	150.042	146.329	146.967	260.525	274.192	261.506
00:11:30	29.636	30.074	29.479	71.224	70.099	72.347	150.293	146.627	144.898	260.895	273.026	263.411
00:12:00	29.614	28.151	29.599	71.197	70.562	70.225	147.879	145.487	143.402	259.286	275.937	259.878
00:12:30	30.129	27.648	28.44	67.079	69.539	70.737	146.902	145.129	144.812	256.205	268.467	262.93
00:13:00	27.89	28.914	28.014	64.717	68.617	68.336	146.319	143.043	139.973	256.777	270.038	261.207
00:13:30	29.754	28.626	27.297	64.923	68.487	67.826	145.503	143.229	136.686	257.671	269.132	253.674
00:14:00	27.584	26.926	26.163	65.919	65.995	64.868	145.217	144.656	138.866	256.534	270.298	258.968
00:14:30	27.382	26.658	26.633	64.018	65.437	65.773	145.242	140.067	138.042	256.182	266.911	256.425
00:15:00	26.816	26.447	26.174	63.091	65.329	65.937	143.381	140.45	136.432	255.285	267.388	259.949
00:15:30	25.482	25.461	26.21	61.469	63.993	66.43	144.519	139.944	134.697	255.082	267.898	255.638
00:16:00	25.5	25.59	27.122	61.446	62.485	63.419	143.845	138.401	137.114	255.755	267.262	257.182
00:16:30	24.799	25.322	23.957	61.675	63.276	63.785	144.419	139.275	135.283	253.452	267.111	252.657
00:17:00	25.554	25.566	24.9	60.467	61.607	61.848	140.227	135.3	135.289	251.671	263.51	248.657
00:17:30	24.199	24.143	24.39	58.953	62.907	61.085	140.812	138.878	134.216	255.877	269.7	252.452
00:18:00	24.072	23.344	23.209	58.821	60.362	62.182	139.462	137.531	134.303	252.878	263.795	251.574
00:18:30	23.385	24.068	23.957	58.114	59.423	62.466	141.063	136.357	132.707	252.117	266.35	251.119
00:19:00	24.063	23.723	23.892	56.754	60.883	60.239	138.354	137.121	132.63	253.545	264.626	254.603
00:19:30	23.524	23.612	23.381	56.844	59.04	59.062	141.833	134.079	135.336	250.294	268.595	255.132
00:20:00	22.89	24.878	22.252	56.95	59.293	60.301	139.497	134.771	134.318	253.121	264.254	250.973
00:20:30	22.565	23.154	22.269	56.724	59.456	57.632	136.66	135.523	134.648	247.443	263.996	249.454
00:21:00	22.729	21.871	20.427	53.367	57.446	57.576	136.144	134.721	133.292	249.588	259.223	250.795
00:21:30	22.283	23.419	21.219	55.796	58.087	58.138	138.742	137.812	131.742	251.142	260.108	249.967
00:22:00	22.721	22.021	21.979	54.698	58.95	57.885	136.743	135.315	131.939	253.379	262.88	251.569
00:22:30	21.857	20.891	20.223	53.366	58.36	57.802	135.783	133.632	134.32	249.026	262.004	250.093
00:23:00	20.885	21.14	21.005	52.686	57.157	57.796	137.365	134.498	129.834	251.403	260.107	250.232
00:23:30	21.401	20.544	20.578	53.058	57.408	55.675	135.714	132.085	131.229	246.702	260.911	249.061
00:24:00	21.444	21.313	20.314	54.867	57.146	54.734	135.389	132.13	132.66	250.511	261.23	250.932
00:24:30	20.604	19.722	20.207	53.269	55.656	56.643	134.863	131.776	129.766	252.716	261.564	245.472
00:25:00	20.294	20.159	19.983	52.486	54.119	56.329	136.421	132.869	130.708	247.808	260.293	247.097
00:25:30	20.093	20.256	19.93	52.769	54.724	56	134.751	132.495	129.209	249.894	260.645	247.62
00:26:00	20.283	19.878	19.861	50.507	55.67	54.861	134.363	133.053	130.822	251.699	259.854	250.461
00:26:30	19.475	19.951	19.346	51.84	53.911	54.607	132.513	131.299	126.853	250.38	258.925	243.881
00:27:00	19.062	20.708	19.813	49.615	52.74	55.168	135.138	129.486	126.853	248.526	256.648	246.358
00:27:30	20.194	20.098	19.099	50.177	53.357	53.893	136.235	130.772	127.102	248.978	261.172	247.699
00:28:00	20.355	20.083	18.984	50.763	55.447	54.536	133.569	131.798	127.342	247.233	257.996	246.5
00:28:30	19.328	18.383	17.919	50.607	53.872	53.867	133.154	130.985	127.271	250.499	257.245	246.491
00:29:00	19.976	19.455	17.544	51.029	52.879	52.326	133.314	131.781	125.661	247.669	256.634	245.881
00:29:30	17.863	18.525	17.79	49.263	54.453	52.262	134.864	131.739	127.641	244.449	257.46	247.241
00:30:00	18.918	18.726	18.04	49.264	53.444	50.88	134.526	131.584	126.568	245.602	257.355	245.747
00:30:30	18.943	18.927	18.097	50.018	53.635	51.195	132.038	129.031	126.749	248.466	260.738	242.415
00:31:00	18.859	17.887	16.285	47.502	51.039	50.081	131.973	129.115	125.567	245.459	257.247	246.935
00:31:30	18.544	19.039	16.914	47.323	51.676	51.229	132.128	130.117	125.297	245.748	257.774	245.67
00:32:00	17.579	17.92	18.098	49.634	48.76	51.092	133.999	132.545	124.218	249.118	255.382	246.356
00:32:30	17.376	17.878	17.527	47.877	49.854	50.595	132.275	125.995	126.36	246.031	258.102	240.07
00:33:00	17.797	18.117	16.618	47.468	49.407	48.945	132.805	130.091	125.905	244.106	256.193	240.868
00:33:30	17.741	18.241	17.298	47.051	49.498	49.24	131.803	129.521	124.829	243.067	256.285	247.464
00:34:00	17.496	18.115	17.245	45.945	50.713	49.932	131.775	128.961	125.561	246.491	255.923	245.47
00:34:30	17.828	17.869	16.961	44.964	48.75	47.946	131.133	128.251	124.496	245.965	255.184	241.455
00:35:00	17.453	17.484	17.21	43.405	48.098	49.102	128.484	126.583	124.497	243.619	255.603	242.54
00:35:30	18.003	17.621	16.593	44.775	49.064	47.879	130.86	130.119	125.036	245.968	254.195	241.133
00:36:00	17.33	17.77	16.247	43.323	47.578	48.581	131.972	128.84	124.729	242.152	256.364	244.155
00:36:30	17.034	18	15.894	43.105	48.134	47.64	130.914	125.412	122.16	244.966	257.644	246.5
00:37:00	16.716	17.663	15.038	45.722	46.896	47.646	131.462	128.222	125.07	247.805	257.631	244.024
00:37:30	16.866	17.199	16.027	43.695	48.745	46.2	129.664	128.516	124.881	245.819	252.544	242.103
00:38:00	17.047	17.146	16.591	44.248	48.598	47.288	129.54	128.39	123.59	246.652	259.066	241.497
00:38:30	16.77	16.68	15.809	44.149	47.321	45.397	131.098	127.454	122.415	240.725	257.036	244.054
00:39:00	16.7	16.437	15.718	42.16	47.046	47.47	129.735	125.106	120.437	240.16	256.238	244.175
00:39:30	16.598	16.316	16.658	43.731	45.648	45.302	131.417	127.519	125.497	245.9	256.684	246.001
00:40:00	15.326	15.667	15.577	42.091	46.387	44.551	130.756	125.315	124.001	244.284	256.695	245.507
00:40:30	15.852	16.608	15.569	41.716	46.548	44.832	128.931	126.508	123.809	243.358	253.332	245.294
00:41:00	16.873	16.763	15.717	40.898	43.764	45.985	131.227	127.833	124.887	248.037	258.099	243.527
00:41:30	15.802	17.727	15.496	42.6	46.479	45.467	131.406	125.989	123.662	243.531	254.111	243.674
00:42:00	16.203	16.941	15.758	40.535	45.606	45.247	129.563	124.302	122.235	244.431	252.674	240.998
00:42:30	15.725	16.808	15.211	41.698	45.171	46.073	128.3	128.093	122.78	243.707	255.42	244.251
00:43:00	15.558	16.458	15.161	42.027	44.617	47.403	129.366	126.59	122.087	244.505	256.601	238.76
00:43:30	15.884	16.129	14.991	40.167	45.694	44.182	130.857	128.235	123.435	242.372	253.533	241.525
00:44:00	16.164	14.85	15.795	40.079	43.632	45.118	129.562	125.771	123.488	242.383	253.804	242.305
00:44:30	15.857	14.651	15.244	40.852	44.217	45.594	130.783	126.963	124.112	244.838	251.904	238.222
00:45:00	15.186	15.633	16.385	40.148	45.37	43.76	128.832	124.019	121.444	240.09	252.563	241.873
00:45:30	15.598	15.855	15.11	40.839	44.352	43.14	128.255	129.076	122.55	240.39	253.317	241.84
00:46:00	15.667	15.735	14.415	40.289	44.388	45.345	129.66	125.892	121.384	242.143	254.375	239.747
00:46:30	15.12	15.905	15.292	40.301	43.894	43.932	127.104	124.145	123.954	245.039	251.312	242.146
00:47:00	16.087	14.787	14.778	40.583	44.21	44.655	130.521	126.031	121.602	245.886	250.406	242.467
00:47:30	15.714	15.027	14.395	38.65	44.112	43.788	129.484	125.84	122.597	243.516	252.127	237.684
00:48:00	15.231	16.076	13.924	41.406	44.449	41.885	128.187	126.695	120.215	239.135	256.104	239.893
00:48:30	14.783	15.662	14.8	40.448	44.062	43.201	127.513	126.586	122.552	244.048	254.005	240.91
00:49:00	15.637	15.067	14.34	40.479	44.034	41.609	126.7	123.585	121.347	243.568	252.058	238.392
00:49:30	15.566	15.576	15.247	39.386	44.129	42.948	128.986	126.1	120.349	239.712	254.154	238.176
00:50:00	15.327	15.743	15.271	39.042	43.001	43.714	128.482	125.979	122.348	245.518	254.683	236.141
00:50:30	14.743	14.787	14.07	39.193	43.089	41.821	128.336	125.535	123.358	243.471	244.553	238.466
00:51:00	13.799	15.425	14.357	38.847	41.985	43.098	129.405	125.301	120.984	239.888	250.854	239.353
00:51:30	15.15	16.197	14.582	39.846	43.45	43.971	125.409	124.078	121.436	243.806	252.588	239.48
00:52:00	15.643	16.002	14.821	37.655	43.606	44.018	128.015	125.579	122.24	241.889	251.219	239.337
00:52:30	15.128	14.867	14.604	38.283	44.217	43.091	126.646	127.39	122.949	241.003	252.589	240.923
00:53:00	14.665	15.123	13.728	38.76	42.133	44.124	126.22	124.462	123.213	242.727	251.449	240.454
00:53:30	14.744	15.186	14.486	37.747	43.136	43.368	126.6	122.289	121.125	237.676	248.902	237.807
00:54:00	14.987	15.094	14.289	38.479	41.797	43.085	127.629	124.214	120.477	238.33	249.267	238.429
00:54:30	15.657	15.656	14.373	37.708	43.189	42.208	130.209	124.817	120.245	243.513	249.277	241.369
00:55:00	13.882	14.891	13.73	38.33	41.78	41.6	125.982	123.7	121.221	242.682	249.725	241.822
00:55:30	14.183	15.288	14.756	39.587	41.825	43.098	127.054	124.823	122.068	237.818	252.7	240.28
00:56:00	14.341	14.939	13.141	36.843	41.145	41.785	123.682	124.382	124.163	242.331	250.342	241.739
00:56:30	14.441	15.08	14.07	39.126	41.666	42.058	127.058	124.713	122.51	237.893	252.074	240.995
00:57:00	14.762	15.193	14.052	36.661	42.19	42.446	129.507	124.577	120.989	237.963	249.9	241.425
00:57:30	15.236	14.34	14.062	37.926	42.539	40.923	125.378	123.217	121.283	239.023	252.135	243.983
00:58:00	14.554	13.986	14.251	37.033	42.033	40.148	127.168	122.053	121.678	237.151	252.343	235.592
00:58:30	14.873	14.212	14.169	37.514	40.791	40.392	125.014	125.185	121.025	240.24	250.92	237.23
00:59:00	14.332	15.517	15.243	37.77	41.179	41.337	129.835	123.876	121.304	242.884	252.106	237.491
00:59:30	14.97	14.65	15.128	36.636	41.511	42.042	125.832	126.007	122.819	239.455	249.603	236.042
01:00:00	14.39	14.309	14	37.721	41.085	43.081	125.726	122.192	119.623	238.286	251.234	238.68
01:00:30	14.467	15.384	13.801	36.655	41.65	40.829	126.002	121.374	119.156	238.594	253.619	237.852
01:01:00	13.965	14.622	14.557	37.706	42.749	42.628	125.009	121.609	119.511	236.678	250.947	234.276
01:01:30	14.652	14.145	14.26	37.602	40.794	41.744	128.173	121.161	120.697	240.957	253.718	238.433
01:02:00	14.372	14.059	13.269	37.227	40.98	41.476	129.484	123.904	120.479	239.076	250.067	240.902
01:02:30	14.249	14.249	14.098	37.805	41.436	39.705	126.259	122.564	121.323	241.289	251.661	238.554
01:03:00	14.962	13.731	13.507	36.218	41.307	40.394	126.973	122.245	119.301	241.703	249.679	238.14
01:03:30	14.774	14.195	12.963	35.323	40.249	40.268	125.319	122.46	121.644	238.76	249.859	241.546
01:04:00	14.863	15.167	13.736	37.001	41.044	39.733	122.812	121.369	120.167	236.457	247.945	238.473
01:04:30	14.453	14.334	14.268	35.577	39.947	41.146	125.62	121.903	120.63	239.446	251.138	234.147
01:05:00	13.724	14.778	13.971	35.753	40.114	39.416	125.005	120.304	118.145	238.647	250.691	239.416
01:05:30	14.502	14.397	13.486	35.502	41.606	39.784	127.118	120.849	120.937	243.335	253.086	238.134
01:06:00	14.253	13.903	13.142	35.312	39.514	39.786	125.58	123.745	119.295	240.799	249.984	233.792
01:06:30	14.812	14.497	13.328	35.557	40.633	40.836	124.661	123.071	119.201	243.467	251.886	235.788
01:07:00	14.089	13.61	13.67	36.628	40.312	39.674	125.059	124.001	117.719	239.508	248.881	237.142
01:07:30	14.564	14.06	13.54	36.452	40.096	39.645	126.978	120.358	121.141	240.494	250.472	236.934
01:08:00	14.083	14.027	14.335	35.75	40.801	39.709	125.463	124.153	119.415	239.424	247.99	238.155
01:08:30	14.103	13.854	13.714	35.28	40.702	42.17	125.446	121.852	118.616	238.578	249.761	235.407
01:09:00	14.151	14.066	13.139	35.679	40.835	39.144	123.803	122.318	119.647	237.388	251.71	234.72
01:09:30	13.852	14.023	13.495	35.704	40.606	40.109	124.104	125.566	118.648	238.24	247.84	234.983
01:10:00	13.183	14.135	13.369	34.824	40.5	39.125	125.717	122.889	117.734	242.731	253.361	238.294
01:10:30	14.181	13.427	12.671	36.533	40	38.266	123.986	119.712	121.878	237.537	247.823	236.298
01:11:00	14.342	14.674	13.78	34.836	39.763	39.433	124.692	122.337	118.421	239.842	248.645	238.018
01:11:30	14.17	12.995	13.669	34.924	39.53	39.685	123.672	122.509	117.052	236.912	247.561	230.959
01:12:00	13.748	14.938	13.614	35.22	40.386	39.738	124.069	121.667	118.104	233.454	251.496	234.977
01:12:30	13.911	13.372	13.119	35.199	41.268	40.43	123.984	121.54	120.68	239.678	249.975	237.957
01:13:00	13.808	14.735	12.987	35.591	39.895	39.013	123.755	120.573	118.23	237.935	247.826	236.333
01:13:30	13.593	13.966	12.893	34.474	39.931	37.613	123.161	124.199	117.802	240.776	248.487	237.158
01:14:00	13.24	14.826	13.073	36.181	39.705	39.312	124.583	121.565	118.269	239.269	248.651	239.186
01:14:30	13.888	14.096	13.405	36.743	39.791	40.435	122.713	123.009	119.43	241.799	245.346	239.44
01:15:00	13.38	15.064	13.323	36.502	39.925	39.93	124.277	119.343	117.121	242.288	251.187	239.221
01:15:30	13.904	14.242	13.686	35.288	39.208	40.654	121.726	120.758	119.142	240.329	247.983	240.04
01:16:00	13.627	13.742	12.706	35.346	38.7	39.516	122.737	124.4	116.717	237.616	246.876	235.148
01:16:30	13.843	14.621	13.661	35.779	39.299	40.374	125.777	121.369	117.287	242.021	246.972	237.308
01:17:00	14.02	14.502	13.482	35.636	38.508	38.904	123.796	121.158	118.922	233.477	249.258	236.896
01:17:30	13.726	13.97	13.415	34.164	38.332	37.82	124.192	119.307	118.07	232.796	244.798	233.414
01:18:00	13.515	13.67	13.098	36.793	39.922	37.883	126.015	121.31	120.41	241.416	243.807	236.937
01:18:30	13.318	13.734	13.481	36.749	39.718	38.977	124.658	121.98	121.469	240.138	250.167	235.16
01:19:00	14.641	13.928	13.638	35.016	40.124	39.305	122.735	120.247	119.215	238.583	247.004	234.96
01:19:30	14.2	13.234	13.968	35.876	39.557	39.132	123.066	119.552	116.96	236.025	246.028	234.014
01:20:00	14.024	14.097	13.237	34.628	37.364	37.779	125.075	121.637	118.427	240.05	244.931	237.198
01:20:30	14.221	13.966	13.395	35.306	37.739	39.392	126.067	121.152	120.624	241.295	250.952	234.988
01:21:00	14.063	14.368	13.887	35.189	39.172	38.165	126.216	120.024	117.031	237.268	243.939	239.097
01:21:30	14.25	12.817	12.571	33.385	39.555	39.086	122.35	122.587	117.939	235.923	247.778	237.503
01:22:00	13.32	13.577	13.593	34.928	39.407	37.07	124.256	119.861	117.418	236.124	246.893	235.46
01:22:30	14.133	13.451	13.256	35.209	39.014	37.608	123.378	121.847	117.996	235.731	246.818	235.098
01:23:00	13.396	14.035	13.321	34.272	38.21	37.867	127.569	119.634	119.584	237.44	250.543	233.199
01:23:30	13.387	14.234	13.166	34.508	39.551	38.96	121.978	120.422	120.218	237.79	248.426	233.907
01:24:00	14.05	13.248	13.072	35.29	38.199	38.179	121.816	121.066	117.014	240.265	250.271	239.723
01:24:30	13.987	12.778	13.307	33.905	38.524	38.611	124.369	118.885	118.603	236.936	248.356	234.768
01:25:00	13.922	13.496	12.652	34.006	39.142	37.698	125.132	120.543	116.837	237.268	251.144	236.342
01:25:30	13.728	13.534	12.996	34.653	37.959	37.707	121.674	119.12	116.448	236.98	244.384	232.857
01:26:00	13.87	14.117	12.898	33.775	37.539	38.525	121.144	121.874	120.425	239.67	247.451	234.347
01:26:30	13.874	14.569	14.004	33.568	38.623	37.786	122.617	121.061	118.102	239.325	247.169	235.623
01:27:00	14.537	13.456	13.253	35.761	37.905	38.019	124.027	118.43	118.931	236.458	245.982	232.477
01:27:30	13.481	13.161	13.319	32.963	37.089	37.207	123.8	117.278	116.163	236.178	248.07	232.15
01:28:00	14.416	13.755	13.213	34.321	38.86	36.819	123.98	121.855	116.907	236.532	248.088	237.102
01:28:30	14.493	13.623	14.282	35.251	37.581	38.29	124.108	119.552	117.77	235.532	249.041	232.487
01:29:00	12.864	13.83	13.049	33.667	36.999	37.83	123.176	121.062	117.536	237.894	244.234	233.601
01:29:30	14.368	13.493	12.331	33.61	37.747	37.516	121.489	120.782	117.248	234.818	246.281	237.824
01:30:00	13.605	14.218	12.605	33.727	36.853	37.391	123.576	121.095	120.274	242.223	248.419	237.668
01:30:30	13.513	12.959	12.862	33.895	38.379	37.449	124.075	121.888	120.076	236.015	244.611	234.854
01:31:00	13.619	14.006	13.636	34.051	36.971	36.941	124.012	122.869	116.141	235.304	244.625	234.877
01:31:30	13.853	13.999	13.151	33.166	38.457	37.866	126.204	121.071	118.118	236.719	246.198	235.933
01:32:00	13.709	14.728	13.608	33.553	38.96	37.412	121.668	122.212	119.383	239.016	248.091	235.457
01:32:30	14.203	13.43	13.182	33.115	38.277	37.772	123.524	120.287	116.355	234.573	244.211	229.725
01:33:00	12.875	13.598	13.921	34.027	38.448	35.703	123.13	120.77	119.484	236.374	245.866	234.403
01:33:30	13.232	13.749	12.696	33.544	38.544	37.009	123.551	119.406	116.754	236.114	246.586	231.822
01:34:00	13.465	12.562	13.245	33.674	37.027	36.737	122.764	120.12	117.799	239.158	247.166	233.892
01:34:30	12.597	13.294	12.923	34.053	37.538	37.089	122.033	120.899	117.644	235.902	244.239	231.954
01:35:00	13.337	13.971	12.488	34.283	38.14	37.498	122.062	120.762	117.003	239.441	247.418	231.881
01:35:30	13.114	14.097	12.377	33.763	37.586	37.883	123.086	119.646	119.097	236.889	250.689	230.943
01:36:00	14.049	14.059	13.049	33.504	36.465	36.56	122.003	121.279	117.254	236.329	247.717	232.648
01:36:30	12.625	13.503	13.203	34.043	37.789	37.571	123.332	119.522	118.74	237.718	246.349	234.961
01:37:00	13.97	12.888	12.123	33.939	37.118	36.643	123.408	117.207	115.112	237.276	248.034	233.604
01:37:30	13.227	13.053	13.064	32.053	36.667	38.018	122.553	118.352	116.098	233.382	244.776	230.47
01:38:00	13.912	14.313	13.426	32.932	37.152	36.521	124.845	119.064	116.991	233.918	247.72	234.285
01:38:30	13.63	13.87	13.454	32.808	36.565	35.753	120.726	119.47	114.851	230.833	243.064	233.359
01:39:00	14.309	13.342	13.338	33.183	37.964	36.06	121.691	118.014	117.452	239.985	249.442	232.349
01:39:30	13.892	13.843	12.319	33.839	36.9	37.554	123.596	118.262	118.266	234.342	247.565	233.501
01:40:00	14.095	14.069	12.955	32.928	37.036	36.121	120.993	117.895	118.949	236.969	244.309	233.896
01:40:30	14.621	13.911	13.664	33.584	36.489	35.312	121.396	120.18	116.31	234.293	245.82	231.823
01:41:00	13.912	14.488	13.657	32.853	36.804	38.196	122.293	121.677	118.213	236.254	242.343	235.135
01:41:30	13.508	13.592	12.535	34.377	37.653	36.277	120.25	119.577	117.953	237.637	247.275	231.273
01:42:00	13.177	13.309	13.779	33.381	38.027	37.34	122.166	119.015	118.622	241.372	248.677	231.651
01:42:30	14.044	13.646	13.936	32.533	36.438	36.685	122.894	119.935	115.192	236.002	245.692	232.696
01:43:00	13.084	14.194	13.102	34.265	34.908	36.82	123.635	118.786	117.857	236.984	244.218	232.968
01:43:30	13.626	13.788	12.951	33.128	36.512	37.356	122.505	122.348	115.784	234.003	245.265	234.246
01:44:00	14.705	12.919	13.05	33.261	37.262	35.899	121.466	118.742	117.041	236.691	246.663	234.207
01:44:30	14.163	13.954	13.044	33.148	36.132	36.739	123.919	119.631	115.856	237.35	244.998	230.83
01:45:00	14.109	13.599	12.94	33.202	36.773	36.345	121.668	118.143	117.341	233.351	245.005	230.099
01:45:30	14.352	13.914	13.132	32.646	35.694	36.927	121.022	117.762	117.832	235.078	242.752	232.77
01:46:00	13.319	13.402	13.459	34.87	37.29	35.718	125.37	118.099	119.056	236.553	244.429	230.479
01:46:30	13.188	13.917	13.838	31.654	38.154	36.924	122.675	120.23	119.886	232.971	247.692	233.467
01:47:00	13.847	13.721	13.502	32.761	36.439	37.097	124.186	119.174	116.287	236.476	246.703	233.899
01:47:30	13.628	12.931	12.648	31.924	36.289	35.997	120.71	117.42	116.717	232.911	246.174	233.354
01:48:00	14.36	12.811	12.679	33.161	36.293	36.03	126.162	119.637	116.807	233.131	245.711	232.199
01:48:30	13.212	13.588	13.973	33.266	37.156	36.28	121.932	121.447	117.394	232.689	247.006	233.485
01:49:00	13.796	14.131	13.436	33.768	36.651	35.227	122.708	120.122	117.679	234.697	244.813	233.019
01:49:30	13.976	13.179	12.824	32.325	36.13	36.513	124.562	118.112	117.125	236.902	246.91	236.618
01:50:00	13.298	13.354	13.279	32.944	36.663	36.04	125.331	119.409	116.531	235.677	246.545	233.124
01:50:30	14.108	14.046	13.866	32.576	35.524	37.07	123.398	121.505	119.476	235.838	244.475	231.072
01:51:00	12.867	13.828	12.705	32.418	35.792	36.04	123.496	119.929	117.476	235.418	245.051	232.362
01:51:30	13.118	13.8	13.426	32.595	36.37	36.12	120.712	120.503	115.62	236.345	247.309	230.824
01:52:00	13.483	14.1	13.062	33.133	37.125	36.261	122.419	118.717	116.049	234.138	242.463	234.238
01:52:30	14.501	13.08	13.307	32.906	35.309	36.202	119.858	119.812	114.851	233.143	243.736	232.956
01:53:00	14.32	13.872	14.088	32.635	36.776	35.812	123.574	118.012	117.323	234.816	245.505	233.996
01:53:30	13.364	14.348	12.853	32.987	36.736	35.659	122.378	119.155	116.56	238.348	246.76	233.328
01:54:00	13.932	13.94	12.116	32.392	35.928	35.846	123.213	119.325	118.634	235.367	241.973	235.308
01:54:30	13.328	12.935	13.389	32.433	37.292	37.238	120.275	121.038	117.87	233.774	246.926	231.498
01:55:00	13.256	14.196	12.669	33.01	36.897	36.764	121.829	120.397	115.37	236.392	246.661	232.968
01:55:30	13.02	13.66	13.285	33.296	35.645	36.417	122.251	118.851	117.942	233.145	246.369	231.998
01:56:00	13.237	13.671	12.627	32.169	35.77	36.104	120.933	119.773	114.045	235.712	243.658	232.515
01:56:30	12.693	13.181	12.144	31.973	35.265	37.116	121.522	119.134	115.741	236.346	245.872	234.399
01:57:00	13.492	14.574	13.082	31.582	36.987	36.379	121.874	121.144	117.267	233.515	244.926	228.181
01:57:30	14.55	12.914	12.898	33.733	35.689	35.853	121.767	119.836	115.669	236.113	246.28	235.384
01:58:00	13.367	14.031	12.81	31.973	34.882	35.712	120.902	117.551	117.523	232.811	242.319	230.051
01:58:30	14.056	13.2	12.438	32.463	37.038	34.893	122.278	120.434	115.013	233.935	244.193	232.925
01:59:00	14.755	13.546	12.476	31.644	35.747	36.119	123.118	119.154	117.811	229.407	244.936	230.891
01:59:30	13.292	12.423	13.344	33.769	35.317	36.074	122.544	120.475	114.77	234.107	242.659	230.312
02:00:00	13.007	14.285	13.555	31.754	35.635	34.925	121.241	118.766	114.968	235.204	246.648	228.208