Time	25_1	25_2	25_3	50_1	50_2	50_3	100_1	100_2	100_3	150_1	150_2	150_3
00:00:00	78.059	69.754	86.966	156.897	137.069	159.847	276.934	237.916	270.287	386.203	391.453	383.104
00:00:30	70.927	76.923	70.657	143.255	125.592	135.446	246.028	227.411	238.511	371.876	374.201	369.312
00:01:00	62.345	69.072	62.168	122.654	124.227	120.622	234.369	221.534	225.907	358.987	364.002	357.687
00:01:30	57.32	64.972	57.798	113.284	119.389	117.361	229.412	216.027	223.716	354.694	351.774	347.581
00:02:00	53.54	59.459	56.982	114.197	114.04	112.925	224.304	208.806	217.773	339.7	340.124	340.72
00:02:30	50.493	56.888	52.59	110.52	111.558	110.47	221.638	201.076	203.955	341.319	340.691	331.746
00:03:00	48.309	54.451	51.535	109.985	106.271	107.413	211.397	191.025	200.169	334.159	330.356	331.983
00:03:30	46.586	54.671	49.685	103.409	104.794	104.928	206.853	188.727	196.912	328.106	329.253	329.773
00:04:00	48.043	51.716	48.471	101.629	103.587	101.845	197.219	182.298	190.885	326.139	328.415	324.35
00:04:30	44.814	49.538	47.051	99.153	100.186	99.136	196.736	178.42	188.355	323.085	324.234	320.123
00:05:00	44.132	47.649	45.733	96.882	98.345	98.754	190.432	175.408	181.384	322.203	316.994	318.066
00:05:30	42.488	48.752	43.861	96.178	97.161	95.88	185.116	171.991	176.476	317.541	316.912	314.847
00:06:00	39.86	45.938	43.862	91.828	96.979	95.041	181.377	172.612	175.54	317.735	315.768	314.299
00:06:30	41.288	42.744	42.62	90.096	92.744	89.957	178.041	166.984	174.327	310.673	314.595	311.208
00:07:00	37.443	42.425	41.648	92.69	91.532	91.098	177.61	166.614	168.047	316.78	310.07	314.596
00:07:30	36.936	39.959	41.498	91.323	88.784	90.792	174.939	166.062	168.962	314.962	311.927	310.766
00:08:00	35.495	41.651	39.511	87.818	87.624	88.4	171.475	164.634	163.673	306.419	309.415	308.034
00:08:30	35.936	39.843	38.918	86.629	88.102	85.581	173.426	162.563	163.274	310.649	308.81	307.038
00:09:00	35.082	39.049	36.139	86.836	86.674	83.605	170.595	160.165	162.221	311.479	306.974	303.794
00:09:30	34.624	39.437	36.143	85.128	85.458	83.912	170.235	159.579	161.477	313.69	306.012	306.09
00:10:00	34.225	37.832	35.75	85.137	84.697	84.168	170.709	157.987	157.14	309.466	305.137	298.111
00:10:30	32.863	38.944	35.39	83.965	84.955	82.685	165.821	158.892	157.897	310.161	306.745	304.173
00:11:00	32.075	36.821	35.537	80.258	82.295	82.167	165.061	159.645	156.492	303.421	304.471	298.785
00:11:30	31.669	35.731	34.229	82.209	80.596	81.226	165.481	157.577	158.991	304.665	308.549	304.801
00:12:00	32.053	35.531	34.264	77.94	82.927	82.014	166.405	154.766	157.026	303.625	300.772	301.514
00:12:30	31.242	35.781	33.447	77.602	81.062	79.954	165.826	151.229	155.168	302.571	301.518	300.798
00:13:00	30.094	33.368	33.539	78.348	76.986	79.042	165.868	152.436	156.965	305.439	305.887	300.133
00:13:30	30.015	33.497	32.543	77.715	76.945	78.678	161.376	151.868	154.75	303.083	308.301	300.12
00:14:00	29.198	32.601	31.916	77.608	77.913	76.73	160.662	153.017	153.28	300.667	301.608	298.784
00:14:30	28.898	31.48	31.482	77.17	77.107	75.238	163.067	152.72	153.25	301.949	296.083	298.201
00:15:00	28.739	32	29.939	73.852	75.802	74.006	160.911	148.77	152.423	300.33	298.994	295.732
00:15:30	28.426	31.738	30.658	74.146	75.793	74.655	158.188	150.701	151.356	299.657	301.646	294.874
00:16:00	27.769	32.378	30.475	73.971	72.226	72.716	155.801	149.189	149.974	293.782	299.44	294.18
00:16:30	27.915	30.94	31.086	73.903	72.256	73.001	158.506	149.148	151.791	297.138	296.96	297.196
00:17:00	27.151	29.995	30.433	72.303	72.316	72.47	157.171	151.39	151.048	300.43	297.542	294.307
00:17:30	25.73	30.57	29.387	72.848	73.405	70.275	156.259	147.008	150.553	292.852	298.724	294.541
00:18:00	25.756	30.711	29.531	70.665	70.179	71.128	156.889	147.646	146.486	293.73	294.536	294.428
00:18:30	26.545	29.243	28.03	69.332	71.207	71.64	156.401	145.902	149.568	297.241	296.297	291.83
00:19:00	26.656	30.257	27.722	69.241	71.16	70.652	158.602	146.946	148.01	295.526	297.631	294.809
00:19:30	26.409	29.596	28.187	67.392	71.156	70.97	157.324	143.565	148.967	298.285	301.401	292.812
00:20:00	24.514	29.077	27.177	70.712	69.606	68.696	158.206	147.452	147.558	295.661	296.23	292.127
00:20:30	24.742	29.79	28.206	68.042	69.682	67.068	154.085	146.903	147.236	293.828	295.919	293.316
00:21:00	24.391	27.981	26.294	67.037	68.86	70.014	156.484	145.102	145.564	294.542	294.321	292.206
00:21:30	22.556	27.328	25.295	67.744	66.951	67.543	155.097	146.415	144.481	294.088	295.229	289.245
00:22:00	23.921	27.12	26.126	65.734	65.13	66.16	153.891	143.963	147.88	293.574	294.511	291.977
00:22:30	24.773	28.31	26.987	66.627	68.62	67.889	153.642	145.074	145.053	290.639	297.039	288.344
00:23:00	23.822	26.793	26.131	65.866	66.068	68.046	152.127	145.032	143.525	293.385	297.332	287.477
00:23:30	23.34	25.903	26.178	66.365	67.366	65.085	155.5	143.829	143.079	292.681	295.552	289.123
00:24:00	22.229	27.608	25.064	64.525	66.018	65.741	153.189	144.631	144.432	292.697	292.251	294.128
00:24:30	23.397	26.794	26.022	63.991	66.461	65.284	150.922	143.181	144.652	291.086	292.799	292.437
00:25:00	22.794	26.816	26.021	64.345	62.807	65.756	150.105	142.317	145.236	291.44	290.641	286.554
00:25:30	22.38	26.658	24.65	64.145	65.329	65.697	152.499	143.521	143.996	294.609	290.075	289.292
00:26:00	21.814	26.863	25.379	62.43	64.542	62.708	149.559	142.193	143.934	292.14	291.976	286.896
00:26:30	22.354	26.562	24.285	61.948	64.653	63.531	150.666	140.046	144.973	295.437	294.484	291.297
00:27:00	21.659	25.053	24.43	63.214	64.816	62.995	149.209	142.863	140.387	289.067	292.773	291.405
00:27:30	21.092	26.073	24.056	62.706	63.667	62.431	152.447	142.601	144.288	288.764	288.051	284.822
00:28:00	21.831	25.543	23.923	62.036	62.904	63.912	151.957	142.734	144.951	286.702	289.862	286.128
00:28:30	21.293	25.694	24.394	62.909	61.954	61.561	151.887	145.782	140.101	290.155	290.053	289.135
00:29:00	21.936	24.629	23.392	60.696	62.706	63.195	149.287	143.06	140.561	290.927	290.292	283.449
00:29:30	21.688	24.196	23.481	61.967	62.014	62.346	149.56	140.401	141.213	287.582	292.94	291.005
00:30:00	20.604	24.342	23.259	61.417	61.075	61.923	147.49	139.972	140.389	287.493	287.256	287.011
00:30:30	21.565	23.271	22.391	61.432	63.451	61.833	150.437	139.602	143.094	290.398	290.672	286.271
00:31:00	21.461	23.45	23.376	60.6	59.872	60.535	147.35	142.719	141.382	291.686	287.24	285.458
00:31:30	20.896	23.962	23.299	60.528	61.433	60.319	148.945	141.784	141.229	292.422	292.228	285.232
00:32:00	20.979	24.378	23.251	58.59	60.392	60.939	147.475	139.392	140.26	288.701	290.931	286.337
00:32:30	19.803	23.122	23.34	59.589	62.052	60.749	148.531	140.684	138.63	287.457	290.055	280.971
00:33:00	20.351	22.549	21.985	58.458	61.476	61.271	148.515	141.691	138.987	288.153	286.834	284.335
00:33:30	20.151	22.806	23.082	58.616	62.033	60.112	147.615	142.567	141.202	287.445	290.289	285.54
00:34:00	20.345	22.47	22.694	57.782	60.332	61.462	147.561	139.856	141.414	287.045	289.767	281.279
00:34:30	19.531	22.955	22.414	57.067	59.729	59.447	147.037	137.973	140.969	289.12	287.164	281.824
00:35:00	20.089	24.035	21.921	56.257	59.682	59.485	146.952	141.919	140.039	289.181	290.496	286.43
00:35:30	19.987	23.64	21.555	58.919	60.41	60.596	149.305	140.333	140.567	289.51	289.923	288.063
00:36:00	19.227	21.767	21.179	56.876	60.923	59.686	147.555	139.319	139.439	288.746	288.521	282.933
00:36:30	20.459	21.664	20.521	55.834	59.013	58.283	146.572	140.232	139.658	286.748	286.671	291.407
00:37:00	19.159	21.468	21.948	58.135	60.269	59.728	147.803	137.707	138.383	286.46	285.938	281.641
00:37:30	19.758	21.07	22.066	57.775	59.179	59.67	145.476	138.988	138.333	286.778	289.522	285.4
00:38:00	20.475	22.553	21.926	53.772	58.918	59.68	148.615	139.881	138.989	288.118	286.949	284.739
00:38:30	19.896	22.128	20.752	54.423	58.414	59.12	146.557	135.376	137.957	290.543	288.31	281.876
00:39:00	18.915	21.91	20.293	55.259	59.033	58.503	145.406	139.814	139.735	285.533	288.997	284.885
00:39:30	18.282	21.601	21.694	56.583	59.298	58.341	145.749	136.644	135.317	282.533	286.778	280.835
00:40:00	19.204	22.221	20.124	54.514	59.235	59.614	144.453	137.202	140.401	288.277	288.498	281.905
00:40:30	19.288	21.512	21.334	56.727	57.483	56.96	144.4	138.581	138.075	287.544	285.796	286.394
00:41:00	18.213	21.93	20.098	53.569	57.191	57.134	146.863	137.669	140.156	287.611	291.887	285.954
00:41:30	17.712	21.452	20.667	54.876	57.209	58.577	144.977	138.72	138.996	287.561	289.378	284.106
00:42:00	18.821	20.816	20.921	53.891	57.708	58.232	145.412	135.115	137.179	285.383	288.62	284.961
00:42:30	18.646	22.256	21.509	55.046	56.96	57.339	144.604	137.334	138.075	282.51	287.332	283.736
00:43:00	17.341	21.024	20.226	54.636	57.007	57.711	147.861	137.536	135.905	289.633	285.609	285.927
00:43:30	18.156	20.816	21.161	54.098	55.748	57.263	147.294	136.774	138.005	285.485	286.526	281.14
00:44:00	18.286	20.845	21.111	52.233	55.677	56.409	145.629	136.657	136.456	284.087	287.272	286.362
00:44:30	18.115	21.604	19.741	53.104	56.876	57.994	146.397	136.016	138.869	284.558	288.169	283.087
00:45:00	18.632	20.726	20.252	51.566	56.441	56.259	146.727	140.541	135.18	283.693	288.753	285.016
00:45:30	18.637	20.026	20.896	53.295	56.537	56.741	147.541	139.117	137.315	287.659	290.359	281.181
00:46:00	18.657	21.256	21.163	51.59	55.462	56.534	145.736	135.736	136.859	285.329	285.492	281.345
00:46:30	18.913	21.097	19.321	52.818	55.839	56.22	144.868	135.809	137.494	282.867	285.039	281.855
00:47:00	18.226	20.163	19.557	52.158	55.431	55.78	145.559	139.004	138.23	286.002	283.97	280.653
00:47:30	18.412	21.614	20.311	51.608	56.245	57.117	143.845	136.304	138.217	282.783	285.952	281.575
00:48:00	18.354	19.515	18.741	51.87	55.014	54.461	145.03	136.62	137.788	286.589	284.296	282.479
00:48:30	17.734	20.234	19.79	51.688	54.685	54.984	143.357	135.655	137.142	287.783	284.429	281.349
00:49:00	17.507	20.042	19.905	51.282	54.516	55.32	143.802	138.189	137.455	283.684	284.783	282.56
00:49:30	17.342	20.135	19.512	49.883	53.655	56.665	145.011	137.732	134.039	284.759	284.201	278.919
00:50:00	19.068	19.902	19.06	53.12	53.965	54.967	145.513	134.556	138.41	280.192	284.875	279.012
00:50:30	17.019	20.246	19.325	51.862	53.522	54.033	144.261	138.873	134.839	285.586	286.926	281.515
00:51:00	18.252	20.204	19.61	50.898	54.034	54.85	143.145	136.09	135.359	279.74	282.733	280.927
00:51:30	17.192	20.415	18.908	51.397	53.695	55.726	143.515	136.11	137.347	281.928	285.206	278.249
00:52:00	17.544	20.29	20.224	50.735	54.161	54.069	143.047	135.993	137.754	282.208	281.959	281.581
00:52:30	16.932	20.671	19.067	49.099	54.212	53.181	142.32	132.138	137.169	282.095	287.964	278.101
00:53:00	16.838	20.385	18.411	49.585	53.524	54.305	143.97	135.316	135.683	283.475	284.65	277.709
00:53:30	17.608	20.713	19.083	49.711	53.683	53.382	140.671	135.318	136.618	281.839	284.928	281.132
00:54:00	17.411	20.401	19.548	49.057	51.813	53.284	141.738	136.494	132.923	280.633	281.196	276.611
00:54:30	17.008	20.882	19.938	49.304	53.31	53.832	141.678	133.222	133.92	279.431	283.904	281.747
00:55:00	17.525	20.271	19.114	49.898	52.62	52.775	141.875	135.798	134.971	283.208	287.087	280.64
00:55:30	18.094	19.866	18.429	50.846	53.42	52.666	139.329	136.72	137.087	281.129	280.028	281.391
00:56:00	17.439	20.463	19.592	49.83	53.363	53.656	140.508	133.715	134.202	279.526	284.563	283.246
00:56:30	16.241	18.828	19.55	49.929	54.142	52.729	142.699	133.473	134.855	282.389	280.058	279.322
00:57:00	17.048	20.75	18.599	49.957	54.03	53.123	141.368	132.776	133.806	284.145	281.275	278.437
00:57:30	17.413	18.026	18.63	49.874	51.585	52.48	139.918	134.191	137.397	281.938	280.07	277.232
00:58:00	17.733	18.36	18.934	49.288	51.226	53.243	141.219	133.995	137.809	282.685	284.095	280.304
00:58:30	16.332	19.512	18.783	48.013	53.274	51.767	141.81	136.549	133.16	278.279	279.598	277.428
00:59:00	17.459	19.644	19.202	48.836	51.743	53.015	141.089	135.509	135.187	283.295	282.049	281
00:59:30	17.642	19.544	19.021	49.076	51.553	52.762	141.621	136.921	132.889	279.237	280.698	274.14
01:00:00	17.589	19.796	18.303	49.286	51.772	53.033	140.547	132.565	132.415	282.318	282.454	276.925
01:00:30	17.595	19.818	19.001	47.901	52.005	51.346	141.385	134.197	133.37	281.934	281.253	277.515
01:01:00	17.791	19.355	18.7	47.794	49.786	53.515	141.234	133.522	134.485	279.81	278.994	276.753
01:01:30	16.866	19.059	19.961	47.734	52.969	52.381	143.014	136.421	133.54	276.522	282.627	275.475
01:02:00	16.197	19.429	18.327	48.504	52.516	51.942	140.226	134.625	133.286	282.478	282.551	276.131
01:02:30	17.468	19.009	19.327	47.982	51.858	50.366	140.199	137.475	135.665	279.782	279.46	276.911
01:03:00	16.787	19.913	18.418	47.962	51.656	50.768	141.206	133.747	135.11	282.196	283.45	280.266
01:03:30	16.217	19.703	18.329	47.876	50.792	52.502	141.338	135.742	134.382	279.746	283.426	281.564
01:04:00	15.942	19.394	18.031	47.875	52.333	51.478	143.52	133.172	134.36	280.741	278.57	274.798
01:04:30	16.948	18.16	18.292	48.61	51.144	50.76	141.796	134.347	133.608	281.647	281.256	276.378
01:05:00	15.629	19.261	17.597	49.428	51.163	50.683	138.161	133.086	132.644	277.585	277.961	274.453
01:05:30	17.201	19.582	18.405	48.52	51.349	50.572	138.69	132.732	134.645	279.703	280.736	276.063
01:06:00	16.985	19.446	18.449	49.338	51.449	50.109	139.785	132.929	134.931	282.554	280.712	278.239
01:06:30	16.278	19.277	19.194	45.844	51.535	50.75	140.763	131.783	135.122	275.206	279.627	277.681
01:07:00	16.86	19.073	18.75	48.337	51.44	51.585	139.976	136.289	133.582	279.352	281.871	274.867
01:07:30	16.47	19.533	18.622	48.738	51.122	51.099	143.344	134.189	135.602	280.222	279.295	277.447
01:08:00	16.542	18.201	17.558	46.616	50.163	52.029	144.139	134.418	133.469	280.936	283.395	275.452
01:08:30	16.101	19.108	18.637	46.392	49.1	51.682	142.074	131.975	131.142	276.625	276.436	273.894
01:09:00	16.024	19.044	17.647	45.494	50.802	51.508	141.228	135.439	133.263	279.657	280.594	278.671
01:09:30	16.448	18.664	18.377	45.772	48.064	48.764	140.368	133.669	134.953	280.216	279.899	276.698
01:10:00	16.5	18.949	17.8	47.387	50.42	49.555	141.02	135.306	134.499	276.297	280.824	270.422
01:10:30	16.926	18.282	18.195	47.02	50.571	50.33	139.73	130.644	130.845	279.949	279.84	275.343
01:11:00	16.486	18.628	18.425	47.017	50.555	48.611	140.99	130.74	134.036	279.743	280.617	277.773
01:11:30	16.156	19.252	19.144	46.635	50.794	50.483	141.443	135.261	133.34	278.694	283.687	275.172
01:12:00	15.778	19.151	18.748	47.196	49.009	48.887	140.463	134.987	132.058	277.759	284.157	283.082
01:12:30	16.731	19.626	18.058	45.61	50.687	49.689	139.769	130.941	133.239	279.404	276.956	271.688
01:13:00	16.205	17.963	18.122	48.341	49.47	49.714	139.097	135.768	132.916	282	282.497	276.517
01:13:30	17.082	18.204	18.68	45.659	50.283	49.514	140.192	131.903	134.551	282.095	282.479	278.602
01:14:00	17.298	18.963	18.03	47.513	49.771	49.531	141.013	134.381	132.728	278.284	279.874	274.798
01:14:30	16.437	20.791	17.162	45.344	50.809	48.452	138.782	133.671	129.478	281.171	277.829	272.626
01:15:00	16.431	18.857	18.284	45.318	51.11	48.84	139.774	129.789	132.339	282.89	279.531	273.636
01:15:30	16.619	19.106	17.627	46.005	49.291	49.991	140.064	131.799	131.804	274.319	279.054	277.456
01:16:00	16.146	18.931	18.591	44.979	49.741	50.116	142.425	132.944	133.008	275.693	280.124	275.329
01:16:30	17.239	17.698	18.178	46.19	49.038	49.102	140.384	135.043	131.578	279.202	277.22	273.92
01:17:00	16.944	18.716	17.589	44.669	47.411	49.512	139.738	134.975	131.692	275.015	274.902	269.799
01:17:30	16.301	19.742	17.737	44.989	49.807	49.561	139.652	133.509	131.47	278.202	278.641	272.585
01:18:00	16.673	19.113	18.905	47.512	49.004	50.821	139.962	132.365	131.915	280.273	281.404	277.038
01:18:30	17.446	19.208	17.69	45.505	49.144	47.629	137.904	129.218	132.492	275.088	279.535	273.55
01:19:00	16.677	18.629	18.174	47.243	48.267	48.655	142.44	133.45	132.691	278.144	278.315	273.431
01:19:30	16.823	18.205	17.489	45.076	50.305	47.96	139.665	129.652	132.919	274.474	271.954	275.33
01:20:00	16.581	18.772	17.86	44.072	50.548	49.888	137.816	132.461	132.826	277.627	278.91	276.495
01:20:30	15.083	18.83	17.737	44.297	50.117	47.697	140.609	130.886	132.155	276.996	279.928	272.014
01:21:00	15.661	18.315	17.317	45.467	48.641	48.171	136.978	135.989	130.556	277.244	277.183	274.662
01:21:30	16.577	18.239	18.233	44.415	48.784	49.191	139.818	131.726	132.145	275.93	275.879	275.445
01:22:00	15.622	17.942	17.365	45.885	49.231	49.136	139.371	134.062	132.169	278.17	281.067	277.007
01:22:30	16.421	19.57	17.966	44.602	48.331	48.224	139.519	132.224	132.466	283.279	275.27	273.357
01:23:00	16.046	18.196	18.661	45.529	50.548	50.146	139.324	133.657	132.342	282.548	280.28	279.293
01:23:30	16.084	18.164	18.019	45.135	48.375	49.007	140.483	132.696	132.294	277.434	272.157	276.13
01:24:00	16.617	18.184	17.815	44.462	48.23	48.279	138.043	132.977	132.982	274.507	281.083	270.22
01:24:30	16.052	18.864	17.139	44.915	50.257	47.665	139.896	130.345	131.651	278.183	279.404	272.452
01:25:00	16.681	18.538	18.029	44.628	47.882	48.605	139.9	132.165	132.91	277.278	276.684	272.463
01:25:30	15.17	19.087	18.382	45.726	47.368	48.766	137.772	134.563	131.813	277.291	277.43	274.359
01:26:00	16.865	18.079	17.818	44.448	47.94	49.035	139.639	131.751	133.841	278.054	277.714	273.208
01:26:30	16.044	19.512	17.75	44.625	47.286	47.634	136.547	130.988	130.956	277.613	278.308	276.583
01:27:00	16.763	17.846	16.849	45.49	47.775	47.863	140.257	130.517	133.732	278.744	280.076	273.722
01:27:30	17.672	18.106	18.027	44.153	47.076	49.094	138.095	130.336	129.622	277.66	277.09	274.075
01:28:00	16.681	18.131	17.752	44.872	48.754	47.914	137.281	131.626	131.083	275.5	281.654	272.335
01:28:30	15.761	17.612	17.504	43.874	47.81	46.892	138.505	133.258	129.783	275.625	281.313	271.132
01:29:00	16.226	18.501	18.753	45.344	47.828	47.444	140.028	133.071	131.747	278.366	274.977	270.953
01:29:30	16.837	18.41	17.519	44.722	47.864	46.958	138.444	131.39	131.223	276.595	272.714	273.372
01:30:00	15.529	18.963	17.479	44.56	48.749	47.566	140.11	130.297	133.607	278	276.828	274.976
01:30:30	16.463	19.296	17.96	44.54	48.763	47.372	139.207	132.603	131.014	280.569	273.483	270.148
01:31:00	16.233	18.596	18.127	45.213	48.034	48.348	141.258	128.645	132.98	275.893	278.265	274.641
01:31:30	16.02	19.569	18.57	44.034	47.217	48.557	138.329	133.664	131.92	274.941	275.467	272.405
01:32:00	15.933	18.166	17.869	41.746	48.145	47.272	136.503	132.656	132.651	278.806	281.351	272.809
01:32:30	16.065	18.885	17.929	43.257	47.088	47.011	138.141	131.147	131.931	279.5	279.498	273.311
01:33:00	16.728	18.199	17.177	44.94	46.29	48.445	139.015	134.376	131.394	273.271	275.807	273.211
01:33:30	16.191	18.967	17.313	45.12	46.327	48.358	138.13	131.113	131.002	274.928	273.815	270.868
01:34:00	16.736	17.644	17.639	43.985	47.271	47.976	140.131	129.738	130.49	272.472	277.155	272.051
01:34:30	16.727	18.163	18.774	44.825	47.997	47.172	138.187	128.617	128.635	274.885	277.722	272.828
01:35:00	17.052	17.74	17.728	43.607	48.846	47.955	138.191	131.295	133.072	277.338	276.544	273.476
01:35:30	16.43	18.168	17.216	44.443	47.582	47.53	137.566	133.35	131.986	275.055	276.619	270.617
01:36:00	16.322	17.334	17.52	45.212	45.97	48.066	137.261	131.932	129.716	278.773	279.973	272.775
01:36:30	16.076	18.215	17.589	43.152	47.479	49.259	137.786	132.615	131.331	277.744	277.763	272.265
01:37:00	16.373	17.775	17.744	43.274	46.136	46.685	138.173	131.097	131.709	278.888	277.167	273.001
01:37:30	15.492	18.655	17.658	43.493	46.276	46.844	140.053	133.029	132.037	276.841	275.983	273.625
01:38:00	15.776	17.348	17.157	43.48	46.069	47.289	139.08	134.295	133.279	272.766	276.375	271.65
01:38:30	15.501	17.965	16.569	41.809	45.125	47.437	138.715	129.5	132.234	272.768	275.402	269.928
01:39:00	16.606	18.308	17.647	44.549	46.717	47.029	134.49	132.264	132.088	276.56	273.929	272.233
01:39:30	15.384	17.18	18.292	43.418	45.322	47.552	138.096	130.002	131.869	277.162	275.088	272.528
01:40:00	15.466	18.18	17.755	43.511	48.149	45.65	138.257	130.962	133.375	279.211	275.34	271.458
01:40:30	16.509	18.175	17.706	42.921	46.47	45.746	137.258	129.439	130.997	276.785	275.249	271.858
01:41:00	16.23	18.64	18.147	43.558	46.838	46.434	137.922	133.737	133.764	274.67	273.139	275.471
01:41:30	15.873	18.189	17.82	44.139	46.104	46.813	136.966	133.549	132.935	275.868	275.881	272.682
01:42:00	16.917	18.933	17.92	43.286	47.066	46.602	138.714	128.812	129.295	276.378	277.547	274.79
01:42:30	16.952	17.236	18.299	44.24	47.127	46.296	139.635	133.015	130.862	273.081	273.998	269.85
01:43:00	16.158	18.03	17.811	42.603	45.286	46.836	137.964	132.691	129.65	274.774	277.94	271.745
01:43:30	16.16	17.675	17.726	43.589	48.214	47.044	139.799	130.525	130.902	275.987	277.556	274.205
01:44:00	16.937	18.74	17.22	42.419	48.331	47.516	137.848	129.961	128.628	276.731	274.545	269.744
01:44:30	16.855	18.299	18.059	43.797	46.609	46.474	139.509	130.19	131.283	277.934	278.382	270.776
01:45:00	15.912	17.393	17.03	42.678	46.658	46.913	139.041	129.589	132.723	273.577	276.229	268.369
01:45:30	16.714	17.186	17.96	42.737	45.567	47.53	138.055	129.219	131.855	273.168	275.818	271.805
01:46:00	16.651	18.505	16.73	43.549	46.22	45.531	135.768	130.096	131.745	273.862	276.268	272.565
01:46:30	15.864	17.156	16.681	41.286	46.869	46.477	135.657	132.198	133.149	275.108	276.181	272.215
01:47:00	16.501	18.934	17.669	41.875	47.186	46.111	140.197	130.398	130.974	273.835	275.954	272.817
01:47:30	16.367	17.29	17.707	42.284	46.732	46.161	135.145	129.009	130.725	275.52	275.049	270.297
01:48:00	16.238	18.314	17.944	43.45	47.474	46.239	137.036	129.749	129.185	272.394	273.811	272.358
01:48:30	15.771	18.251	17.249	43.499	45.945	46.022	137.931	129.775	131.322	273.265	273.079	268.814
01:49:00	15.844	18.357	18.237	42.439	46.087	44.684	135.447	130.83	129.672	273.54	275.376	266.614
01:49:30	15.916	18.922	16.744	42.325	45.863	46.288	138.23	128.009	131.852	274.364	273.207	271.22
01:50:00	16.641	18.522	17.01	41.296	45.255	44.705	133.316	129.257	127.901	272.284	276.327	270.827
01:50:30	16.566	18.018	17.577	44	46.462	45.476	138.873	130.694	130.893	273.538	273.433	267.711
01:51:00	16.414	18.872	17.909	42.072	46.399	45.392	139.441	130.713	129.916	278.305	274.045	274.426
01:51:30	16.077	18.021	17.915	42.931	45.76	45.865	136.625	130.795	129.717	272.043	274.987	272.435
01:52:00	16.969	18.109	17.952	42.176	46.154	45.503	134.691	128.677	129.832	275.877	276.191	268.866
01:52:30	16.377	18.272	17.295	43.367	46.551	45.624	136.061	130.438	131.818	275.218	273.156	270.91
01:53:00	16.002	17.973	17.974	43.237	46.196	47.061	137.199	127.968	129.444	273.302	280.145	272.581
01:53:30	15.977	17.573	16.539	43.846	46.677	46.962	138.689	130.463	131.019	272.323	274.386	268.565
01:54:00	15.817	18.221	18.411	42.577	45.792	45.72	136.333	131.717	131.63	277.88	273.701	271.462
01:54:30	17.005	18.129	18.021	42.945	44.928	45.413	135.732	131.962	130.24	275.993	273.282	271.595
01:55:00	16.801	18.296	17.798	42.582	45.613	45.795	137.316	131.302	131.949	271.434	273.542	267.757
01:55:30	16.48	18.086	18.049	42.792	45.137	44.817	136.948	130.913	131.312	272.955	276.408	271.495
01:56:00	16.472	18.22	16.968	42.691	45.892	44.038	135.619	131.651	128.168	273.313	274.187	272.472
01:56:30	16.052	17.488	17.917	42.948	46.247	44.406	137.944	131.191	129.087	274.119	275.621	273.608
01:57:00	15.696	18.744	17.117	41.664	44.914	44.464	136.529	130.395	128.618	275.436	275.886	269.909
01:57:30	16.787	18.112	17.409	42.48	45.988	44.207	138.547	131.184	129.827	275.178	274.158	268.055
01:58:00	15.973	19.156	17.667	42.227	44.669	45.793	136.972	131.064	129.814	276.792	272.247	269.537
01:58:30	15.581	17.608	18.203	42.638	44.407	44.099	135.308	132.01	129.832	270.336	272.341	268.833
01:59:00	15.925	19.003	17.229	43.082	45.665	43.849	134.658	131.211	130.24	270.946	273.934	269.1
01:59:30	16.05	18.841	17.228	42.515	45.701	45.009	135.696	129.185	127.999	272.868	270.572	267.043
02:00:00	14.837	18.871	18.885	41.205	45.714	44.396	136.051	129.227	129.982	271.558	273.827	267.63