Time	25_1	25_2	25_3	50_1	50_2	50_3	100_1	100_2	100_3	150_1	150_2	150_3
00:00:00	70.47	80.039	85.454	137.775	151.344	154.533	239.285	245.262	246.456	364.117	355.366	347.799
00:00:30	70.015	81.759	85.051	127.445	127.794	125.599	234.32	226.528	234.184	354.862	351.193	336.152
00:01:00	63.94	73.633	77.16	120.524	118.313	116.123	227.138	221.159	226.757	339.265	331.317	326.166
00:01:30	61.794	65.075	69.604	114.742	111.79	112.382	220.897	210.11	219.775	325.219	322.696	312.821
00:02:00	56.03	61.212	62.793	110.715	108.988	107.828	207.873	208.184	211.928	321.074	310.6	300.627
00:02:30	54.062	56.742	60.699	105.894	106.451	106.036	203.362	201.499	206.696	317.501	306.015	292.94
00:03:00	50.592	53.765	56.315	102.885	103.578	102.203	196.555	193.827	196.161	310.151	301.177	292.526
00:03:30	50.269	51.565	53.279	101.065	102.02	98.691	191.849	185.882	189.632	307.592	296.138	289.923
00:04:00	48.811	47.836	49.39	97.635	97.124	96.292	185.357	181.718	185.255	303.386	297.402	288.412
00:04:30	48.365	49.484	47.652	94.5	96.083	95.255	180.937	178.078	179.398	299.658	291.345	281.049
00:05:00	44.09	47.22	45.991	92.003	92.571	88.785	181.092	172.087	175.8	294.322	290.371	281.089
00:05:30	44.608	43.444	45.251	89.347	88.99	89.553	175.509	167.252	174.818	295.031	287.089	279.132
00:06:00	40.238	43.874	44.685	89.551	87.39	87.587	171.523	164.554	169.027	294.298	289.276	277.468
00:06:30	40.432	42.856	42.224	88.089	87.363	84.766	169.666	157.945	168.324	294.566	284.299	273.189
00:07:00	38.523	41.317	40.544	85.208	82.921	83.034	166.254	160.951	165.925	293.507	283.442	272.731
00:07:30	38.718	39.964	39.514	84.426	84.543	81.018	168.838	158.13	163.588	289.815	285.36	273.932
00:08:00	38.114	37.852	37.879	84.378	79.944	80.573	163.03	154.396	160.791	286.75	279.121	266.598
00:08:30	36.146	36.925	36.198	82.115	81.339	81.561	164.209	156.496	163.628	289.72	279.292	275.924
00:09:00	35.968	36.065	35.043	79.348	77.744	79.407	162.807	150.54	158.459	285.064	275.638	270.196
00:09:30	34.883	36.96	35.31	78.194	77.939	76.376	161.249	152.753	158.532	284.5	277.233	269.56
00:10:00	32.72	33.783	35.096	75.794	76.707	77.179	159.702	148.245	158.812	286.072	277.174	267.67
00:10:30	32.737	33.117	33.541	75.815	73.841	73.681	162.044	151.76	154.262	281.548	275.755	266.198
00:11:00	32.309	32.577	32.952	72.425	73.957	73.628	158.473	149.49	153.973	283.274	270.614	268.797
00:11:30	30.376	32.198	31.583	73.523	72.156	72.186	159.7	148.348	155.122	281.088	277.945	266.192
00:12:00	29.664	31.532	30.956	71.739	73.058	70.876	155.338	145.133	153.249	274.72	271.326	262.781
00:12:30	29.03	30.721	29.806	71.037	71.918	70.442	156.937	148.229	157.36	282.693	274.269	263.561
00:13:00	28.361	30.443	29.355	70.709	70.147	68.801	154.386	140.648	151.112	278.768	270.929	264.116
00:13:30	28.951	28.933	29.104	69.629	68.591	68.24	152.636	143.786	148.243	276.893	270.648	258.959
00:14:00	27.399	28.781	29.387	70.09	69.759	69.163	154.582	142.93	150.88	279.807	271.564	259.008
00:14:30	27.437	29.488	27.893	67.456	67.627	65.402	155.656	142.04	148.055	272.567	271.533	259.07
00:15:00	27.789	28.401	26.513	68.591	67.363	66.823	156.437	140.711	150.653	282.162	269.513	263.526
00:15:30	27.131	28.24	26.455	66.027	64.067	65.857	149.517	141.11	148.017	275.727	271.642	258.426
00:16:00	25.997	27.286	24.865	65.158	65.216	62.539	150.824	138.95	146.697	271.662	268.036	255.5
00:16:30	26.286	26.191	25.6	64.879	63.963	64.137	152.619	139.786	146.983	275.603	263.699	257.841
00:17:00	25.9	25.931	26.106	64.585	63.553	62.604	150.648	141.469	144.963	272.416	270.183	256.442
00:17:30	24.771	26.157	25.729	62.596	62.409	60.73	149.097	139.032	143.77	272.875	266.404	259.118
00:18:00	25.666	25.05	24.052	62.602	64.014	59.296	148.764	139.49	146.707	273.719	261.128	258.582
00:18:30	24.704	25.528	25.03	60.705	60.29	59.137	149.686	137.695	142.908	276.407	262.793	257.767
00:19:00	24.574	24.467	23.957	60.033	59.795	58.773	147.208	137.637	141.853	273.789	267.44	259.925
00:19:30	23.865	24.22	23.865	58.39	59.638	58.95	148.388	139.664	141.16	270.626	260.677	256.372
00:20:00	23.214	24.782	24.375	59.274	56.889	58.04	148.948	138.543	144.657	276.057	265.885	258.383
00:20:30	22.861	24.145	23.596	57.4	57.618	55.318	144.578	134.192	139.032	269.017	262.425	251.165
00:21:00	23.103	23.32	24.41	57.618	57.777	54.43	144.651	137.983	142.554	272.014	261.882	255.144
00:21:30	22.054	22.931	23.453	57.029	57.641	57.53	146.205	135.349	141.736	269.057	264.685	254.873
00:22:00	22.096	23.509	22.972	56.521	56.124	56.005	144.496	133.575	144.151	271.052	262.364	254.772
00:22:30	22.285	22.795	21.729	54.067	54.122	54.709	144.646	135.258	143.187	268.428	258.93	253.144
00:23:00	21.761	22.841	21.76	54.7	55.574	54.967	146.847	136.669	142.111	269.13	263.726	254.634
00:23:30	20.961	22.38	21.306	53.391	55.006	53.566	145.172	133.345	138.253	268.053	261.977	254.144
00:24:00	20.529	22.506	21.431	54.646	55.267	53.944	147.338	132.683	141.34	272.11	262.399	252.267
00:24:30	20.975	22.381	22.241	52.48	50.989	53.432	142.823	133.78	140.167	267.438	260.124	254.655
00:25:00	20.622	20.524	21.127	53.016	52.253	51.933	144.985	134.945	142.606	267.332	263.356	254.551
00:25:30	20.873	21.154	21.038	53.834	52.913	51.137	146.999	134.964	142.933	273.123	263.954	254.812
00:26:00	20.872	20.268	21.217	51.602	52.277	52.035	146.939	134.213	139.534	271.081	259.242	253.3
00:26:30	20.541	22.174	19.86	50.026	52.109	50.905	146.239	135.053	139.895	266.732	259.488	252.917
00:27:00	20.367	22.043	20.514	50.606	50.637	52.603	143.557	132.509	140.969	270.49	261.319	253.008
00:27:30	19.635	20.638	20.016	49.059	48.408	50.87	142.252	131.357	138.933	265.289	263.732	250.807
00:28:00	19.812	20.87	19.168	49.281	52.081	48.985	143.651	131.511	140.045	266.133	257.049	249.163
00:28:30	19.545	20.075	20.385	48.535	49.42	50.301	142.739	130.612	138.804	265.129	261.565	252.779
00:29:00	19.502	19.795	19.207	50.593	49.213	49.542	144.002	131.976	141.933	262.33	261.039	249.732
00:29:30	18.604	20.528	19.331	48.889	49.217	50.255	145.99	133.252	141.432	267.073	257.268	249.987
00:30:00	19.143	18.938	18.628	48.605	49.851	49.285	139.847	132.93	136.817	267.871	257.08	251.079
00:30:30	17.666	19.458	18.441	49.39	48.653	49.042	142.127	131.253	141.043	266.539	255.822	252.227
00:31:00	18.782	19.812	19.402	45.995	46.391	48.459	141.885	130.41	138.036	268.759	260.268	247.45
00:31:30	18.988	19.803	19.773	47.806	47.728	48.585	142.2	129.878	138.484	268.152	256.756	248.613
00:32:00	18.312	19.044	19.21	46.822	46.312	47.622	145.093	130.503	137.647	266.999	257.542	251.502
00:32:30	17.554	18.239	18.612	48.378	48.628	47.904	142.577	132.804	138.811	266.727	256.841	248.877
00:33:00	17.714	18.998	19.449	47.165	45.842	46.526	139.369	127.851	137.437	264.011	256.368	247.547
00:33:30	18.048	18.534	18.386	46.446	47.655	48.105	141.647	130.827	139.96	265.407	260.21	250.546
00:34:00	17.63	18.908	18.631	45.788	46.782	47.648	141.642	131.229	137.816	268.027	257.31	250.567
00:34:30	18.121	18.392	18.344	45.636	46.22	47.718	143.629	129.189	137.668	266.208	260.712	246.024
00:35:00	17.712	18.749	18.522	44.273	47.835	47.343	139.401	127.341	137.984	264.407	258.029	249.462
00:35:30	17.723	17.9	18.46	46.197	45.43	47.097	141.657	129.089	138.51	262.431	258.412	249.235
00:36:00	17.63	18.503	18.61	44.972	45.614	46.307	141.428	131.583	138.495	265.372	256.573	250.098
00:36:30	15.867	18.805	18.288	45.733	45.459	45.969	137.76	131.974	135.433	260.761	256.307	249.88
00:37:00	17.364	18.614	17.645	45.921	45.014	45.618	140.751	131.993	134.771	262.504	255.531	246.688
00:37:30	16.531	18.18	16.543	45.126	44.36	45.789	139.388	129.77	136.705	264.029	256.898	249.717
00:38:00	16.51	17.073	17.312	44.027	45.817	46.487	138.37	129.894	135.415	264.729	256.539	248.92
00:38:30	17.688	17.552	18.319	45.262	45.746	45.943	138.347	129.246	137.775	263.418	256.511	246.513
00:39:00	16.532	18.155	18.223	44.86	43.668	44.753	140.756	127.939	135.136	262.232	256.248	248.126
00:39:30	17.921	18	16.933	43.912	44.42	45.869	141.078	130.46	133.029	260.643	258.747	251.678
00:40:00	16.448	17.24	17.463	43.37	43.875	45.568	140.873	130.943	135.868	265.692	257.097	245.195
00:40:30	17.042	18.669	17.717	44.612	45.709	44.688	138.776	126.251	135.174	263.861	255.886	247.694
00:41:00	17.588	18.186	16.306	43.086	44.872	45.003	136.284	128.473	135.772	265.614	257.1	249.331
00:41:30	16.908	16.611	17.1	44.695	44.209	44.167	140.081	129.253	134.154	262.422	257.755	245.286
00:42:00	15.726	17.816	16.767	42.671	43.319	44.858	141.477	126.501	134.051	265.018	251.702	248.222
00:42:30	16.957	17.923	17.729	42.606	43.185	46.57	137.27	128.855	132.677	264.081	256.829	245.684
00:43:00	17.204	16.922	17.889	42.225	42.72	45.136	137.575	127.244	134.883	258.414	253.56	248.168
00:43:30	16.957	16.427	17.037	43.492	42.605	45.431	137.811	125.788	136.409	264.929	254.073	249.011
00:44:00	17.13	17.427	16.653	42.762	43.675	44.137	139.404	127.643	133.16	264.721	255.493	247.67
00:44:30	16.723	17.596	17	42.381	42.884	44.322	139.191	128.212	135.115	265.631	256.883	245.856
00:45:00	16.296	16.655	16.886	41.206	43.23	42.373	140.459	128.861	133.831	265.471	255.495	246.158
00:45:30	16.308	16.386	15.713	41.268	41.573	43.534	138.879	128.444	135.023	260.124	255.495	244.589
00:46:00	16.023	16.36	17.078	40.691	42.007	42.855	138.601	125.655	134.221	264.324	250.893	245.153
00:46:30	16.692	16.758	15.202	41.384	41.599	44.093	138	128.61	133.826	259.189	255.314	246.892
00:47:00	15.298	16.758	15.443	41.257	40.848	42.984	136.368	127.195	132.157	261.079	251.714	246.194
00:47:30	16.436	17.801	16.811	40.984	39.985	43.228	137.224	127.09	134.052	263.088	256.695	246.112
00:48:00	16.528	16.832	16.123	41.905	41.987	41.751	137.896	127.988	134.74	262.298	253.641	244.973
00:48:30	16.29	16.187	15.752	41.672	40.75	44.373	136.921	128.122	131.658	260.18	254.882	244.914
00:49:00	16.119	16.162	15.79	41.183	42.147	42.861	137.485	126.117	133.379	260.756	251.303	242.988
00:49:30	16.134	16.905	15.538	41.051	40.586	43.553	137.899	128.575	134.911	263.117	251.014	243.495
00:50:00	15.691	16.119	15.997	39.036	39.927	41.591	136.192	124.914	134.005	262.319	252.267	248.9
00:50:30	16.114	15.896	16.138	40.397	42.067	42.4	137.626	126.309	134.532	263.202	254.576	244.76
00:51:00	15.105	16.791	16.002	39.742	39.536	43.114	135.182	128.233	133.583	259.463	253.165	244.571
00:51:30	15.504	16.454	16.06	39.677	40.501	41.359	134.245	126.556	133.101	261.499	253.997	245.915
00:52:00	14.435	16.516	15.383	39.243	40.725	42.704	137.352	127.295	134.164	257.34	251.547	246.119
00:52:30	15.456	15.778	15.606	39.368	40.317	41.683	133.46	124.868	131.113	259.328	254.981	243.993
00:53:00	15.383	16.317	15.363	40.269	41.276	41.277	138.721	125.019	133.945	261.887	251.88	246.9
00:53:30	15.246	16.052	15.404	38.162	40.805	41.376	136.781	130.618	135.358	259.589	254.572	243.053
00:54:00	15.147	16.733	15.874	39.391	40.066	42.318	135.895	125.495	134.246	257.893	252.365	245.792
00:54:30	15.859	15.571	16.063	40.186	41.874	40.716	139.459	123.994	133.817	259.092	254.276	247.329
00:55:00	15.947	15.688	15.554	39.44	41.132	41.15	136.852	125.698	129.495	257.052	252.165	243.598
00:55:30	15.565	16.261	15.159	40.441	39.014	42.223	135.882	125.257	131.945	261.19	252.837	244.053
00:56:00	16.572	15.846	15.307	39.486	39.959	42.636	135.727	126.012	131.198	261.498	249.792	242.227
00:56:30	15.844	15.583	16.537	38.761	40.45	39.994	134.264	127.471	132.33	260.637	255.695	244.306
00:57:00	15.209	16.132	15.946	39.543	39.668	42.029	136.848	124.937	133.517	259.692	250.842	245.956
00:57:30	16.124	15.171	15.729	38.659	39.417	41.124	134.32	126.423	131.484	260.569	252.392	243.258
00:58:00	15.544	15.626	15.517	39.885	40.61	40.786	135.089	124.761	131.17	256.844	252.07	240.132
00:58:30	14.915	15.042	15.56	40.234	39.066	41.21	134.108	125.647	132.594	254.918	247.514	244.421
00:59:00	15.854	15.786	15.262	38.501	39.88	40.971	137.925	122.089	132.736	261.209	256.559	243.807
00:59:30	14.726	15.978	15.268	38.924	39.482	42.609	134.217	125.666	132.525	259.58	255.73	244.684
01:00:00	15.412	15.791	15.937	39.643	39.279	41.754	139.034	127.074	133.249	261.091	248.398	241.698
01:00:30	14.604	14.759	15.691	40.264	39.438	40.218	138.782	126.191	133.322	261.718	250.404	244.081
01:01:00	15.767	15.151	15.881	38.466	38.82	40.669	135.711	128.195	135.792	257.376	254.004	244.862
01:01:30	15.308	16.19	14.751	39.549	39.816	42.515	133.448	127.119	133.15	259.994	253.06	244.735
01:02:00	16.011	16.632	15.006	39.585	38.379	40.838	136.024	124.268	133.631	257.537	252.574	243.645
01:02:30	15.582	15.905	15.12	38.959	38.306	40.339	135.802	124.437	132.397	260.876	257.962	242.327
01:03:00	15.753	15.402	15.104	37.81	39.424	41.016	137.775	128.142	131.798	262.564	254.092	245.437
01:03:30	15.759	15.026	15.337	38.435	40.577	40.38	136.03	125.402	132.118	257.848	254.141	243.694
01:04:00	15.051	15.426	15.501	37.738	38.917	40.48	136.387	125.442	132.04	259.119	247.577	240.378
01:04:30	15.744	16.334	14.526	38.781	37.299	40.941	134.548	124.909	130.8	257.284	248.955	241.924
01:05:00	15.554	15.975	14.917	38.54	39.597	40.508	137.797	124.558	130.023	259.382	249.86	240.395
01:05:30	15.137	16.047	14.202	38.583	38.596	39.203	136.425	125.874	132.954	258.95	249.913	242.442
01:06:00	14.529	15.88	14.773	37.682	39.202	40.417	136.408	126.077	132.022	257.009	250.279	243.827
01:06:30	15.98	15.97	15.809	38.98	38.89	39.22	139.307	124.978	131.792	259.138	251.962	245.984
01:07:00	13.54	14.937	15.581	38.816	38.824	40.121	136.523	125.827	130.775	259.363	250.075	244.67
01:07:30	15.088	15.177	15.172	38.231	38.24	39.913	136.779	124.822	132.514	261.413	252.129	246.953
01:08:00	14.949	14.914	15.758	38.009	37.957	40.199	134.578	125.278	130.056	255.727	250.946	243.059
01:08:30	14.963	15.229	15.674	37.142	37.859	39.961	134.509	124.561	132.2	257.295	250.487	241.293
01:09:00	14.945	14.399	14.804	38.628	37.6	40.091	136.736	120.738	131.225	257.798	248.457	242.088
01:09:30	15.272	15.195	14.99	37.033	37.638	39.276	131.508	125.143	131.773	256.933	251.538	242.706
01:10:00	14.363	15.388	14.87	37.465	37.171	41.255	132.706	124.952	130.069	261.879	254.779	243.671
01:10:30	14.401	14.419	15.752	36.391	38.805	39.123	134.396	125.227	132.42	259.472	249.199	245.403
01:11:00	14.522	15.791	14.442	37.425	38.653	40.341	135.344	123.295	130.62	257.666	251.972	242.579
01:11:30	15.327	14.393	15.326	38.383	38.345	40.415	136.295	122.893	130.732	260.682	249.537	241.935
01:12:00	14.852	14.836	15.579	37.49	36.959	39.026	134.935	125.694	133.057	258.784	250.628	245.391
01:12:30	14.469	14.611	15.218	38.146	35.944	39.663	136.911	125.25	133.033	255.625	252.514	243.032
01:13:00	14.922	15.828	15.333	39.107	37.707	40.126	135.691	124.935	130.972	258.132	251.374	240.353
01:13:30	15.115	14.598	15.27	36.931	37.946	39.924	134.199	124.924	130.508	258.612	251.346	243.007
01:14:00	15.088	15.171	15.776	36.677	37.455	40.834	134.817	123.458	132.403	258.927	254.772	241.813
01:14:30	14.961	14.835	15.34	37.791	38.174	39.469	134.294	125.026	133.669	259.4	251.876	245.149
01:15:00	14.759	14.862	14.243	38.47	36.935	39.601	136.057	122.975	130.875	256.509	253.781	242.886
01:15:30	14.368	14.483	14.945	36.846	37.711	39.497	135.302	125.976	128.557	258.408	250.894	243.624
01:16:00	14.178	14.766	15.193	36.748	37.581	39.058	134.811	124.14	132.075	256.724	254.931	240.91
01:16:30	14.239	14.572	15.115	34.982	38.721	39.058	136.346	123.056	129.929	255.513	247.007	242.377
01:17:00	13.741	15.264	14.659	37.436	36.808	38.823	135.244	126.152	132.166	257.301	249.61	241.812
01:17:30	15.04	15.523	15.317	38.099	37.028	38.944	135.765	124.495	130.618	256.958	250.595	244.43
01:18:00	15.677	15.494	14.736	37.533	36.432	38.975	133.823	122.151	131.521	255.62	250.232	244.227
01:18:30	14.46	14.557	13.791	36.644	37.615	39.156	136.811	126.583	131.732	257.827	248.179	239.792
01:19:00	14.452	14.898	14.438	37.022	38.05	38.714	134.686	125.054	130.459	255.437	247.176	240.674
01:19:30	14.495	14.547	14.455	37.504	37.328	39.408	134.581	124.888	129.804	258.686	248.07	241.397
01:20:00	14.898	15.513	14.899	37.331	36.697	39.71	134.721	122.861	128.702	253.064	245.545	239.088
01:20:30	15.865	14.92	15.16	36.731	37.947	39.74	134.497	123.838	129.482	257.152	251.059	243.084
01:21:00	14.758	15.159	14.416	38.737	37.468	39.231	135.276	123.581	129.893	255.983	247.206	240.828
01:21:30	14.975	15.222	15.09	37.112	36.619	38.633	135.467	125.532	130.101	256.857	248.54	242.959
01:22:00	14.507	15.482	14.577	36.511	35.071	39.898	134.908	123.111	129.278	256.048	246.169	239.618
01:22:30	14.973	15.356	14.086	36.854	36.395	38.638	137.432	123.879	129.924	256.84	250.01	240.01
01:23:00	14.636	14.652	14.783	36.046	36.673	38.54	134.283	123.562	128.806	254.425	250.935	242.067
01:23:30	14.242	14.746	15.287	38.273	37.749	38.905	133.654	124.955	131.308	256.182	250.409	243.948
01:24:00	14.711	15.282	15.194	38.043	37.751	39.182	136.577	124.358	130.549	256.059	247.634	242.841
01:24:30	14.513	15.138	13.443	36.722	37.249	38.844	132.396	125.166	131.453	257.535	250.684	243.881
01:25:00	13.62	14.97	14.1	36.15	37.781	37.739	133.192	124.052	129.951	256.114	251.259	240.404
01:25:30	15.436	14.45	14.405	36.614	37.32	39.769	136.307	126.161	130.247	260.508	247.378	245.982
01:26:00	15.061	15.072	14.679	37.65	37.228	39.518	137.163	124.332	130.156	256.239	249.837	240.251
01:26:30	13.809	15.338	15.557	36.864	36.892	38.681	134.255	124.107	127.737	255.774	249.1	239.64
01:27:00	15.535	14.756	15.097	37.713	36.341	38.855	133.444	121.53	131.24	258.032	252.237	243.735
01:27:30	14.255	14.477	14.66	35.378	37.457	37.708	134.258	123.375	131.145	259.503	249.243	240.143
01:28:00	14.721	14.477	14.266	36.35	35.367	37.729	134.799	125.25	130.937	257.056	250.388	242.232
01:28:30	14.727	14.228	14.491	36.26	37.263	39.047	135.644	125.345	128.59	254.733	248.822	239.685
01:29:00	15.427	15.181	15.171	34.969	37.316	36.589	132.715	124.34	129.571	258.617	251.219	241.912
01:29:30	14.022	15.322	14.586	35.592	37.497	39.36	135.532	123.512	128.598	256.233	250.584	238.384
01:30:00	14.928	14.846	15.398	36.985	36.012	39.037	134.928	126.544	132.072	257.744	252.32	242.281
01:30:30	14.297	13.936	14.897	36.056	36.096	37.056	133.51	123.34	128.65	254.08	249.946	240.388
01:31:00	14.837	14.836	14.473	36.038	37.842	38.854	132.615	121.625	129.453	255.799	248.443	240.759
01:31:30	14.683	14.857	15.068	35.351	35.189	39.069	133.823	123.084	129.122	254.397	245.593	239.375
01:32:00	14.975	14.888	15.062	37.233	36.572	37.791	134.507	122.691	127.393	255.205	246.578	238.096
01:32:30	13.75	13.819	14.594	35.466	37.124	37.558	131.105	120.541	130.153	257.428	250.024	241.359
01:33:00	14.786	15.277	14.21	36.413	36.411	39.034	134.036	125.524	131.182	255.827	247.537	239.296
01:33:30	14.445	14.724	14.42	37.102	36.081	37.082	132.509	122.505	130.126	255.22	248.76	236.489
01:34:00	14.774	14.934	13.825	36.281	35.873	39.037	131.27	124.933	129.036	253.179	245.68	238.67
01:34:30	14.153	14.813	14.45	36.078	36.418	38.753	133.875	123.268	130.942	255.809	247.866	236.107
01:35:00	14.056	14.922	14.464	37.053	37.457	37.504	136.532	123.876	129.822	258.576	248.836	240.047
01:35:30	14.873	14.811	14.652	37.059	36.509	38.26	132.787	124.95	128.832	256.735	252.138	242.18
01:36:00	14.368	15.778	15.09	35.138	35.96	37.666	135.276	123.655	130.955	259.559	253.988	242.869
01:36:30	14.553	15.109	13.704	37.03	36.35	37.558	130.856	122.55	127.718	256.83	248.741	241.301
01:37:00	15.225	15.245	15.621	37.114	37.366	38.28	134.195	122.438	125.314	255.975	248.033	236.551
01:37:30	14.305	15.684	14.712	34.868	37.04	39.944	133.675	121.487	130.439	256.403	244.625	238.277
01:38:00	14.806	14.976	13.884	35.485	36.811	38.537	134.451	123.59	129.908	257.122	249.556	238.993
01:38:30	14.827	14.483	13.672	37.456	36.066	37.699	134.898	124.525	128.204	253.513	251.186	241.497
01:39:00	14.898	15.214	14.21	36.628	35.022	38.675	131.93	125.001	128.499	256.653	249.968	240.002
01:39:30	14.405	14.539	14.247	38.498	36.811	37.506	133.017	122.805	129.539	256.874	245.279	244.853
01:40:00	14.453	14.987	14.706	35.409	36.281	37.99	133.89	122.804	127.879	255.323	248.747	239.791
01:40:30	14.786	14.981	14.68	36.799	35.624	37.314	131.169	122.503	129.997	255.635	242.897	237.525
01:41:00	14.589	15.05	15.454	36.183	37.068	37.219	135.782	123.859	129.652	255.093	249.148	240.237
01:41:30	14.93	14.703	14.109	36.176	37.609	37.332	135.005	123.252	130.624	256.725	254.242	238.604
01:42:00	16.045	14.999	15.086	36.213	37.149	37.635	132.672	125.17	127.982	254.795	247.595	241.61
01:42:30	14.132	14.607	14.886	34.955	36.2	36.564	132.457	121.67	127.103	258.07	247.85	236.567
01:43:00	14.542	14.591	14.783	36.662	36.944	37.897	133.89	125.61	130.343	256.184	247.282	243.542
01:43:30	14.062	15.341	14.948	36.524	35.717	38.555	134.199	124.321	129.18	257.559	250.789	239.372
01:44:00	14.35	14.439	14.57	36.19	35.969	38.763	133.347	126.739	129.299	252.828	247.621	236.285
01:44:30	14.546	15.584	13.909	35.196	37.384	38.332	133.505	121.251	129.439	251.385	249.358	239.268
01:45:00	15.112	15.182	14.728	37.26	37.022	37.325	133.487	123.161	130.291	254.096	244.09	239.02
01:45:30	14.693	14.153	15.96	35.879	36.691	39.001	134.849	122.017	128.127	255.042	247.085	239.851
01:46:00	15.213	15.315	14.821	35.91	35.281	37.08	132.571	120.885	131.097	253.009	244.219	236.287
01:46:30	13.755	14.65	14.132	36.05	35.337	37.755	133.792	123.04	128.891	257.022	246.411	238.615
01:47:00	14.724	15.593	15.102	36.607	35.844	37.348	132.078	122.947	127.025	251.194	247.497	238.733
01:47:30	14.838	14.804	14.081	36.209	36.146	37.923	130.064	121.518	128.285	253.305	245.224	237.05
01:48:00	14.18	14.792	14.979	36.906	35.765	37.529	133.096	124.046	128.514	254.071	243.805	238.352
01:48:30	14.638	15.176	14.112	35.52	36.752	38.32	132.822	123.402	129.444	258.001	249.138	239.184
01:49:00	14.889	15.954	15.477	35.986	36.571	37.21	133.499	123.025	130.279	254.892	250.852	238.574
01:49:30	14.911	15.66	15.143	35.844	35.716	37.052	131.77	120.959	128.222	253.411	247.809	238.95
01:50:00	14.002	15.258	13.928	36.075	35.956	38.404	132.188	123.967	125.978	250.686	246.794	234.19
01:50:30	14.743	15.011	15.045	35.388	35.173	38.545	135.11	121.877	131.349	253.982	246.613	238.878
01:51:00	15.022	14.449	14.718	36.625	34.742	37.944	130.454	122.622	128.048	251.518	245.144	236.494
01:51:30	14.762	14.666	14.192	35.636	36.924	37.715	132.909	123.68	130.822	253.731	244.061	238.54
01:52:00	14.402	13.96	14.697	35.459	34.26	37.257	133.84	122.151	127.882	254.282	248.082	240.224
01:52:30	14.546	14.825	15.074	35.865	34.811	39.308	131.762	124.545	128.585	255.821	244.855	236.965
01:53:00	14.523	14.908	14.575	35.459	36.807	38.656	135.332	123.576	129.759	257.088	247.502	239.478
01:53:30	14.602	15.11	15.248	35.543	37.115	38.007	132.642	123.452	127.993	254.64	250.856	237.797
01:54:00	14.813	15.022	14.688	36.377	35.745	37.104	133.039	126.119	131.247	254.19	249.743	241.255
01:54:30	14.675	15.549	15.126	35.556	36.014	37.271	132.817	124.723	128.548	255.931	245.839	236.388
01:55:00	15.137	15.342	14.025	35.485	37.004	36.11	133.299	123.807	131.215	255.589	249.035	240.041
01:55:30	14.663	14.889	15.113	34.758	36.169	36.67	135.698	123.987	128.786	252.559	247.304	233.341
01:56:00	15.023	14.845	14.132	36.21	36.623	37.812	132.869	121.502	128.857	258.128	246.535	238.139
01:56:30	14.726	14.836	13.758	35.177	36.072	37.746	132.902	121.033	128.098	255.237	247.62	240.898
01:57:00	15.988	15.466	14.787	36.372	36.259	37.068	129.577	124.654	128.146	251.591	249.995	238.986
01:57:30	14.703	14.762	14.329	35.112	36.086	38.15	132.243	121.659	129.041	253.189	251.343	236.928
01:58:00	14.51	14.641	14.722	36.485	35.61	37.331	134.298	123.291	129.452	256.256	245.928	236.517
01:58:30	16.017	15.009	14.407	36.187	37.019	36.748	132.983	122.292	129.189	253.121	247.135	238.34
01:59:00	13.543	14.575	14.396	34.503	35.876	38.43	132.195	120.98	130.04	252.404	240.63	235.716
01:59:30	15.32	15.728	14.389	35.862	36	38.8	132.465	122.67	127.017	253.084	246.446	236.452
02:00:00	14.638	14.671	14.859	35.142	36.106	38.274	133.232	123.016	126.271	252.727	242.379	236.34