Time	25_1	25_2	25_3	50_1	50_2	50_3	100_1	100_2	100_3	150_1	150_2	150_3
00:00:00	70.25	73.831	67.687	141.881	130.925	129.512	253.254	270.81	257.261	380.65	390.504	381.706
00:00:30	72.733	71.807	71.24	125.076	123.238	122.351	237.505	249.665	253.407	374.597	375.379	368.014
00:01:00	62.987	64.83	62.607	116.028	117.324	119.836	231.136	242.577	247.593	356.353	359.847	359.421
00:01:30	63.142	58.111	59.217	111.181	113.952	117.536	226.294	234.502	236.73	347.637	355.816	345.084
00:02:00	59.814	53.69	55.463	107.138	107.145	111.11	220.281	226.83	229.736	342.013	343.892	339.034
00:02:30	53.401	49.356	54.802	103.991	104.501	108.824	209.779	219.157	221.862	334.371	338.754	332.999
00:03:00	52.739	48.712	52.663	103.356	104.695	108.605	203.633	215.369	216.073	325.085	332.606	328.297
00:03:30	52.21	48.521	53.152	99.716	101.851	103.634	198.454	211.271	210.04	324.398	331.317	327.22
00:04:00	50.609	46.212	50.844	98.451	99.327	101.691	192.933	209.724	204.519	325.399	329.812	317.76
00:04:30	46.818	46.518	48.727	94.841	95.907	97.638	188.498	196.91	197.109	319.278	325.916	314.968
00:05:00	44.244	42.756	47.697	93.192	94.987	101.377	185.694	191.28	195.437	320.181	323.507	320.616
00:05:30	41.762	42.045	45.482	93.806	92.94	96.335	181.935	189.979	191.512	314.98	318.924	317.564
00:06:00	42.352	41.223	44.01	89.643	92.892	95.118	178.431	184.167	188.893	318.23	321.075	314.996
00:06:30	42.619	38.098	44.769	86.753	90.732	93.432	174.523	183.815	186.296	308.746	313.346	314.241
00:07:00	40.295	37.593	42.983	87.514	88.588	93.126	173.536	180.836	184.463	312.329	314.982	307.497
00:07:30	39.283	38.164	42.492	84.213	89.044	90.744	169.622	178.411	184.272	306.997	313.897	309.807
00:08:00	37.733	35.477	41.097	84.078	87.257	89.514	167.404	176.043	180.566	309.795	311.416	304.006
00:08:30	36.902	35.051	40.009	84.671	84.162	87.565	166.516	174.503	177.242	309.168	309.778	301.62
00:09:00	36.099	34.644	39.361	80.283	83.68	85.779	164.349	171.429	176.558	305.301	311.782	302.66
00:09:30	35.513	33.587	39.304	79.745	84.229	87.682	165.537	173.21	175.768	304.466	312.853	305.053
00:10:00	32.738	33.267	37.066	77.265	83.646	84.145	161.971	170.568	173.777	303.428	303.568	302.443
00:10:30	33.735	33.17	37.855	78.372	81.449	81.633	161.212	170.528	172.69	305.935	311.842	305.717
00:11:00	33.064	31.973	36.597	77.417	79.567	80.361	159.052	168.209	174.075	301.87	308.006	303.019
00:11:30	32.717	31.375	36.148	78.277	79.46	80.56	163.399	167.771	176.573	305.477	307.954	301.712
00:12:00	31.648	30.887	35.492	74.875	78.852	77.941	158.091	168.102	169.39	302.742	306.919	299.84
00:12:30	30.746	30.11	33.679	75.996	78.047	77.742	158.856	163.454	169.338	301.716	303.06	300.825
00:13:00	31.985	29.658	34.879	75.543	75.661	77.679	156.74	166.872	170.325	302.578	307.318	304.725
00:13:30	31.04	29.194	34.868	74.052	76.973	76.622	157.929	167.261	168.704	303.271	302.511	301.618
00:14:00	29.92	28.329	33.411	73.46	74.821	77.142	156.685	164.934	167.727	301.742	304.689	299.719
00:14:30	30.261	29.75	33.962	71.636	73.989	75.466	153.833	162.073	167.731	304.244	301.688	298.626
00:15:00	28.213	29.483	32.661	70.742	74.402	74.825	156.928	162.002	165.67	296.663	298.163	297.574
00:15:30	27.958	27.704	31.316	70.893	72.896	74.965	154.252	162.402	167.003	297.839	298.854	294.823
00:16:00	27.104	27.028	31.605	69.96	70.507	74.093	153.284	159.874	165.981	298.605	298.524	300.194
00:16:30	27.386	27.602	31.814	66.306	72.37	71.102	150.469	159.262	162.579	298.262	299.941	295.289
00:17:00	26.665	25.474	31.631	68.551	72.184	72.949	148.534	158.653	167.22	300.136	301.101	300.027
00:17:30	26.19	25.571	30.701	67.44	69.247	71.561	148.459	161.454	165.036	294.705	299.783	292.041
00:18:00	26.447	25.163	30.133	65.623	67.976	71.172	148.918	157.848	163.529	294.434	295.947	292.511
00:18:30	25.758	25.372	28.874	64.893	68.256	71.231	151.454	157.846	161.842	291.185	297.451	295.066
00:19:00	25.83	25.068	29.203	66.672	67.818	71.944	150.94	159.43	164.268	298.457	299.146	295.808
00:19:30	25.434	24.575	29.504	65.533	67.127	69.101	150.314	158.719	162.799	294.323	297.85	293.318
00:20:00	24.92	25.395	28.664	66.856	67.609	70.482	150.115	159.731	166.187	296.485	297.126	293.15
00:20:30	25.24	24.417	28.387	63.24	64.873	67.679	147.823	158.74	162.472	290.081	298.14	293.347
00:21:00	25.303	24.535	28.392	66.889	65.268	69.799	146.407	157.151	162.115	293.584	293.192	292.145
00:21:30	25.151	22.954	28.025	63.592	64.938	69.459	149.233	155.896	162.172	289.635	299.299	293.598
00:22:00	24.491	23.499	26.245	63.673	64.005	67.027	147.999	153.223	162.199	289.433	295.139	288.362
00:22:30	23.676	23.583	26.22	61.323	64.227	68.538	148.827	155.39	161.694	295.824	295.581	289.853
00:23:00	24.402	23.822	26.869	63.468	63.723	67.924	146.912	156.925	157.819	292.745	291.866	288.115
00:23:30	24.898	22.641	26.705	62.532	63.842	65.988	144.351	151.393	161.166	292.881	291.556	290.991
00:24:00	25.467	22.885	26.173	60.762	63.157	65.536	144.45	156.536	159.21	290.414	294.648	294.49
00:24:30	22.045	23.283	27.194	59.609	62.57	65.035	145.681	153.123	160.367	289.444	293.865	287.683
00:25:00	22.871	22.86	26.831	59.7	60.71	64.847	146.075	154.001	156.25	293.356	292.257	286.798
00:25:30	23.497	22.795	26.189	60.041	60.351	63.831	144.034	154.007	158.397	292.039	293.71	293.443
00:26:00	23.427	21.198	25.141	59.579	61.143	63.61	145.939	154.703	160.968	288.2	289.988	286.112
00:26:30	22.986	22.384	25.756	60.19	60.537	62.427	146.556	155.049	160.172	293.047	292.303	288.723
00:27:00	22.388	21.483	24.097	58.658	60.367	63.55	145.853	155.112	155.909	291.812	296.253	287.52
00:27:30	23.169	23.154	24.968	58.796	57.83	62.376	144.182	150.728	160.882	292.277	291.009	287.014
00:28:00	21.53	21.79	24.886	59.126	58.969	62.774	143.284	151.848	159.66	289.643	291.47	289.319
00:28:30	21.885	20.845	25.035	57.85	58.643	62.96	144.779	155.612	156.439	292.972	290.657	288.837
00:29:00	22.88	21.565	23.46	58.353	58.473	59.859	144.185	150.66	156.815	290.693	291.952	287.175
00:29:30	22.127	20.746	24.086	57.018	59.553	60.788	146.568	151.342	157.689	288.569	291.986	285.531
00:30:00	21.94	21.023	24.168	57.565	56.997	61.164	143.105	151.933	154.974	285.878	289.535	286.859
00:30:30	21.675	20.315	24.332	57.851	59.524	60.633	145.105	152.743	155.379	290.549	293.272	290.001
00:31:00	20.99	21.184	24.007	56.298	59.818	58.85	144.228	154.92	156.525	288.995	290.588	287.199
00:31:30	21.493	20.605	23.935	54.85	56.67	59.768	145.382	150.718	157.123	288.944	286.24	289.268
00:32:00	21.829	20.399	23.329	56.798	57.723	58.371	144.112	150.432	155.548	288.924	291.122	285.967
00:32:30	20.408	19.287	24.164	56.043	57.713	58.643	142.346	150.086	154.401	284.674	293.94	283.849
00:33:00	21.014	20.206	22.807	55.755	56.234	60.89	141.209	150.22	154.632	286.847	289.792	284.745
00:33:30	20.786	20.495	23.981	55.615	57.76	58.517	143.108	151.826	157.383	288.63	292.817	285.638
00:34:00	20.907	20.558	23.042	56.627	57.401	59.057	139.853	148.518	154.699	286.321	291.991	287.941
00:34:30	20.787	19.87	22.393	53.513	56.192	57.131	140.396	148.401	155.633	285.781	283.151	281.774
00:35:00	20.861	19.78	22.8	55.186	55.392	57.475	140.323	150.636	153.947	285.275	289.936	288.281
00:35:30	20.305	19.535	22.602	55.235	56.855	58.74	142.109	149.445	155.271	289	289.042	285.757
00:36:00	19.224	20.5	22.405	55.395	56.357	57.056	141.009	149.444	155.86	288.162	288.194	284.996
00:36:30	19.713	19.801	22.763	54.657	55.718	57.36	138.567	149.404	156.45	286.848	290.085	285.5
00:37:00	20.461	19.327	23.378	54.62	56.99	57.509	142.791	147.929	154.158	287.243	287.37	285.356
00:37:30	19.406	18.899	22.133	53.798	55.419	56.387	138.647	152.246	154.66	282.041	291.043	284.935
00:38:00	20.198	19.44	22.25	53.531	56.979	54.947	139.041	150.089	155.052	286.986	291.61	282.31
00:38:30	20.001	19.302	22.294	54.759	55.317	56.141	141.364	148.095	155.2	285.15	287.03	281.977
00:39:00	19.306	19.299	21.358	52.923	54.595	56.645	139.576	149.456	153.772	289.101	290.427	279.714
00:39:30	20.043	19.569	21.444	54.159	55.349	56.038	139.799	149.871	154.704	282.938	288.338	282.812
00:40:00	19.782	19.924	21.354	54.099	53.972	55.361	139.43	146.753	158.017	287.741	283.939	283.637
00:40:30	18.605	19.929	22.518	53.452	53.879	56.609	141.901	150.268	150.621	284.114	287.605	280.455
00:41:00	20.183	18.56	21.745	53.298	53.933	54.246	139.175	147.23	152.716	286.559	288.028	285.095
00:41:30	19.306	19.719	21.763	53.532	53.785	52.977	138.552	148.453	154.511	285.513	289.99	287.112
00:42:00	18.602	17.763	22.241	53.129	54.684	56.447	140.586	147.632	154.507	286.142	284.527	286.215
00:42:30	19.211	18.67	21.19	53.252	54.771	53.135	139.883	146.595	153.123	285.094	286.073	283.191
00:43:00	19.613	17.566	21.183	51.027	54.433	55.206	137.8	145.928	150.879	285.643	286.417	283.031
00:43:30	20.086	18.75	20.901	53.099	52.857	54.803	138.674	148.598	149.84	285.069	284.969	281.31
00:44:00	18.348	18.476	21.287	52.727	53.736	55.774	139.418	146.732	151.386	285.551	285.516	287.294
00:44:30	19.322	18.07	21.4	54.417	54.071	55.582	141.048	147.83	152.43	285.326	289.153	284.24
00:45:00	19.036	18.796	20.896	51.805	51.306	54.949	143.041	146.193	152.519	283.201	285.532	282.289
00:45:30	19.77	18.3	22.441	52.983	52.072	53.304	142.343	148.756	151.5	283.02	284.99	285.254
00:46:00	18.88	17.713	21.563	51.966	52.509	53.751	139.686	147.447	151.829	282.802	286.566	280.513
00:46:30	17.985	16.907	20.423	52.851	53.576	54.074	140.626	146.577	152.29	285.504	289.368	282.154
00:47:00	19.475	18.278	20.896	50.792	53.005	52.294	138.383	146.231	154.162	286.175	284.798	286.363
00:47:30	18.816	18.039	20.568	51.551	51.966	53.458	138.817	145.635	154.375	281.416	284.073	280.593
00:48:00	19.267	16.757	21.041	50.882	50.291	52.693	139.079	142.833	153.585	283.069	283.869	280.086
00:48:30	18.961	17.174	20.748	49.38	53.209	54.137	138.476	144.898	152.369	283.539	286.314	282.057
00:49:00	17.987	18.628	21.481	49.713	49.511	53.144	137.815	147.5	153.805	285.062	287.484	285.021
00:49:30	18.486	16.482	21.053	51.669	50.216	53.651	140.207	145.259	151.923	284.891	284.217	281.535
00:50:00	18.63	17.359	20.476	50.381	50.542	52.792	138.519	147.782	149.961	282.363	287.624	282.619
00:50:30	18.09	17.939	19.844	49.87	51.323	52.348	138.587	144.505	151.013	282.041	283.906	281.881
00:51:00	18.709	17.205	20.748	51.214	51.97	52.876	139.111	146.68	150.604	284.577	281.025	279.515
00:51:30	18.518	17.607	19.551	50.119	50.521	50.404	136.629	146.471	152.817	283.944	284.023	281.007
00:52:00	17.894	17.373	20.33	49.961	50.488	52.613	135.845	144.455	148.22	276.997	285.512	279.425
00:52:30	18.943	18.368	20.478	50.609	51.708	52.205	136.207	144.217	150.7	282.52	285.992	279.008
00:53:00	18.09	18.186	19.837	48.231	50.054	52.124	134.58	143.802	150.476	282.338	285.867	281.464
00:53:30	18.324	17.752	20.243	50.714	50.888	51.765	139.264	144.763	150.726	280.799	286.939	277.151
00:54:00	17.913	16.985	20.102	49.99	50.729	52.031	135.128	146.126	148.785	282.758	279.252	275.122
00:54:30	18.028	17.614	21.443	49.792	50.901	51.036	137.827	147.514	149.874	279.296	286.338	279.148
00:55:00	17.5	17.925	19.888	50.06	49.864	52.012	138.496	147.945	150.672	283.016	284.216	281.435
00:55:30	18.043	17.559	19.507	49.656	51.586	51.527	134.071	145.041	150.775	279.029	284.346	280.18
00:56:00	18.433	18.433	20.851	49.073	50.716	50.729	137.138	149.236	149.999	281.402	283.592	279.859
00:56:30	17.724	17.099	18.884	49.394	50.457	51.257	135.938	147.778	153.232	284.233	279.989	278.658
00:57:00	17.407	17.188	20.009	50.438	48.191	51.068	137.938	146.804	151.687	281.767	286.241	279.957
00:57:30	17.069	17.392	18.961	49.113	49.885	50.76	135.8	144.147	150.112	282.162	280.965	280.699
00:58:00	18.35	17.715	19.711	50.054	50.269	50.787	138.8	145.429	149.536	285.707	284.755	279.442
00:58:30	17.931	16.471	19.501	47.979	51.301	50.48	137.405	144.305	149.673	277.937	280.388	274.671
00:59:00	18.363	17.887	19.524	47.953	49.949	50.103	134.368	146.665	149.511	285.308	286.771	282.142
00:59:30	17.354	17.392	19.548	49.434	49.788	50.026	139.026	144.883	149.411	280.891	282.856	282.034
01:00:00	17.608	16.248	19.671	48.651	50.661	50.49	136.324	143.85	149.322	276.112	281.536	278.902
01:00:30	17.523	16.905	19.701	47.202	49.059	51.591	137.678	144.878	149.578	282.628	282.326	280.738
01:01:00	17.423	17.494	19.857	47.378	48.482	50.11	135.916	143.791	151.815	281.079	286.374	278.037
01:01:30	18.292	16.988	20.132	50.234	49.678	49.712	136.82	144.989	147.733	280.011	281.579	279.661
01:02:00	18.24	16.708	19.996	47.172	50.399	50.543	137.093	142.881	150.636	279.435	287.662	276.635
01:02:30	17.763	17.65	18.237	49.461	49.532	49	135.444	143.974	147.642	279.984	282.186	279.321
01:03:00	17.101	16.93	19.942	47.91	49.949	50.275	134.581	145.78	150.9	279.861	286.298	281.972
01:03:30	17.405	17.001	19.617	48.924	49.126	49.231	135.93	142.189	148.4	281.417	280.404	273.229
01:04:00	17.184	17.463	18.771	49.541	49.05	49.796	134.09	146.11	148.44	281.403	281.605	275.375
01:04:30	18.306	16.248	18.751	47.764	48.786	49.953	136.761	143.849	147.907	283.872	283.485	275.55
01:05:00	17.999	16.784	19.624	47.626	47.237	50.73	134.596	143.575	148.676	277.5	284.793	276.932
01:05:30	16.935	16.866	18.675	47.272	47.887	48.82	134.581	144.497	150.466	280.703	283.352	278.571
01:06:00	19.294	16.62	19.713	47.056	49.32	49.14	137.451	144.325	147.016	281.012	283.402	274.321
01:06:30	17.759	17.119	19.133	46.663	48.932	48.928	137.382	146.523	149.08	278.139	278.055	278.736
01:07:00	17.892	16.894	19.334	47.12	48.135	49.421	135.768	144.543	150.81	279.93	282.58	277.148
01:07:30	17.655	17.247	18.726	46.963	48.205	49.557	137.036	144.744	149.722	277.813	285.559	276.233
01:08:00	16.993	17.481	19.211	47.129	48.451	48.818	136.965	143.188	150.028	277.607	285.638	278.594
01:08:30	17.817	16.768	18.55	47.765	49.204	48.815	135.449	143.388	150.374	277.986	280.778	275.89
01:09:00	17.377	17.286	19.618	46.747	48.518	48.079	134.792	145.856	148.476	281.211	285.707	278.204
01:09:30	17.352	17.101	19.407	47.199	48.287	47.762	135.526	141.82	149.189	279.617	283.446	272.044
01:10:00	16.951	16.794	18.656	48.071	48.686	47.751	133.224	140.697	147.359	280.833	280.172	274.667
01:10:30	17.667	16.318	19.057	45.537	47.347	48.928	133.422	142.508	147.808	278.905	285.571	280.565
01:11:00	16.177	16.15	18.865	47.935	49.037	50.9	136.486	144.988	149.639	280.333	281.99	274.915
01:11:30	16.686	16.788	19.553	47.462	47.835	48.901	134.499	142.298	149.918	280.118	284.844	277.351
01:12:00	16.685	16.944	18.837	47.606	48.871	49.415	135.669	142.97	148.31	281.126	283.311	278.195
01:12:30	17.769	15.734	18.641	46.637	46.189	47.293	134.719	141.777	147.1	275.734	278.138	277.368
01:13:00	17.182	16.541	18.699	46.771	48.462	47.059	134.942	142.553	148.851	278.446	279.068	274.83
01:13:30	17.043	16.617	18.923	47.102	49.638	48.364	135.928	143.56	147.96	278.834	282.349	279.97
01:14:00	18.193	16.597	19.054	45.724	47.648	48.261	137.052	143.018	145.825	277.639	279.681	277.807
01:14:30	17.962	15.984	19.462	45.695	48.045	47.209	134.365	139.956	148.683	278.825	277.782	275.374
01:15:00	16.723	16.969	19.62	44.894	46.97	47.597	134.291	141.778	149.396	279.481	276.447	277.355
01:15:30	16.91	16.632	18.32	45.838	47.554	46.652	133.094	143.311	145.963	283.149	280.971	276.032
01:16:00	17.353	16.608	18.556	45.901	47.91	48.486	133.365	142.314	149.168	276.566	278.144	272.612
01:16:30	17.076	17.63	18.292	45.339	46.726	49.574	135.911	141.457	148.127	273.603	282.172	277.413
01:17:00	17.77	17.313	20.14	45.016	47.879	48.013	135.298	143.464	148.447	277.628	279.218	278.156
01:17:30	17.236	17.701	18.736	46.594	46.991	48.028	135.014	140.484	144.945	280.381	282.927	279.746
01:18:00	17.364	16.286	18.047	47.338	48.05	46.215	134.758	143.724	148.988	278.84	279.079	275.366
01:18:30	17.425	16.922	19.182	45.696	47.444	47.46	134.304	143.866	146.922	279.166	280.887	276.607
01:19:00	17.16	16.525	19.371	45.57	45.506	47.922	136.15	142.331	147.634	280.172	281.965	276.763
01:19:30	17.534	16.932	19.263	46.154	47.678	48.513	131.683	141.202	147.512	276.805	278.107	275.149
01:20:00	16.816	16.48	18.865	46.158	46.745	47.418	135.349	141.335	147.049	282.36	281.041	277.327
01:20:30	16.587	15.994	17.745	45.305	46.724	48.667	133.424	142.187	146.267	280.634	280.111	277.221
01:21:00	17.382	16.735	18.245	45.954	45.967	47.714	132.63	141.259	146.868	278.123	277.845	275.435
01:21:30	16.997	15.901	18.941	44.576	47.745	47.143	135.205	143.716	147.447	275.083	278.46	275.855
01:22:00	17.311	16.402	18.52	46.216	48.441	47.778	130.456	144.913	146.271	282.665	281.823	274.398
01:22:30	15.615	15.443	18.184	45.9	46.095	47.058	134.894	143.532	146.462	281.154	284.715	275.69
01:23:00	16.46	16.489	18.124	46.099	47.355	45.893	135.244	142.271	147.268	281.888	279.461	276.339
01:23:30	18.36	16.365	18.699	46.214	46.108	46.647	135.188	141.345	148.863	275.617	277.444	275.92
01:24:00	16.681	16.91	17.603	44.837	46.292	46.976	136.584	143.996	150.393	280.156	282.62	271.386
01:24:30	17.902	15.793	18.398	45.139	46.093	47.416	134.76	146.111	147.149	277.434	279.665	275.516
01:25:00	17.242	16.049	18.277	43.671	46.667	45.74	134.499	141.867	147.709	277.196	274.979	274.446
01:25:30	17.745	16.014	18.516	46.393	47.257	45.72	131.126	141.954	147.948	276.444	279.418	273.804
01:26:00	16.22	14.827	17.407	44.212	45.525	47.772	133.073	141.713	149.343	281.188	281.434	273.717
01:26:30	16.911	16.29	18.276	45.737	45.652	46.501	131.804	144.108	145.165	279.547	278.502	271.837
01:27:00	16.902	16.421	19.016	43.497	46.274	46.544	135.638	142.634	145.674	278.81	279.723	273.422
01:27:30	17.064	17.182	18.378	44.89	44.582	45.984	132.425	142.419	149.096	279.578	275.769	274.866
01:28:00	17.423	16.485	18.157	43.904	45.524	46.445	134.782	142.124	146.821	279.249	280.726	271.895
01:28:30	16.642	16.746	18.313	44.51	45.227	45.452	135.324	142.788	147.328	278.313	277.722	274.684
01:29:00	17.525	17.238	17.95	44.438	45.736	45.577	135.045	141.155	146.72	279.196	275.61	275.636
01:29:30	16.698	15.945	18.388	44.023	45.769	45.976	132.848	142.725	147.334	277.267	279.66	274.07
01:30:00	17.238	15.989	17.578	45.333	44.587	46.547	134.39	142.791	148.394	275.607	283.435	272.421
01:30:30	16.55	16.406	18.938	43.737	43.547	46.812	132.437	141.566	150.057	279.735	277.871	272.575
01:31:00	17.992	16.133	18.407	44.912	44.963	45.481	131.227	142.11	147.504	275.544	276.865	274.441
01:31:30	17.198	16.541	18.021	43.784	44.083	45.566	134.021	142.81	146.7	273.278	276.222	272.974
01:32:00	16.714	16.999	18.715	43.201	45.576	46.579	136.108	141.841	145.445	277.57	279.171	272.894
01:32:30	17.856	16.544	18.393	44.273	44.988	46.583	134.046	139.731	146.757	281.105	280.772	270.064
01:33:00	17.323	16.417	18.667	45.645	45.62	46.307	135.383	143.805	144.68	280.453	276.561	274.961
01:33:30	17.941	16.328	18.091	43.79	44.028	45.928	134.421	142.731	146.418	272.997	280.431	269.94
01:34:00	16.872	16.166	17.723	44.748	45.428	45.979	130.374	139.429	145.373	277.32	279.389	267.105
01:34:30	16.64	16.009	17.359	44.804	45.842	45.55	135.9	137.593	148.962	277.06	273.703	272.23
01:35:00	16.685	16.339	18.805	43.333	44.81	46.156	132.97	141.193	147.906	274.325	277.308	272.009
01:35:30	16.386	14.954	18.116	43.191	45.775	45.199	134.876	142.459	146.365	280.192	282.108	275.365
01:36:00	16.557	16.218	18.619	44.151	45.305	45.293	135.389	143.107	149.037	277.074	280.189	275.023
01:36:30	16.592	16.367	18.011	44.058	46.728	45.891	131.852	143.134	146.172	274.717	278.32	275.976
01:37:00	16.078	17.046	18.389	44.558	46.465	45.785	133.821	138.416	146.805	276.65	276.486	273.398
01:37:30	17.623	15.344	18.91	42.894	45.149	46.692	132.357	142.424	147.96	279.299	277.083	272.276
01:38:00	17.818	16.32	17.991	44.179	44.968	44.979	133.611	142.281	148.776	271.965	279.221	275.759
01:38:30	16.784	16.38	18.25	44.564	45.525	44.694	133.596	141.063	146.605	272.492	279.65	273.3
01:39:00	17.44	15.55	18.048	43.27	44.678	44.206	134.641	139.846	146.219	276.067	275.329	274.15
01:39:30	16.961	16.3	18.515	44.352	44.255	44.314	132.048	139.798	145.228	275.945	272.063	272.18
01:40:00	17.043	16.566	19.125	43.866	44.376	45.932	132.471	140.367	146.482	279.217	277.793	272.067
01:40:30	17.609	15.749	18.245	44.424	46.21	47.096	132.565	142.632	145.058	275.518	278.049	271.053
01:41:00	16.149	16.275	18.999	43.222	44.771	44.152	134.745	141.834	148.398	276.389	277.429	273.399
01:41:30	17.385	15.568	18.228	42.757	44.767	45.26	131.951	141.385	146.831	278.764	274.701	273.043
01:42:00	17.202	16.392	18.983	42.198	43.067	43.874	133.18	143.292	143.984	274.945	277.237	265.197
01:42:30	17.448	16.09	19.164	44.374	43.564	46.22	132.082	138.929	146.463	275.286	279.317	271.949
01:43:00	17.14	16.685	17.351	43.627	44.673	44.196	132.475	143.434	145.922	275.943	276.217	269.136
01:43:30	16.093	15.789	18.476	44.214	44.3	44.633	132.298	143.122	145.632	274.838	277.1	275.064
01:44:00	17.523	16.93	18.648	43.146	45.183	44.134	132.857	141.421	145.518	275.143	277.881	273.6
01:44:30	17.137	15.831	18.008	43.338	44.06	45.244	134.936	142.728	147.187	274.189	278.33	269.311
01:45:00	17.021	16.093	18.994	43.057	43.643	43.751	132.053	140.074	146.825	276.3	277.312	271.154
01:45:30	15.732	17.135	18.104	42.475	45.355	45.853	134.335	141.537	146.121	271.529	273.594	273.483
01:46:00	16.785	16.36	18.835	42.642	44.307	44.126	135.734	141.376	145.178	276.356	279.032	270.33
01:46:30	17.239	16.031	17.09	41.85	45.873	44.682	132.964	141.579	145.023	272.531	275.576	273.552
01:47:00	17.523	16.846	18.066	43.81	43.423	45.995	133.954	143.125	147.223	276.793	278.258	275.281
01:47:30	17.508	16.695	18.232	43.171	44.359	44.562	132.015	139.164	146.256	273.294	280.306	270.746
01:48:00	17.478	16.77	18.005	43.576	43.623	43.551	132.498	141.571	144.933	273.719	277.24	271.99
01:48:30	16.995	15.666	18.026	41.893	46.278	44.917	133.694	141.419	145.484	273.241	271.463	274.36
01:49:00	17.498	15.87	19.298	42.041	42.897	44.379	132.076	140.822	145.938	274.271	278.781	270.754
01:49:30	17.43	17.443	19.176	43.325	43.269	44.634	131.22	140.994	143.311	275.448	273.255	271.212
01:50:00	16.601	15.204	18.577	44.465	43.029	44.063	130.399	140.065	145.113	276.185	275.791	269.405
01:50:30	16.919	16.42	18.458	44.312	43.875	45.384	131.086	140.159	143.772	271.041	274.406	272.171
01:51:00	17.645	15.824	19.393	42.508	44.94	45.064	132.43	140.526	148.44	274.989	272.982	269.111
01:51:30	17.198	15.793	17.954	42.814	44.037	44.632	132.299	140.254	144.741	278.319	273.412	270.533
01:52:00	16.759	16.548	17.69	40.865	43.649	43.498	132.475	138.293	146.884	271.528	275.651	268.536
01:52:30	17.625	15.433	18.912	42.148	45.171	44.561	129.961	141.797	146.294	277.12	276.63	268.69
01:53:00	16.931	17.501	18.008	42.726	42.632	44.572	134.857	141.5	146.316	274.755	280.359	269.944
01:53:30	16.059	16.247	18.529	41.907	42.395	45.284	130.395	141.446	144.983	276.371	276.579	271.57
01:54:00	18.017	17.256	18.317	42.972	43.348	43.68	134.601	138.905	145.557	273.825	276.246	270.675
01:54:30	16.812	16.477	18.242	41.745	43.712	44.395	134.089	141.815	147.015	273.721	277.366	270.158
01:55:00	17.266	16.546	18.058	43.41	44.476	44.396	130.88	139.909	146.871	276.807	276.267	268.948
01:55:30	17.296	16.591	17.431	41.24	42.767	43.586	130.631	140.215	145.652	270.909	276.673	270.354
01:56:00	17.467	16.998	17.498	41.748	43.602	44.204	131.329	139.809	144.773	272.858	274.063	270.243
01:56:30	17.225	16.151	18.017	42.788	43.081	42.855	129.862	142.592	145.413	278.514	277.127	272.183
01:57:00	17.52	16.475	17.938	42.266	43.306	42.706	134.349	140.784	145.88	272.696	278.222	273.732
01:57:30	17.529	16.205	18.92	42.096	44.573	43.697	131.287	140.575	143.249	275.164	276.139	270.92
01:58:00	16.569	16.129	18.007	42.574	43.958	43.473	131.706	137.784	142.462	272.806	275.598	270.289
01:58:30	17.116	15.829	17.663	42.202	44.362	42.411	131.501	142.108	144.534	270.053	275.048	269.483
01:59:00	17.143	16.206	17.928	41.683	43.235	45.116	132.438	139.882	144.692	271.882	279.993	270.616
01:59:30	18.508	16.935	18.614	41.633	44.798	43.63	131.866	140.151	144.208	275.498	275.055	269.007
02:00:00	17.373	16.523	17.868	43.081	42.289	43.528	131.982	140.127	148.102	275.12	269.131	269.869