Time	25_1	25_2	25_3	50_1	50_2	50_3	100_1	100_2	100_3	150_1	150_2	150_3
00:00:00	66.481	65.746	63.083	129.872	127.214	130.893	243.306	246.908	249.685	371.764	374.195	370.627
00:00:30	65.198	64.954	54.531	123.859	121.697	126.391	235.299	243.874	247.423	367.893	362.41	364.667
00:01:00	60.526	62.057	51.938	121.299	111.766	119.778	228.134	229.502	236.765	349.532	349.085	345.547
00:01:30	58.326	60.554	49.502	116.26	111.617	116.322	218.121	222.592	225.934	340.526	336.007	338.077
00:02:00	54.265	54.727	48.825	111.549	106.033	111.77	206.725	212.417	216.498	332.022	326.054	327.346
00:02:30	53.62	52.665	44.758	105.434	102.739	108.692	200.302	205.832	209.948	329.63	321.9	327.46
00:03:00	50.455	51.217	44.218	105.752	101.56	107.411	190.549	199.799	200.137	323.976	318.113	318.413
00:03:30	49.531	47.871	42.013	102.989	94.483	101.34	186.544	196.019	195.827	314.909	313.267	318.079
00:04:00	47.513	48.293	40.473	101.496	94.192	100.077	179.511	191.433	192.641	314.504	311.851	308.232
00:04:30	46.71	46.882	38.139	99.01	93.04	97.106	177.675	184.415	187.173	316.064	307.788	309.007
00:05:00	43.052	44.388	38.249	95.588	89.579	93.772	172.89	185.788	181.979	309.507	306.723	304.503
00:05:30	41.171	44.492	36.904	92.748	87.026	91.645	173.208	179.398	180.309	308.773	305.228	304.806
00:06:00	40.754	41.154	35.232	91.387	86.651	91.76	170.126	176.234	178.021	309.682	299.377	302.022
00:06:30	39.707	39.951	32.999	88.115	82.878	86.621	164.024	176.735	178.302	309.845	297.578	301.955
00:07:00	37.97	38.48	33.75	85.156	82.627	86.755	164.264	172.876	178.176	301.333	298.947	296.327
00:07:30	37.329	39.156	31.746	84.569	77.62	86.112	163.038	171.083	170.511	299.249	293.956	295.522
00:08:00	36.377	37.262	30.549	84.283	78.263	85.246	162.208	169.621	171.852	304.217	298.524	297.194
00:08:30	33.693	35.677	30.723	82.841	76.848	84.342	160.602	170.624	169.57	301.556	296.759	295.972
00:09:00	32.94	35.84	29.474	80.865	76.634	80.857	158.421	166.745	170.587	297.435	289.139	294.213
00:09:30	34.043	34.345	28.591	80.534	73.954	81.442	157.495	167.301	168.688	300.321	298.232	293.229
00:10:00	32.388	33.574	28.922	78.376	71.92	79.02	156.5	164.179	165.256	295.952	289.608	290.639
00:10:30	33.076	32.944	27.012	75.883	72.558	78.379	155.227	166.961	164.058	294.93	291.281	291.996
00:11:00	32.835	32.841	28.216	76.255	72.662	76.13	152.995	162.227	163.603	292.946	290.475	292.048
00:11:30	30.899	31.997	27.75	75.487	70.826	76.119	153.424	159.178	161.852	293.147	290.33	286.533
00:12:00	30.561	31.683	27.904	73.747	68.531	74.128	153.894	161.157	160.845	291.437	284.832	288.398
00:12:30	29.768	30.603	27.554	72.292	68.711	72.827	150.879	159.15	162.648	291.371	291.829	288.726
00:13:00	29.076	30.519	25.48	70.278	66.801	73.566	152.518	159.622	162.209	291.912	284.799	286.903
00:13:30	28.216	30.482	25.211	71.06	68.99	72.688	147.829	160.383	159.609	290.878	285.519	288.163
00:14:00	28.204	29.619	24.248	69.65	66.263	71.515	152.198	158.312	159.567	288.391	289.907	289.12
00:14:30	27.183	28.29	24.006	68.541	64.897	69.418	148.91	158.163	156.525	289.303	284.637	285.578
00:15:00	26.445	29.432	23.127	69.343	64.716	69.264	147.434	157.012	156.729	283.476	285.899	288.128
00:15:30	27.584	28.332	23.344	67.024	64.108	68.906	146.907	155.691	156.443	289.004	283.179	281.332
00:16:00	25.853	27.54	23.148	66.889	62.528	66.881	147.538	154.627	158.078	289.873	281.267	282.806
00:16:30	26.962	26.816	22.711	65.912	62.686	65.851	145.825	156.599	157.66	284.608	282.075	285.478
00:17:00	26.964	25.731	22.457	65.3	62.151	66.13	145.629	155.536	155.443	288.752	281.749	284.456
00:17:30	25.752	26.603	20.965	65.021	61.117	65.567	146.314	153.684	155.991	288.268	281.65	282.237
00:18:00	24.954	26.369	23.134	63.645	58.622	64.314	145.625	154.363	155.045	290.396	284.475	283.623
00:18:30	24.13	24.864	21.13	63.868	59.256	63.812	145.353	151.526	155.569	283.259	282.329	280.609
00:19:00	24.458	26.269	20.544	62.055	59.027	64.1	141.991	152.064	153.068	284.911	279.996	281.988
00:19:30	23.844	25.532	20.709	62.542	58.429	62.772	142.735	150.324	153.043	283.458	276.811	286.105
00:20:00	24.271	24.56	19.011	62	58.338	63.104	143.788	150.646	156.215	283.86	278.28	282.626
00:20:30	23.777	22.667	20.016	60.592	58.11	64.376	146.844	151.347	153.338	283.987	278.002	282.863
00:21:00	23.4	23.898	20.03	61.382	57.396	63.023	144.262	151.053	154.017	288.956	279.665	281.004
00:21:30	22.815	23.735	18.894	60.091	54.647	62.736	143.328	148.491	151.569	281.779	278.676	278.377
00:22:00	21.627	23.635	19.563	58.557	56.789	60.828	138.164	147.312	154.879	283.431	278.02	280.416
00:22:30	22.956	23.174	19.282	58.209	55.063	62.467	142.623	151.608	150.909	285.965	283.019	277.778
00:23:00	22.366	22.907	18.076	58.397	55.109	61.307	140.587	148.127	148.651	284.218	275.852	276.657
00:23:30	22.222	22.134	19.375	59.519	54.757	59.293	141.131	150.477	152.753	282.011	278.347	277.12
00:24:00	21.671	23.125	18.622	56.983	54.776	61.83	143.758	148.527	153.176	286.387	279.784	279.151
00:24:30	21.865	22.558	19.018	57.378	53.087	59.325	141.675	149.164	151.004	282.032	273.165	279.038
00:25:00	22.02	22.709	17.904	56.876	53.16	59.634	136.905	149.161	151.65	281.925	281.557	281.454
00:25:30	21.582	22.433	18.384	54.671	52.67	59.242	139.407	147.444	152.866	279.974	277.36	280.815
00:26:00	21.477	22.115	18.66	55.93	54.646	60.469	138.052	148.79	150.102	278.154	277.676	279.193
00:26:30	20.908	20.97	18.565	54.633	54.022	59.772	140.095	148.053	151.412	279.775	276.802	275.312
00:27:00	20.562	20.95	17.578	55.346	53.594	58.678	140.466	147.221	149.412	282.253	274.057	279.865
00:27:30	19.659	21.672	18.271	55.518	52.704	57.681	139.452	147.744	153.514	284.702	275.465	278.733
00:28:00	20.622	20.754	16.688	53.156	50.632	57.882	139.361	147.425	149.682	279.574	276.27	273.988
00:28:30	19.761	20.62	17.793	52.128	51.698	55.685	137.547	144.292	149.63	279.445	276.675	278.115
00:29:00	18.829	19.986	16.756	52.944	50.618	55.549	135.662	146.27	149.534	280.522	270.881	274.74
00:29:30	19.509	20.287	17.435	54.139	51.471	56.467	137.101	145.427	148.839	276.595	273.968	279.981
00:30:00	19.496	19.625	16.885	52.521	50.926	55.704	138.616	146.49	150.718	276.389	272.496	274.991
00:30:30	19.383	20.599	17.448	49.796	52.066	57.869	138.977	148.035	150.624	277.894	276.929	280.055
00:31:00	19.364	20.217	16.533	52.272	50.785	54.074	139.62	148.718	151.912	279.641	272.149	275.835
00:31:30	19.365	19.945	16.645	50.414	48.995	56.545	138.962	144.99	151.394	280.298	276.927	277.065
00:32:00	19.716	20.068	16.124	49.79	51.08	55.243	137.992	145.328	150.046	279.266	275.026	277.746
00:32:30	19.245	20.398	16.874	50.385	50.427	55.848	137.167	143.573	148.21	282.501	277.635	279.214
00:33:00	19.373	19.568	16.758	49.035	50.872	55.576	135.155	145.932	149.225	278.854	271.693	278.014
00:33:30	18.754	19.752	15.89	49.455	48.89	51.814	137.853	146.185	149.366	278.915	275.709	270.833
00:34:00	18.704	19.095	14.984	49.447	50.227	54.227	139.682	150.438	150.088	281.242	276.182	280.809
00:34:30	18.777	18.851	16.271	47.962	49.143	55.832	136.702	144.543	150.828	279.37	270.965	279.814
00:35:00	19.165	18.539	15.295	49.41	49.026	54.268	135.982	146.805	150.292	273.571	275.893	273.727
00:35:30	18.419	18.606	15.482	48.669	47.687	55.326	135.28	145.168	146.365	278.857	272.174	278.627
00:36:00	19.189	18.802	15.194	48.367	47.102	55.806	138.699	143.367	144.974	273.747	278.511	275.761
00:36:30	16.614	19.276	15.342	46.854	46.552	53.525	137.347	144.566	146.941	274.644	271.425	269.776
00:37:00	19.045	17.803	14.93	47.626	47.24	53.211	134.765	144.902	146.101	276.22	270.485	272.083
00:37:30	18.038	18.604	15.327	44.151	46.463	51.069	137.238	144.482	143.671	275.612	272.971	274.438
00:38:00	17.953	18.752	15.596	47.452	49.548	52.678	134.972	145.186	146.137	278.901	273.708	274.532
00:38:30	17.222	16.895	15.469	46.05	47.802	52.34	137.362	144.668	147.563	276.21	272.871	274.541
00:39:00	17.492	18.575	14.005	46.423	46.986	52.377	135.626	145.912	146.535	274.744	274.989	272.685
00:39:30	17.575	18.74	15.536	46.363	48.691	53.235	135.784	143.758	145.523	275.846	273.674	271.606
00:40:00	18.041	18.206	14.784	46.892	47.553	52.771	133.526	142.059	147.418	278.829	272.766	277.071
00:40:30	17.897	17.977	15.127	46.281	47.564	50.354	137.216	140.94	146.997	273.806	271.168	273.923
00:41:00	17.275	17.417	13.877	45.47	49.546	52.03	136.699	142.751	147.686	276.244	272.063	271.43
00:41:30	17.471	18.856	15.595	46.029	48.167	52.717	134.734	146.439	143.403	278.088	274.907	275.161
00:42:00	16.848	18.747	15.838	45.659	47.703	53.612	136.956	144.799	149.287	275.899	272.984	272.676
00:42:30	16.99	17.559	15.003	45.761	45.718	52.736	133.872	141.831	144.777	275.618	271.054	272.61
00:43:00	16.888	18.244	14.929	43.038	46.339	52.443	138.875	140.831	147.033	272.464	272.269	271.626
00:43:30	17.316	17.935	15.308	44.59	47.283	52.678	133.686	141.685	142.292	275.788	270.169	272.073
00:44:00	16.259	17.192	15.4	44.438	47.166	50.617	134.18	145.307	143.539	273.069	274.772	274.552
00:44:30	16.81	16.472	13.933	43.526	44.342	51.857	134.203	142.879	146.133	282.382	266.014	266.76
00:45:00	16.94	17.434	15.39	44.617	47.115	51.12	134.661	140.187	144.729	275.458	268.496	271.91
00:45:30	16.997	16.586	13.377	45.517	46.113	51.183	136.92	142.248	143.583	281.403	271.536	275.728
00:46:00	16.478	17.053	14.307	44.479	45.115	51.824	133.583	142.202	144.17	273.518	271.051	274.16
00:46:30	17.201	16.494	14.982	42.97	44.662	49.42	133.548	142.124	145.529	274.211	268.534	268.339
00:47:00	15.593	17.47	13.853	44.456	46.91	51.474	134.439	144.121	145.477	275.304	270.541	270.501
00:47:30	16.384	16.516	14.556	44.859	46.714	49.804	134.559	143.492	145.636	278.432	271.995	272.172
00:48:00	15.859	16.693	14.674	44.495	46.334	50.191	134.978	142.69	144.623	277.383	270.339	271.081
00:48:30	16.736	17.508	13.805	44.092	45.526	50.213	134.533	143.982	144.665	275.982	269.196	272.362
00:49:00	16.344	17.853	14.562	44.165	46.852	51.609	134.708	144.547	143.613	269.907	270.596	272.289
00:49:30	17.016	17.183	14.11	45.408	44.458	49.51	131.968	141.815	146.562	273.991	270	271.793
00:50:00	16.829	17.557	15.147	42.743	45.999	51.734	135.295	143.985	144.442	277.029	268.562	269.616
00:50:30	16.707	17.506	14.18	41.168	46.503	49.314	135.779	142.589	144.355	271.137	267.7	270.474
00:51:00	16.979	16.87	13.907	42.324	44.248	50.618	134.02	141.904	143.999	271.709	271.373	267.277
00:51:30	16.164	17.031	13.836	42.753	44.169	48.38	133.76	141.971	142.691	272.964	270.315	273.198
00:52:00	16.005	16.674	14.437	43.248	46.907	50.398	135.385	144.159	145.467	276.883	269.982	268.87
00:52:30	15.462	16.891	14.294	41.836	43.759	48.933	133.357	141.438	145.361	277.499	265.611	269.15
00:53:00	16.542	15.538	14.296	42.395	44.776	48.446	135.483	140.581	140.436	270.889	271.756	269.896
00:53:30	15.432	16.455	14.972	42.808	45.089	49.35	134.989	142.052	146.478	276.009	267.01	273.287
00:54:00	16.65	16.161	15.173	41.05	45.516	49.762	133.77	143.289	145.31	274.617	267.084	268.824
00:54:30	16.444	16.451	13.36	41.831	43.618	48.879	133.875	143.028	143.115	273.38	268.821	273.016
00:55:00	15.498	15.832	13.938	42.162	43.298	48.804	133.312	142.385	142.515	271.108	267.65	269.691
00:55:30	16.725	15.242	13.822	42.552	43.222	48.548	135.005	140.424	145.073	271.923	266.201	273.079
00:56:00	15.834	17.548	13.359	41.785	44.364	48.863	133.669	142.766	143.377	270.751	267.102	270.121
00:56:30	15.523	17.304	13.032	43.047	44.438	48.926	133.763	143.962	142.889	276.708	265.68	267.812
00:57:00	16.076	16.792	13.912	42.428	45.685	47.986	133.013	141.872	143.923	273.275	268.066	268.273
00:57:30	16.264	16.594	13.88	41.397	42.939	48.836	130.534	138.378	144.03	271.342	269.138	267.991
00:58:00	16.236	16.403	13.076	41.468	44.395	47.847	133.036	138.402	141.492	271.922	267.553	274.174
00:58:30	15.96	16.436	14.161	41.203	43.671	47.995	133.337	139.787	145.016	274.932	265.577	270.984
00:59:00	15.843	16.172	14.27	42.206	44.467	49.958	133.582	140.068	144.558	272.297	269.697	269.469
00:59:30	15.836	16.294	13.521	42.669	41.776	47.579	131.864	140.835	142.524	272.309	268.411	268.879
01:00:00	16.755	16.918	14.252	43.306	44.064	48.471	133.142	141.979	143.92	274.92	271.098	268.681
01:00:30	15.619	16.353	13.644	41.209	41.923	47.436	133.792	142.626	142.824	274.146	267.541	274.333
01:01:00	15.029	16.167	13.084	42.241	42.399	47.834	132.349	140.485	142.985	276.287	264.45	267.415
01:01:30	16.241	16.193	13.401	41.98	42.529	47.784	130.007	140.581	140.6	274.602	267.184	267.939
01:02:00	15.585	16.909	13.301	40.345	42.03	47.559	135.169	138.451	142.9	276.437	265.194	268.313
01:02:30	15.674	15.438	13.977	41.583	41.316	49.163	133.683	142.304	144.407	274.033	270.458	270.684
01:03:00	15.296	16.619	13.501	42.312	41.631	47.101	133.11	142.047	143.413	271.127	266.187	269.306
01:03:30	14.813	16.276	13.886	41.034	42.137	47.025	131.762	140.934	141.925	277.696	270.064	266.391
01:04:00	16.05	16.227	12.912	40.24	41.33	47.701	135.47	141.793	141.448	275.823	268.987	267.737
01:04:30	16.053	15.371	13.869	40.426	40.202	46.139	134.379	142.221	140.87	276.794	266.325	269.504
01:05:00	15.957	15.653	14.699	40.89	40.806	47.793	133.851	140.875	144.396	275.351	268.673	269.786
01:05:30	15.242	16.027	12.87	38.704	40.924	47.245	132.931	138.653	143.688	269.142	267.799	267.486
01:06:00	15.343	16.438	13.155	40.974	41.63	47.306	131.524	140.538	140.838	273.005	267.09	266.587
01:06:30	15.522	16.426	13.003	38.925	40.906	46.671	133.376	138.093	145.531	270.313	265.813	270.829
01:07:00	15.547	15.779	13.665	40.031	41.15	46.001	132.862	138.681	141.843	269.695	267.111	269.779
01:07:30	15.023	16.458	13.874	41.342	39.508	47.562	130.982	139.431	144.083	276.287	267.521	268.029
01:08:00	15.056	15.453	13.47	40.523	40.742	46.905	131.901	139.735	140.898	273.04	264.308	266.578
01:08:30	15.194	15.749	13.51	40.109	38.567	46.348	133.61	140.718	141.554	271.451	266.803	267.084
01:09:00	16.395	15.307	13.403	40.385	40.548	46.289	134.261	141.335	142.419	268.453	264.883	268.336
01:09:30	15.356	16.453	13.503	40.706	37.902	46.653	133.017	138.84	140.554	274.443	265.803	267.362
01:10:00	15.807	16.616	13.58	40.196	40.418	46.748	131.838	139.422	140.455	273.359	264.175	265.813
01:10:30	15.382	15.487	13.245	40.237	41.901	45.265	134.022	141.488	140.544	272.149	261.742	269.636
01:11:00	15.093	15.98	13.816	40.045	39.133	45.451	130.931	138.775	142.748	269.914	270.157	266.19
01:11:30	14.618	14.734	12.955	39.178	39.213	46.345	131.661	138.399	144.764	272.698	266.682	263.103
01:12:00	14.843	15.461	12.844	39.891	37.83	47.092	133.429	139.009	141.142	273.389	268.249	265.888
01:12:30	15.409	16.504	13.462	40.252	38.248	45.954	131.152	139.604	140.625	273.202	260.885	268.152
01:13:00	16.039	15.577	14.556	39.055	38.746	47.118	133.348	137.955	143.056	268.474	263.573	270.468
01:13:30	15.044	16.315	12.997	40.401	39.497	46.508	132.699	139.678	144.608	271.085	264.149	266.282
01:14:00	15.31	14.727	12.837	39.537	38.32	46.699	130.172	137.654	141.447	270.233	265.523	266.863
01:14:30	14.101	16.743	12.257	40.184	38.983	45.655	133.897	141.03	142.294	271.802	263.438	269.035
01:15:00	15.775	15.712	13.214	39.85	37.852	45.696	133.364	137.931	142.785	273.742	263.523	264.894
01:15:30	14.934	15.745	13.136	38.39	38.818	44.784	129.562	137.99	139.227	268.957	263.357	267.254
01:16:00	15.501	15.081	13.936	39.745	38.037	45	133.267	138.845	142.908	271.911	267.628	265.962
01:16:30	15.473	15.172	13.511	39.059	37.169	45.189	129.356	137.334	140.92	268.976	266.139	263.831
01:17:00	15.107	15.796	12.591	39.371	36.477	44.864	130.658	140.027	143.296	268.807	269.281	265.296
01:17:30	14.696	15.847	12.956	40.011	37.204	45.667	131.129	139.186	144.877	271.679	266.298	265.248
01:18:00	15.995	14.846	13.591	39.804	37.758	46.381	129.763	139.657	140.971	268.876	266.388	266.636
01:18:30	14.236	16.853	12.956	38.53	37.926	45.342	130.647	138.703	141.051	271.805	267.239	271.049
01:19:00	14.863	15.439	13.475	38.493	36.063	43.8	131.707	138.882	141.485	266.654	268.317	267.436
01:19:30	15.425	16.684	13.184	39.235	36.574	46.375	131.771	137.316	140.839	267.471	267.299	263.54
01:20:00	15.281	14.341	12.763	39.887	37.018	44.197	129.081	138.844	141.178	267.957	263.12	267.037
01:20:30	14.477	15.569	13.333	38.491	35.984	42.667	131.908	138.965	140.915	269.647	264.063	267.662
01:21:00	15.107	15.168	12.669	41.223	38.586	46.833	130.906	140.811	139.603	268.004	267.034	267.587
01:21:30	14.444	15.274	13.258	38.431	37.187	45.379	131.778	136	138.763	272.055	261.814	267.424
01:22:00	15.098	15.573	13.335	39.442	37.852	44.47	130.381	138.046	138.593	269.038	264.205	268.231
01:22:30	14.502	14.86	13.108	38.071	38.028	44.983	130.806	138.81	140.733	275.659	268.355	263.399
01:23:00	14.381	15.329	13.183	37.199	37.632	44.736	132.995	141.41	142.018	276.129	263.17	269.253
01:23:30	14.236	15.266	12.872	37.663	37.244	45.813	128.762	140.972	137.525	267.665	265.049	268.025
01:24:00	14.645	15.141	12.892	38.606	36.029	44.622	127.689	135.843	141.702	267.813	269.468	264.052
01:24:30	15.617	15.24	12.202	38.81	36.165	44.266	129.345	134.837	142.196	266.428	265.977	264.59
01:25:00	15.211	15.522	13.768	38.292	36.63	43.927	130.583	137.398	140.761	271.326	261.023	267.647
01:25:30	15.047	15.152	12.903	37.662	37.525	45.479	128.758	139.686	143.945	272.648	268.819	269.547
01:26:00	14.992	16.317	13.533	36.799	37.278	45.425	130.859	137.465	140.18	267.521	259.2	264.557
01:26:30	14.527	16.142	13.742	38.546	36.009	43.451	130.507	139.778	142.858	269.693	265.566	267.676
01:27:00	14.426	15.329	13.352	38.285	36.512	43.603	129.696	136.537	138.992	270.224	265.78	267.559
01:27:30	15.442	15.477	13.211	38.46	36.96	43.846	128.767	139.31	140.95	267.02	263.477	263.488
01:28:00	14.943	14.738	13.204	39.138	37.54	44.569	130.341	137.127	143.451	271.126	263.418	265.368
01:28:30	14.744	15.485	12.463	38.346	37.801	43.949	128.472	137.709	141.492	265.559	266.285	267.454
01:29:00	14.549	14.963	12.937	38.759	36.836	44.455	131.694	138.32	139.13	275.852	264.826	269.847
01:29:30	14.679	13.947	12.64	38.394	35.711	43.363	128.225	138.131	142.002	269.035	262.748	267.677
01:30:00	15.227	14.968	13.317	36.714	37.851	43.868	133.152	138.445	138.892	265.516	261.466	264.706
01:30:30	15.086	14.808	12.968	38.291	35.4	44.532	130.967	140.147	141.646	272.498	269.867	267.571
01:31:00	15.811	15.992	13.375	38.663	36.963	42.603	133.192	138.293	138.962	270.433	269.466	265.538
01:31:30	15.363	14.727	12.23	38.16	37.698	44.663	130.231	140.081	139.616	272.159	265.505	265.965
01:32:00	14.701	15.518	13.641	38.083	36.486	42.569	134.076	136.973	141.173	269.532	265.646	268.87
01:32:30	14.469	15.279	12.862	37.847	36.957	43.991	130.229	138.437	140.899	270.223	264.018	264.98
01:33:00	15.222	15.061	12.603	38.263	37.881	43.018	131.831	137.136	143.114	267.678	262.378	263.643
01:33:30	15.002	15.743	12.368	37.003	36.324	43.962	127.937	137.834	137.001	267.616	263.267	265.173
01:34:00	14.219	15.778	12.083	38.384	36.642	44.772	129.08	139.999	141.88	266.036	263.313	262.292
01:34:30	15.324	15.124	12.555	39.096	36.364	42.736	130.616	138.961	140.464	271.48	263.632	267.156
01:35:00	14.695	15.993	13.25	37.877	36.871	41.981	128.007	136.995	140.403	269.292	264.077	267.38
01:35:30	14.581	15.754	13.461	38.361	35.541	43.181	129.775	136.037	141.058	264.216	264.08	267.98
01:36:00	14.541	15.055	13.529	36.896	34.466	43.837	130.125	138.769	140.586	270.727	263.437	268.53
01:36:30	14.714	14.773	13.261	37.444	38.223	43.634	132.065	137.55	139.961	271.61	264.027	265.2
01:37:00	15.098	15.114	12.692	36.787	35.496	42.747	129.214	135.501	141.857	272.904	260.097	266.763
01:37:30	14.224	15.152	13.036	37.691	35.048	43.9	130.958	136.694	139.784	269.255	261.012	269.665
01:38:00	14.851	16.065	13.163	36.147	36.354	44.277	131.937	138.813	140.517	268.766	265.937	267.848
01:38:30	13.828	14.662	13.933	36.775	35.248	43.48	131.376	136.473	139.423	265.049	261.892	267.314
01:39:00	14.628	13.899	12.865	38.499	36.206	42.979	131.1	137.27	141.702	271.817	262.938	263.408
01:39:30	13.811	15.595	11.841	38.548	37.374	42.506	132.07	138.362	138.565	266.962	264.663	266.513
01:40:00	14.876	15.187	13.43	37.779	37.956	44.369	128.282	138.465	142.098	269.486	262.845	267.344
01:40:30	15.08	15.548	12.975	36.512	35.023	43.137	131.367	136.424	141.643	265.479	263.462	265.194
01:41:00	15.101	14.969	12.548	37.825	37.122	42.86	130.641	138.264	138.261	266.246	257.189	265.853
01:41:30	14.264	15.967	13.485	36.512	34.694	43.677	129.199	134.461	141.897	268.726	264.135	265.829
01:42:00	15.399	16.047	13.392	37.749	35.029	43.147	130.222	137.898	141.435	271.241	266.004	267.662
01:42:30	14.296	15.196	12.798	37.568	36.342	43.175	130.033	139.097	142.011	269.053	262.715	264.855
01:43:00	14.869	14.943	12.625	37.481	36.073	42.142	130.668	139.397	140.268	269.564	260.881	264.354
01:43:30	15.451	15.146	12.925	38.419	36.361	42.455	131.415	138.672	139.609	267.997	262.152	266.666
01:44:00	14.608	15.326	13.617	38.324	36.524	42.615	130.977	137.899	141.183	268.358	265.745	261.276
01:44:30	14.6	15.821	13.473	38.27	35.707	42.481	132.405	138.647	139.44	268.18	265.636	266.223
01:45:00	15.562	15.425	12.352	38.524	36.622	41.249	130.644	137.272	139.779	265.306	262.175	263.19
01:45:30	15.448	15.228	12.781	37.21	37.226	42.266	131.408	138.461	140.774	269.706	263.907	264.576
01:46:00	14.842	15.486	12.859	36.084	36.496	41.239	129.673	137.646	141.169	268.461	262.311	267.215
01:46:30	15.345	14.365	13.232	37.16	37.44	42.246	130.307	136.314	141.018	267.52	263.639	265.231
01:47:00	14.92	15.687	13.375	37.519	36.323	43.849	131.743	138.836	141.934	273.109	263.269	266.914
01:47:30	14.084	15.509	13.373	39.07	35.435	42.635	132.938	137.366	141.497	269.145	263.707	264.505
01:48:00	14.873	15.526	13.477	36.619	35.486	42.383	130.263	137.255	142.191	267.627	264.371	262.258
01:48:30	14.593	15.692	13.605	37.609	36.352	42.299	131.359	139.028	139.933	266.929	264.928	265.584
01:49:00	14.912	15.267	13.173	37.685	36.241	42.953	132.433	140.377	140.69	268.007	260.908	259.113
01:49:30	14.922	15.238	14.112	37.771	34.768	41.223	131.009	137.618	138.159	266.255	263.218	266.725
01:50:00	14.78	14.748	12.936	38.205	36.273	42.956	129.307	138.038	142.383	271.759	263.422	264.555
01:50:30	15.02	15.586	13.355	36.825	35.238	41.937	128.984	138.848	138.968	268.242	264.278	266.824
01:51:00	14.801	15.426	12.225	38.715	35.24	43.595	129.309	138.552	139.896	268.708	262.364	265.551
01:51:30	14.654	14.863	12.823	37.307	35.913	40.965	128.178	137.933	138.844	269.276	259.944	262.18
01:52:00	15.591	15.43	12.549	37.138	35.857	42.774	130.105	136.14	141.984	268.055	262.707	261.956
01:52:30	14.82	14.939	13.659	37.792	35.635	42.426	131.845	135.119	142.139	269.162	260.245	262.975
01:53:00	14.878	14.169	14.357	37.004	36.351	42.7	128.843	138.352	138.113	268.699	259.491	267.015
01:53:30	14.346	14.15	12.608	38.106	34.509	40.453	130.573	137.006	140.699	268.997	262.747	263.403
01:54:00	14.307	15.211	13.209	38.188	36.957	41.886	130.005	138.563	140.854	269.077	262.343	263.311
01:54:30	14.689	15.061	13.138	36.728	34.328	42.614	129.142	134.114	136.801	265.237	259.576	262.268
01:55:00	13.941	15.15	13.27	38.652	36.07	42.357	132.186	137.166	140.954	265.875	260.356	264.333
01:55:30	15.432	15.521	13.095	38.217	34.967	43.049	131.067	138.018	139.378	270.079	260.925	262.369
01:56:00	15.21	14.969	13.23	37.544	36.02	42.286	128.328	138.7	140.736	266.177	261.057	258.809
01:56:30	14.744	16.29	13.213	38.374	37.128	42.938	129.476	139.331	141.087	265.67	261.299	255.478
01:57:00	15.119	14.234	13.306	36.315	35.397	42.882	130.741	136.483	139.083	267.905	264.395	266.165
01:57:30	15.118	14.997	12.999	37.274	36.087	41.88	130.047	137.598	139.641	264.717	262.364	259.326
01:58:00	15.565	15.626	13.437	36.961	35.977	41.393	130.579	139.38	138.198	268.22	260.602	265.235
01:58:30	14.761	14.395	13.075	38.164	35.487	41.91	127.241	137.599	141.258	267.508	261.863	262.287
01:59:00	14.753	14.282	13.099	38.616	35.546	42.233	129.454	138.273	139.691	263.2	262.613	262.525
01:59:30	14.123	14.897	13.542	37.602	36.037	42.558	126.156	135.155	138.548	264.965	259.739	263.53
02:00:00	14.002	15.576	12.848	37.504	35.789	42.389	130.056	136.908	140.225	265.624	264.055	262.489