Time	25_1	25_2	25_3	50_1	50_2	50_3	100_1	100_2	100_3	150_1	150_2	150_3
00:00:00	76.07	70.749	71.224	130.253	134.082	146.137	232.712	241.627	230.534	330.489	328.431	327.241
00:00:30	73.838	70.065	75.33	117.249	121.537	115.306	222.171	230.175	221.274	327.142	318.136	324.132
00:01:00	67.542	61.727	68.154	105.604	109.052	106.436	211.134	221.327	216.321	309.976	305.231	311.261
00:01:30	62.587	56.072	59.24	99.346	101.549	103.702	206.279	213.141	207.492	302.681	296.543	302.628
00:02:00	57.82	52.685	56.328	100.196	100.206	101.964	199.415	207.597	200.288	291.389	286.902	292.142
00:02:30	52.658	50.989	50.66	96.467	95.648	96.862	193.077	204.429	194.662	284.533	280.642	286.193
00:03:00	52.076	48.655	49.074	92.901	91.54	92.824	189.086	198.257	192.403	280.279	276.67	283.291
00:03:30	48.097	46.027	48.132	88.803	89.284	91.746	185.55	197.894	189.613	282.91	277.67	278.04
00:04:00	45.925	45.062	46.339	86.613	88.197	89.542	185.954	187.494	182.21	273.465	273.632	277.193
00:04:30	43.815	44.14	44.299	85.973	86.059	86.078	178.237	184.376	178.689	272.729	267.764	270.317
00:05:00	42.289	40.982	42.703	81.641	83.045	85.89	179.316	175.326	177.129	265.38	271.155	271.688
00:05:30	39.889	39.988	42.952	78.541	82.53	82.616	172.756	175.094	174.883	264.887	263.651	266.32
00:06:00	38.983	37.884	41.105	76.847	81.295	82.279	172.67	172.018	167.67	262.595	261.621	266.955
00:06:30	37.213	35.536	38.275	77.032	78.898	80.15	171.979	169.737	165.644	261.973	261.958	265.743
00:07:00	36.019	36.228	39.225	74.316	76.736	77.393	171.54	165.508	159.208	262.724	263.044	263.333
00:07:30	33.544	35.15	36.825	74.775	73.1	75.953	164.152	165.328	159.654	260.751	261.08	267.339
00:08:00	32.278	33.682	35.762	71.879	70.069	73.41	160.903	160.955	157.385	255.802	258.189	258.715
00:08:30	33.068	33.338	35.134	71.997	72.299	73.638	159.958	156.687	154.212	259.339	259.23	260.583
00:09:00	30.711	31.115	33.473	71.461	72.254	72.711	152.863	150.895	147.823	259.724	253.873	255.878
00:09:30	31.059	29.92	32.716	68.802	72.38	70.806	151.514	149.574	147.862	252.43	251.256	255.131
00:10:00	29.327	29.036	31.719	65.043	69.556	68.014	151.011	149.326	146.358	252.457	250.101	254.529
00:10:30	28.413	29.273	31.376	65.398	66.244	68.583	147.358	148.204	144.128	254.829	253.352	257.757
00:11:00	28.134	29.336	29.997	64.6	64.817	67.727	145.818	142.997	146.332	254.14	251.266	256.936
00:11:30	26.996	29.359	29.565	61.332	65.368	67.132	139.828	141.686	140.221	251.511	247.946	253.647
00:12:00	27.426	26.542	28.758	62.619	65.171	63.594	137.999	138.878	139.589	249.709	248.221	249.319
00:12:30	25.762	26.591	28.023	60.933	64.494	64.271	139.031	139.016	141.072	248.519	246.73	250.347
00:13:00	24.246	26.173	27.741	59.635	62.067	62.83	132.982	136.989	138.743	247.941	248.807	249.087
00:13:30	26.197	25.94	26.345	59.087	61.474	62.637	134.82	135.954	139.283	248.454	245.857	251.446
00:14:00	24.683	25.445	25.212	58.876	59.695	61.931	133.174	134.753	137.127	244.579	248.358	254.082
00:14:30	22.954	23.894	24.974	56.471	59.141	60.426	133.342	133.294	133.502	245.607	246.381	245.786
00:15:00	23.807	24.767	24.343	57.433	58.381	60.674	134.971	134.662	135.54	246.005	246.983	247.169
00:15:30	22.292	22.433	22.49	55.815	57.29	57.835	129.673	131.872	134.055	245.834	247.102	248.506
00:16:00	22.129	24.099	24.218	55.838	54.128	57.535	129.865	132.424	133.765	244.233	240.362	246.747
00:16:30	23.181	23.423	22.322	53.683	53.355	55.889	128.313	131.336	132.758	243.679	242.387	244.656
00:17:00	21.653	22.435	21.731	54.551	56.33	56.588	128.733	128.73	131.906	242.239	245.021	247.888
00:17:30	21.759	23.699	22.785	52.95	53.465	55.954	129.02	130.176	132.16	243.734	243.578	244.608
00:18:00	21.341	21.863	21.724	51.658	53.076	55.192	125.506	128.577	131.456	240.858	241.641	243.881
00:18:30	20.111	22.82	20.166	51.621	52.267	55.785	126.188	129.204	131.202	242.706	237.497	242.555
00:19:00	19.618	21.607	21.354	50.974	52.902	54.523	126.759	126.994	127.529	240.613	243.278	245.232
00:19:30	20.28	21.541	19.393	50.974	50.464	51.319	123.362	123.883	130.587	240.771	240.159	244.718
00:20:00	20.387	20.378	20.553	50.888	50.567	50.068	123.873	125.376	130.07	240.981	242.306	244.677
00:20:30	19.586	20.248	19.722	48.643	50.403	52.584	122.77	125.034	129.537	236.612	239.577	243.268
00:21:00	18.413	20.7	19.198	49.549	49.373	50.712	123.418	125.375	126.052	242.264	240.874	245.228
00:21:30	20.204	19.198	18.512	47.841	49.728	50.386	118.755	123.72	128.232	240.847	236.871	242.225
00:22:00	19.618	20.928	19.256	48.087	48.967	50.814	120.565	122.596	127.96	237.336	238.501	238.265
00:22:30	19.223	20.357	19.049	47.049	50.158	48.806	121.376	124.175	128.941	239.278	234.858	237.467
00:23:00	19.196	19.612	17.905	46.545	48.872	48.82	120.769	121.61	127.112	237.905	238.065	237.678
00:23:30	18.874	19.413	17.174	47.385	46.649	48.499	120.999	122.678	126.382	239.633	235.295	241.53
00:24:00	17.673	19.179	18.533	45.889	46.634	48.541	118.189	122.216	124.919	236.623	233.592	238.569
00:24:30	17.694	19.657	17.947	45.931	46.968	47.927	118.228	120.055	126.332	239.119	234.55	242.842
00:25:00	17.827	18.648	16.989	45.657	47.626	45.472	120.839	121.233	126.073	241.312	237.371	243.341
00:25:30	17.433	18.548	16.806	44.978	47.022	47.529	117.515	122.984	127.647	239.344	239.114	237.018
00:26:00	16.776	19.435	16.119	43.603	46.781	46.24	119.028	120.067	125.214	236.814	234.559	238.305
00:26:30	17.476	16.953	16.751	43.214	44.968	45.729	119.805	119.519	128.52	236.933	235.38	240.103
00:27:00	17.24	18.663	16.62	44.609	44.309	46.148	118.246	119.082	124.953	237.362	236.258	240.037
00:27:30	16.986	18.064	16.19	43.144	45.887	44.556	115.124	119.124	123.453	233.072	231.054	238.724
00:28:00	16.762	18.849	16.812	42.167	45.901	45.674	114.32	119.212	125.422	235.65	236.145	237.023
00:28:30	16.68	17.811	15.968	43.206	45.036	44.102	115.663	120.325	123.799	236.268	234.719	236.553
00:29:00	16.03	17.312	16.335	41.538	44.639	43.266	116.283	120.767	123.406	236.187	233.051	236.537
00:29:30	16.436	18.3	15.985	42.179	42.073	44.03	113.653	119.22	123.496	234.18	231.702	234.453
00:30:00	16.283	17.494	15.143	42.265	43.147	43.485	114.264	119.865	124.581	236.172	233.634	235.04
00:30:30	15.936	17.02	15.518	43.052	43.675	42.937	115.62	119.989	123.445	232.031	235.361	235.064
00:31:00	16.013	16.41	15.729	41.443	44.747	42.47	116.339	118.181	122.855	234.925	230.064	236.197
00:31:30	17.357	17.033	15.389	40.423	42.026	42.705	114.845	115.298	122.891	232.499	233.407	234.978
00:32:00	16.057	17.492	15.17	40.796	41.893	42.056	115.968	115.932	122.197	234.651	236.952	235.475
00:32:30	15.679	16.56	15.715	41.528	42.597	43.79	114.77	121.669	121.614	234.465	233.396	232.975
00:33:00	15.725	16.745	15.123	41.047	43.339	42.297	115.298	116.869	122.609	232.711	229.977	230.081
00:33:30	15.372	15.651	13.743	41.438	42.179	43.725	113.151	117.519	124.491	233.392	232.881	238.325
00:34:00	15.283	15.747	15.289	40.042	42.709	39.77	112.79	117.724	122.143	231.08	230.312	235.674
00:34:30	15.128	16.338	13.981	40.585	40.138	42.281	113.814	117.972	120.847	233.911	232.752	234.729
00:35:00	15.499	15.722	15.1	40.652	41.664	41.477	113.56	115.969	118.687	232.968	234.156	233.074
00:35:30	15.816	15.785	13.918	41.471	41.874	41.286	112.218	118.421	119.986	234.799	232.766	234.41
00:36:00	15.522	15.428	14.697	38.846	41.577	40.238	112.29	117.721	123.303	230.179	228.597	233.254
00:36:30	15.444	15.714	14.534	38.147	41.976	41.123	111.229	116.826	120.48	228.479	228.547	230.261
00:37:00	15.189	15.735	13.814	38.437	40.392	40.695	111.061	116.833	121.132	232.76	229.262	233.497
00:37:30	14.659	16.092	14.612	38.79	40.708	41.12	114.472	116.457	122.507	233.619	233.642	234.313
00:38:00	14.041	15.292	14.101	39.02	40.197	41.234	112.92	116.646	120.532	230.687	227.742	234.734
00:38:30	14.94	15.336	14.658	38.433	41.646	40.251	111.919	116.069	121.137	232.9	228.398	228.829
00:39:00	14.687	15.788	14.195	39.119	41.873	41.258	111.872	114.277	119.039	232.687	228.963	235.277
00:39:30	15.012	15.811	14.513	39.005	41.516	40.866	111.662	115.217	119.615	231.796	227.909	233.043
00:40:00	14.316	14.738	14.428	38.867	39.437	40.275	112.123	117.339	120.962	229.827	228.054	234.325
00:40:30	14.627	14.929	15.075	38.096	40.884	39.46	108.95	115.255	119.028	229.827	228.127	238.519
00:41:00	14.382	15.438	13.985	38.949	39.288	41.728	112.214	114.291	119.492	231.36	233.411	234.103
00:41:30	14.384	14.747	14.144	38.366	39.074	41.053	108.77	116.628	118.908	233.119	227.738	230.756
00:42:00	14.538	14.823	13.856	38.634	39.901	39.579	110.337	113.724	121.018	226.656	228.831	233.078
00:42:30	14.356	15.057	13.738	37.822	37.968	38.635	110.056	115.333	121.415	231.456	229.729	228.823
00:43:00	14.354	15.071	13.79	37.315	39.495	39.36	111.609	114.583	120.647	231.755	228.485	231.359
00:43:30	14.628	15.114	14.249	37.772	38.737	38.929	110.659	117.187	120.723	226.971	229.503	231.406
00:44:00	14.522	14.844	14.131	37.776	39.529	38.353	109.178	113.758	121.811	233.128	232.381	228.618
00:44:30	13.041	13.668	13.85	38.146	39.354	37.936	108.523	115.642	118.37	228.131	228.361	229.863
00:45:00	14.27	15.462	13.467	37.275	39.76	38.211	110.173	114.365	117.512	228.439	227.784	227.405
00:45:30	13.923	14.567	13.846	37.875	39.288	38.308	109.176	113.655	118.777	228.216	227.316	229.987
00:46:00	13.041	15.273	13.504	36.612	38.85	38.654	110.283	114.722	117.775	228.231	227.874	232.096
00:46:30	14.62	15.076	13.194	38.158	39.418	37.573	110.119	112.796	122.095	227.994	229.088	230.591
00:47:00	13.732	14.983	13.551	36.368	38.169	38.06	109.645	113.197	120.184	228.001	227.748	230.041
00:47:30	14.695	14.101	13.876	36.985	39.413	38.34	109.151	113.844	118.97	231.498	227.445	233.58
00:48:00	14.966	14.84	13.3	36.766	39.807	37.631	110.827	113.925	119.708	233.171	226.896	231.276
00:48:30	13.874	14.215	13.581	37.137	37.144	39.764	111.001	114.099	120.945	227.317	229.356	229.131
00:49:00	14.938	14.083	13.911	35.866	37.466	37.636	110.266	114.466	117.781	225.917	226.567	227.805
00:49:30	13.814	15.131	13.313	35.952	37.05	37.77	108.341	112.272	117.71	227.662	226.832	225.968
00:50:00	13.068	14.327	13.516	37.015	38.509	38.267	109.584	112.179	117.158	226.953	226.342	229.077
00:50:30	13.756	14.441	13.224	36.367	36.718	37.469	110.059	112.778	117.915	229.578	225.829	228.677
00:51:00	14.054	14.7	13.035	36.184	35.814	39.335	107.73	113.981	114.743	227.824	223.431	227.603
00:51:30	13.606	14.803	14.17	35.073	36.245	38.563	106.701	112.439	118.229	227.201	227.075	230.38
00:52:00	12.849	14.197	12.544	36.118	34.912	37.597	108.498	113.922	118.013	230.803	229.968	229.662
00:52:30	14.279	14.25	12.775	35.695	36.925	37.142	109.332	112.703	116.306	224.219	225.684	227.75
00:53:00	13.523	14.324	13.446	35.504	36.717	36.775	106.793	112.093	116.264	227.339	223.149	230.603
00:53:30	13.668	14.128	13.707	35.481	34.769	37.498	108.906	111.874	118.191	229.418	224.925	228.296
00:54:00	13.481	13.214	12.723	35.958	36.092	37.9	106.525	113.705	117.105	225.016	226.832	232.308
00:54:30	14.257	13.3	13.697	36.005	34.517	37.02	107.163	112.146	117.153	228.084	224.822	228.995
00:55:00	13.878	14.132	13.762	36.896	34.874	36.204	109.191	110.582	115.387	226.929	223.938	228.944
00:55:30	13.924	14.595	13.219	35.665	33.841	36.857	109.762	112.915	116.595	230.435	227.098	223.633
00:56:00	14.498	13.979	12.937	35.458	36.445	36.418	106.537	112.063	116.772	227.53	221.613	225.179
00:56:30	12.972	14.407	12.713	34.064	34.173	37.035	108.16	112.094	118.451	227.431	223.129	228.63
00:57:00	14.081	13.762	13.165	35.707	35.147	36.979	108.953	109.463	118.513	225.28	224.787	227.54
00:57:30	13.424	14.09	13.892	34.944	34.003	37.426	107.79	115.383	117.174	229.525	220.71	226.957
00:58:00	13.235	13.845	13.219	34.959	35.719	34.602	108.193	111.066	115.161	224.558	220.745	229.495
00:58:30	13.694	13.34	13.243	34.752	34.312	36.257	108.334	112.949	116.068	222.379	222.331	225.229
00:59:00	13.403	14.55	12.613	35.033	33.852	36.473	108.878	110.337	118.438	228.456	225.254	224.557
00:59:30	14.074	14.009	13.171	33.846	34.783	35.862	107.898	111.81	118.945	224.346	220.759	225.794
01:00:00	12.875	14.493	12.567	34.902	33.543	37.28	108.078	111.941	115.001	224.468	223.045	228.743
01:00:30	12.234	14.179	14.011	35.174	34.723	36.324	109.609	112.245	117.164	224.669	227.927	227.955
01:01:00	14.032	13.692	13.332	33.877	35.353	37.29	106.629	113.377	115.735	225.59	225.074	224.276
01:01:30	13.719	15.037	13.619	34.219	33.221	35.998	106.93	115.468	116.003	228.3	224.746	224.219
01:02:00	14.26	14.388	13.897	33.756	34.604	36.677	107.482	112.71	117.026	224.119	223.699	226.21
01:02:30	13.349	14.749	13.185	33.433	32.88	35.778	109.051	111.575	115.584	227.407	223.57	231.082
01:03:00	13.608	13.321	12.914	34.04	34.236	36.167	105.983	111.753	118.956	233.196	222.881	225.867
01:03:30	13.817	14.047	12.587	34.343	34.057	36.37	106.654	111.604	114.767	225.33	221.809	227.24
01:04:00	12.511	13.768	13.271	34.454	33.834	35.75	107.128	113.096	113.394	223.706	223.757	225.504
01:04:30	12.825	13.259	12.795	34.384	33.312	36.127	105.959	110.701	116.763	222.722	223.441	224.521
01:05:00	12.931	13.439	13.405	34.073	33.431	37.179	105.003	106.935	116.915	223.849	222.268	223.079
01:05:30	12.932	13.653	12.517	35.716	33.616	35.897	105.616	109.948	115.651	223.364	225.208	224.635
01:06:00	12.553	13.661	13.043	34.798	34.074	35.872	109.323	110.797	116.432	227.869	222.137	227.42
01:06:30	13.167	13.807	12.796	34.225	33.535	36.493	110.145	112.192	117.643	227.013	224.077	225.128
01:07:00	13.384	13.822	12.657	33.135	33.783	36.767	107.094	110.035	117.981	222.277	224.142	225.958
01:07:30	13.552	14.755	13.337	32.615	33.681	35.087	107.014	109.477	117.484	226.332	220.915	228.074
01:08:00	13.123	13.723	13.52	33.37	32.757	36.1	106.448	110.491	115.186	226.443	220.822	225.631
01:08:30	14.63	14.705	13.425	35.018	34.098	35.08	106.874	110.778	115.151	220.81	223.229	226.124
01:09:00	13.082	13.288	12.865	33.613	32.749	34.396	104.863	109.957	116.77	224.685	219.237	224.664
01:09:30	13.162	13.809	12.558	34.213	32.927	35.21	104.492	110.383	116.566	222.499	220.956	225.171
01:10:00	13.956	13.238	13.087	34.983	31.748	36.078	108.066	111.165	117.123	223.297	221.732	225.772
01:10:30	13.654	12.969	13.369	33.009	33.376	35.326	108.078	111.897	113.971	222.285	226.67	225.957
01:11:00	12.661	14.679	13.983	34.186	32.336	34.312	106.541	110.266	115.795	226.003	223.204	221.583
01:11:30	13.109	12.644	13.816	34.718	33.399	35.259	108.231	111.228	114.859	222.825	223.413	226.389
01:12:00	12.857	13.719	13.147	34	33.443	35.921	107.67	109.857	115.333	226.304	223.279	223.611
01:12:30	12.443	13.983	12.619	33.487	34.35	36.076	106.86	111.836	116.051	223.295	221.411	221.739
01:13:00	13.103	13.356	12.974	33.283	31.244	36	106.367	111.204	114.469	223.352	220.894	225.131
01:13:30	12.937	12.565	13.32	33.105	32.967	36.633	105.309	111.68	115.726	222.501	220.464	222.2
01:14:00	13.292	13.79	12.518	34.307	32.619	35.169	105.678	111.253	115.551	223.493	219.07	222.763
01:14:30	13.237	13.821	13.769	32.629	33.152	35.826	106.049	109.68	115.17	221.499	221.794	223.935
01:15:00	13.348	13.292	12.956	33.653	31.81	36.191	108.092	110.684	114.481	223.347	220.703	224.089
01:15:30	13.665	13.759	13.646	34.153	33.076	36.494	105.557	109.674	115.401	226.314	222.011	220.547
01:16:00	13.527	13.05	13.75	33.925	33.06	35.573	107.542	110.049	112.752	221.983	221.888	222.682
01:16:30	13.109	13.092	13.748	33.646	32.232	36.394	104.258	111.934	116.038	223.962	220.501	221.743
01:17:00	13.1	13.134	13.198	33.739	31.89	34.228	107.708	110.228	115.914	224.262	222.284	225.109
01:17:30	13.775	13.507	13.845	33.985	33.037	35.834	107.612	111.284	114.753	219.378	220.233	221.791
01:18:00	13.609	13.668	13.159	32.697	31.93	34.227	103.658	110.167	115.798	222.652	222.654	222.753
01:18:30	13.167	13.602	13.053	33.954	31.68	34.805	105.863	110.045	116.619	221.375	219.388	224.08
01:19:00	12.624	13.432	14.289	33.191	32.481	35.112	105.875	111.062	115.575	226.19	221.214	223.565
01:19:30	12.788	13.052	13.528	33.878	32.917	34.953	106.971	107.201	115.432	222.401	217.639	225.091
01:20:00	13.47	13.819	12.523	33.356	32.453	35.44	106.666	109.737	114.308	223.832	220.083	221.897
01:20:30	12.805	13.508	14.155	33.175	31.897	34.82	105.719	110.154	113.896	221.334	222.733	221.806
01:21:00	13.32	13.121	13.237	31.931	32.514	34.263	105.945	110.774	112.543	221.609	219.763	218.135
01:21:30	13.123	13.779	12.763	32.226	33.286	35.077	104.065	108.759	111.944	222.465	222.448	218.629
01:22:00	12.94	13.05	13.49	32.745	32.158	34.48	106.103	110.124	113.052	220.007	216.11	225.758
01:22:30	13.082	12.85	12.886	31.74	31.983	35.094	105.811	109.074	115.635	219.918	219.451	225.314
01:23:00	13.197	13.268	13.024	34.011	31.775	35.811	105.29	109.899	117.779	226.39	220.598	223.322
01:23:30	13.784	13.946	12.803	32.867	32.384	34.765	105.311	110.062	115.166	224.117	221.928	220.895
01:24:00	12.828	15.003	12.943	32.533	31.138	35.186	105.673	110.777	113.654	224.048	220.533	221.052
01:24:30	13.204	14.133	12.695	33.499	32.031	34.186	107.312	109.153	114.014	225.499	220.109	225.96
01:25:00	13.773	13.624	12.267	32.466	31.981	34.838	107.141	106.532	114.049	225.175	219.432	220.584
01:25:30	13.085	14.738	12.254	32.063	32.532	34	105.881	108.342	113.727	224.022	220.436	227.901
01:26:00	13.821	13.469	13.497	34.277	30.944	35.143	106.547	109.497	116.279	220.351	219.179	223.167
01:26:30	13.152	13.933	13.112	32.529	32.288	35.943	105.259	109.058	114.418	225.333	217.409	222.203
01:27:00	12.376	13.62	13.701	33.1	32.52	34.921	106.52	108.481	111.66	224.293	220.157	222.972
01:27:30	13.31	14.248	12.398	32.855	31.914	34.999	104.438	109.401	112.401	222.816	221.605	220.544
01:28:00	13.998	13.422	14.23	32.289	31.835	34.051	105.914	110.068	114.371	221.719	221.634	223.516
01:28:30	13.894	14.511	12.813	32.454	31.733	33.802	104.984	107.557	113.241	220.866	218.957	220.482
01:29:00	12.904	14.795	12.965	33.798	32.619	33.738	103.89	108.102	116.926	219.806	216.866	216.005
01:29:30	12.942	12.52	13.064	32.836	30.954	33.674	106.882	109.777	114.819	221.658	217.977	220.913
01:30:00	12.932	12.991	12.938	32.816	32.017	33.438	108.206	110.047	115.996	220.828	221.326	224.775
01:30:30	13.067	13.939	13.005	34.111	31.918	34.117	103.764	108.555	110.971	223.811	218.575	219.645
01:31:00	13.801	13.379	12.984	32.323	32.245	33.828	105.091	108.03	115.409	224.999	219.222	219.678
01:31:30	13.599	13.422	13.566	32.798	30.892	34.072	104.202	110.443	114.476	223.406	215.428	219.709
01:32:00	13.478	13.243	13.616	33.137	32.014	33.576	104.864	108.691	114.654	221.43	219.86	214.723
01:32:30	13.921	13.929	13.443	32.815	31.844	35.382	105.517	110.139	112.621	222.147	220.02	223.537
01:33:00	14.128	13.899	13.064	32.609	31.441	33.369	105.59	110.971	112.531	221.29	220.531	222.964
01:33:30	12.702	13.714	12.705	33.386	32.119	34.987	105.749	108.348	112.033	221.579	214.875	219.976
01:34:00	13.077	13.392	13.177	32.619	31.448	35.104	104.054	112.592	114.795	221.976	214.988	224.771
01:34:30	12.837	12.477	13.417	33.516	32.211	34.458	105.282	109.449	113.094	221.934	220.318	223.405
01:35:00	12.405	13.369	12.749	32.469	31.182	34.492	106.648	109.631	115.731	219.445	218.56	219.471
01:35:30	12.948	13.692	13.434	32.946	30.197	35.594	106.954	110.361	113.977	222.702	223.222	219.64
01:36:00	13.02	13.258	13.273	31.275	31.123	34.346	103.985	110.161	111.001	220.024	221.502	224.235
01:36:30	12.541	13.877	14.006	34.06	30.255	35.404	107.828	112.24	114.889	223.625	218.353	219.994
01:37:00	12.789	13.275	12.796	32.498	31.51	33.581	105.34	107.766	111.693	218.656	217.092	221.457
01:37:30	13.117	13.691	12.933	33.563	31.649	34.212	104.746	111.469	113.64	221.43	220.119	221.852
01:38:00	12.75	13.678	13.121	32.328	32.072	34.469	105.592	108.867	113.2	223.343	217.009	218.123
01:38:30	12.543	13.922	13.636	32.769	31.867	34.598	106.135	108.661	112.81	221.345	214.903	219.855
01:39:00	14.054	13.736	14.279	31.929	32.227	34.203	105.872	109.5	114.592	224.767	217.431	220.557
01:39:30	12.738	13.759	13.407	33.086	31.089	32.329	106.367	110.775	114.778	223.514	219.185	219.367
01:40:00	13.445	13.216	13.444	32.337	31.956	33.298	103.476	108.36	113.576	219.83	214.32	221.298
01:40:30	13.632	13.426	13.619	32.429	31.745	33.44	106.488	107.363	113.373	223.026	217.008	220.865
01:41:00	13.192	13.382	13.786	32.56	31.133	34.678	104.214	109.069	116.318	219.32	217.467	221.445
01:41:30	12.881	13.599	13.815	32.899	32.035	35.537	106.357	111.548	113.686	217.916	217.571	221.02
01:42:00	14.091	14.172	12.766	33.081	31.06	34.143	103.974	107.58	112.689	222.347	216.379	222.924
01:42:30	13.154	14.024	13.804	32.586	32.251	33.76	105.717	109.471	111.392	221.447	216.586	222.394
01:43:00	12.567	13.759	13.686	33.339	31.49	32.894	106.802	108.026	113.851	220.106	214.855	218.752
01:43:30	12.7	14.441	13.646	33.214	32.347	33.955	106.089	111.624	113.584	224.998	221.535	223.271
01:44:00	14.317	13.771	13.466	33.632	31.866	33.803	105.8	106.912	114.426	217.055	218.63	221.295
01:44:30	13.407	14.281	13.518	31.865	32.327	33.613	104.968	109.606	113.135	222.329	215.62	219.158
01:45:00	12.67	14.686	12.768	32.94	31.643	34.066	105.704	108.285	112.76	220.576	221.456	217.154
01:45:30	12.966	13.95	12.929	32.849	30.642	33.811	104.92	109.028	116.25	220.243	215.984	221.497
01:46:00	12.855	13.599	13.113	31.704	29.968	34.678	104.001	110.5	111.576	218.502	217.615	216.116
01:46:30	12.896	13.674	12.704	31.988	31.148	33.639	105.665	108.76	111.737	219.716	217.217	218.734
01:47:00	13.578	13.263	13.184	32.23	32.283	34.387	105.193	106.795	113.987	222.892	215.726	219.097
01:47:30	13.535	13.227	13.94	33.23	31.175	32.912	104.916	108.873	113.855	218.306	212.858	218.311
01:48:00	13.072	13.758	13.805	32.056	30.775	33.759	104.99	106.913	111.424	216.854	212.976	219.699
01:48:30	13.652	13.442	13.293	33.329	31.359	33.247	105.324	110.77	116.327	222.914	216.613	218.91
01:49:00	13.592	14.061	13.581	33.759	31.153	33.571	105.658	108.897	114.461	220.18	216.707	220.222
01:49:30	13.425	13.552	12.997	33.261	31.073	33.831	105.212	111.183	115.296	218.214	216.238	220.597
01:50:00	12.363	13.437	12.795	32.246	32.211	33.364	104.24	108.022	113.198	219.712	215.745	216.64
01:50:30	12.392	14.074	12.64	33.264	31.177	34.072	102.597	106.729	114.508	216.717	216.858	217.841
01:51:00	13.42	12.844	13.947	33.362	31.051	33.624	105.953	107.964	113.788	215.692	217.058	216.7
01:51:30	12.6	13.666	12.414	31.228	30.303	32.821	106.253	110.234	113.778	220.92	215.769	214.142
01:52:00	13.309	12.924	13.403	32.311	30.14	32.608	103.244	108.946	113.835	222.148	216.35	218.269
01:52:30	13.525	13.265	13.635	34.275	32.027	35.009	104.69	109.32	111.85	218.523	217.899	218.397
01:53:00	13.062	13.568	13	32.9	31.841	32.6	104.539	108.547	112.888	220.501	214.876	215.068
01:53:30	13.464	13.343	14.044	33.518	30.805	32.827	106.475	109.419	116.781	219.579	218.095	219.496
01:54:00	13.722	13.473	13.078	32.849	31.21	33.377	106.307	109.313	113.711	221.047	215.288	222.055
01:54:30	13.199	13.464	12.923	32.387	31.731	33.905	104.706	110.065	111.834	217.54	215.916	216.865
01:55:00	13.375	13.605	13.398	32.99	30.433	33.708	104.48	109.52	114.74	221.723	215.501	218.288
01:55:30	13.427	13.169	13.862	33.629	30.779	31.802	101.918	108.086	114.227	217.883	212.841	217.884
01:56:00	13.874	13.783	13.673	33.386	30.283	33.351	104.517	110.426	114.084	215.605	216.823	220.487
01:56:30	13.208	13.704	13.308	32.534	31.238	32.012	102.595	106.37	113.61	218.569	217.24	216.213
01:57:00	13.713	14.483	13.733	32.195	32.828	33.627	102.434	109.278	111.623	216.5	214.798	217.424
01:57:30	13.72	13.687	13.242	31.37	31.351	33.224	104.094	109.385	113.831	220.675	213.934	214.779
01:58:00	13.48	13.41	14.197	34.06	32.673	33.502	105.246	107.324	115.211	219.29	215.569	220.689
01:58:30	13.212	13.738	12.628	32.894	31.612	33.189	103.308	109.916	112.597	216.222	215.291	215.723
01:59:00	13.792	13.201	12.668	32.752	31.24	33.139	103.966	108.464	112.509	220.138	215.06	216.172
01:59:30	12.694	14.274	13.301	32.338	30.853	33.825	103.497	108.19	115.505	216.996	214.923	218.187
02:00:00	14.062	12.887	13.362	32.28	31.711	31.737	105.139	111.516	112.59	217.502	214.461	219.925