Time	25_1	25_2	25_3	50_1	50_2	50_3	100_1	100_2	100_3	150_1	150_2	150_3
00:00:00	62.266	64.831	78.558	125.077	143.489	130.162	242.622	248.999	254.605	362.66	370.917	360.324
00:00:30	66.211	63.781	80.417	120.902	129.034	124.795	239.8	244.806	249.176	352.354	357.658	352.264
00:01:00	58.137	60.388	67.749	111.775	114.927	117.607	229.408	228.219	237.533	342.512	347.686	340.7
00:01:30	57.165	57.341	61.32	110.942	109.232	111.543	220.608	224.042	230.887	335.953	336.461	330.686
00:02:00	51.931	54.36	55.397	103.937	107.47	110.837	210.152	210.996	223.32	322.033	325.239	319.944
00:02:30	49.896	53.541	54.569	103.962	102.642	102.967	204.47	205.629	214.516	315.369	320.193	319.647
00:03:00	50.542	52.179	52.637	98.771	97.347	101.77	200.616	201.676	206.065	313.803	320.749	317.19
00:03:30	47.267	49.758	50.469	99.032	96.912	98.817	190.37	197.195	199.604	312.438	320.544	310.459
00:04:00	44.941	47.072	48.069	93.462	94.662	94.358	180.314	185.069	194.704	309.154	312.943	302.138
00:04:30	43.567	44.651	46.614	90.986	93.628	90.849	180.347	184.54	191.964	309.882	313.949	306.631
00:05:00	44.322	44.404	45.697	90.99	89.325	88.801	174.791	182.54	185.885	302.341	310.83	296.685
00:05:30	40.298	43.017	43.213	87.3	86.006	87.784	174.83	179.592	186.439	306.246	306.99	297.416
00:06:00	40.008	40.829	42.393	87.525	86.068	84.904	169.709	177.205	182.318	299.608	300.784	298.587
00:06:30	38.032	41.939	41.691	82.924	84.451	82.512	166.024	174.601	181.99	300.095	300.192	300.033
00:07:00	37.65	39.566	40.094	81.93	81.977	82.022	164.674	173.093	180.511	295.936	297.677	296.409
00:07:30	35.48	39.215	38.998	81.472	81.282	80.697	166.318	169.494	175.232	295.86	292.882	296.127
00:08:00	35.193	38.359	38.144	80.876	78.98	78.841	163.794	174.781	173.563	293.816	300.993	296.149
00:08:30	34.722	36.947	35.779	76.657	77.032	77.949	162.213	169.391	175.33	293.715	300.487	295.829
00:09:00	33.207	35.701	36.531	77.722	75.833	74.801	159.45	167.338	173.137	296.498	297.027	291.186
00:09:30	31.685	34.672	35.388	76.001	76.157	75.582	159.339	164.906	172.811	293.24	297.103	290.773
00:10:00	31.438	36.719	33.578	75.654	74.576	75.943	156.585	165.583	171.527	291.884	299.703	288.439
00:10:30	31.707	34.777	34.276	73.418	72.564	75.072	156.747	164.538	167.854	292.404	297.805	286.861
00:11:00	30.969	33.606	33.033	72.279	71.503	73.614	156.603	166.333	167.187	295.56	292.029	291.323
00:11:30	30.671	34.325	32.907	71.325	72.052	72.151	153.129	163.286	168.721	289.396	291.877	288.98
00:12:00	29.92	32.733	32.421	69.836	71.054	71.964	153.193	164.723	166.239	283.512	293.565	285.247
00:12:30	29.252	31.154	32.033	67.778	69.912	71.326	152.097	162.681	167.759	288.782	290.557	287.438
00:13:00	29.413	31.679	31.143	69.576	69.25	69.717	150.992	161.984	164.257	287.792	292.264	284.878
00:13:30	28.619	31.341	29.924	69.596	70.447	67.782	150.091	159.058	162.374	285.905	289.815	286.041
00:14:00	27.029	29.922	28.618	65.633	69.201	68.705	152.162	160.156	164.6	283.826	291.076	284.065
00:14:30	27.455	30.08	30.366	66.338	68.289	68.238	148.565	160.052	161.444	283.072	288.474	280.774
00:15:00	26.908	29.525	27.788	63.672	65.969	68.559	147.758	161.038	162.388	284.977	288.896	280.41
00:15:30	27.567	29.944	29.145	64.686	67.782	65.732	149.098	161.841	162.779	285.204	286.232	282.601
00:16:00	27.375	27.579	27.996	63.827	66.264	64.363	150.669	159.271	163.028	287.601	285.37	281.359
00:16:30	26.326	27.663	26.357	62.75	65.941	64.812	151.831	159.933	160.075	284.716	288.141	281.963
00:17:00	25.781	27.908	26.878	62.827	65.992	63.668	148.113	156.773	160.861	283.376	285.538	279.755
00:17:30	25.193	27.017	26.81	63.069	64.455	63.95	148.239	157.988	160.863	280.122	286.258	280.777
00:18:00	24.533	27.455	27.2	62.028	65.021	62.423	147.051	158.7	161.476	278.784	291.323	278.532
00:18:30	23.255	27.572	26.612	58.832	62.597	60.958	145.665	156.005	157.684	282.399	285.349	281.2
00:19:00	24.134	26.797	25.263	58.747	62.468	60.787	148.604	159.258	156.416	282.106	281.339	279.247
00:19:30	24.516	26.544	26.921	57.559	63.506	60.659	149.508	157.195	160.125	284.604	285.37	282.014
00:20:00	24.186	25.772	24.502	56.656	64.928	60.675	147.874	157.167	157.524	286.549	284.243	279.61
00:20:30	23.156	25.197	23.714	57.334	64.643	60.936	145.295	156.372	156.217	282.668	285.497	279.834
00:21:00	22.833	25.615	24.686	58.632	62.162	61.023	146.134	155.376	158.849	279.483	284.891	281.259
00:21:30	21.347	25.429	25.304	55.161	58.931	59.545	145.801	156.699	156.229	280.677	287.277	278.728
00:22:00	23.039	24.42	24.434	54.489	59.306	61.504	144.844	153.027	156.526	277.671	286.091	280.325
00:22:30	21.563	24.909	23.905	54.838	61.661	58.091	144.531	155.621	160.329	281.666	284.872	274.991
00:23:00	22.657	24.379	23.644	54.745	59.876	58.367	144.031	155.938	156.623	278.527	284.669	277.37
00:23:30	21.405	23.922	23.409	54.966	57.688	57.881	144.624	153.302	158.018	280.339	279.769	279.651
00:24:00	22.196	24.018	23.539	53.552	58.58	59.619	145.307	153.318	156.321	279.843	286.349	279.149
00:24:30	20.999	24.483	23.055	52.462	56.578	57.942	142.309	152.084	155.117	278.516	278.997	278.486
00:25:00	21.252	23.539	22.142	51.568	57.105	55.747	141.986	154.222	156.215	280.146	283.304	279.678
00:25:30	20.879	23.174	22.138	52.755	55.882	57.204	143.029	152.736	152.671	277.844	279.569	278.696
00:26:00	21.537	23.197	23.259	51.826	56.309	56.4	146.266	154.061	154.635	273.984	282.797	277.548
00:26:30	21.681	22.767	22.389	51.209	55.314	57.148	142.613	153.668	153.021	277.138	282.177	281.693
00:27:00	20.336	23.276	21.873	49.792	55.498	56.153	142.954	152.26	155.142	276.058	281.609	279.905
00:27:30	19.942	22.811	21.776	50.58	54.077	57.53	144.959	153.961	156.122	279.279	283.388	278.718
00:28:00	19.554	22.615	21.449	51.02	54.901	55.701	141.923	151.144	152.606	278.854	284.424	277.004
00:28:30	21.227	22.365	22.203	51.095	53.679	55.656	141.453	150.12	155.539	279.32	282.407	278.065
00:29:00	20.753	20.867	20.871	50.66	54.725	56.724	142.271	151.237	151.832	273.535	278.505	271.132
00:29:30	19.171	21.514	21.777	49.833	53.328	54.209	143.409	149.849	153.857	275.029	281.982	273.209
00:30:00	18.863	21.508	20.802	49.664	52.703	57.002	142.418	147.962	152.342	281.831	281.345	276.53
00:30:30	19.681	19.853	19.736	49.328	53.847	54.826	141.212	155.392	151.644	279.01	281.07	278.857
00:31:00	19.673	21.48	20.778	48.521	52.057	55.342	141.468	149.344	152.635	275.097	276.12	276.265
00:31:30	20.04	20.116	21.021	48.919	52.468	56.399	140.879	150.435	154.845	275.343	281.866	277.782
00:32:00	19.054	20.775	20.785	48.64	53.3	55.65	142.783	150.638	152.572	279.414	281.225	274.946
00:32:30	18.808	20.682	20.067	47.044	50.921	55.636	143.261	150.316	152.694	276.599	281.728	279.591
00:33:00	18.46	20.569	21.174	47.408	52.898	53.303	143.021	151.674	150.97	275.934	281.869	276.279
00:33:30	19.398	19.881	20.23	48.066	51.676	53.151	141.414	150.601	152.996	273.874	278.086	276.012
00:34:00	18.803	20.545	20.316	46.296	50.335	54.253	140.089	152.719	152.152	282.242	279.668	280.48
00:34:30	18.023	21.018	20.41	46.02	51.507	53.006	140.752	149.349	151.918	277.143	279.519	276.659
00:35:00	17.118	20.092	19.799	47.35	50.694	53.545	143.521	149.923	150.484	276.263	282.555	276.103
00:35:30	17.704	19.452	19.613	46.061	50.203	55.184	140.481	152.647	149.885	273.994	283.537	276.096
00:36:00	18.61	19.731	19.457	47.198	49.09	54.872	139.539	151.092	150.294	276.82	277.95	274.875
00:36:30	17.559	19.329	19.681	46.101	48.964	53.035	138.226	147.412	150.058	275.954	276.419	276.005
00:37:00	17.144	19.375	19.692	47.35	50.273	52.572	140.398	148.576	152.032	271.919	277.067	271.844
00:37:30	17.318	20.075	20.611	44.192	47.789	53.059	139.619	151.789	154.15	272.708	277.694	274.124
00:38:00	17.906	18.995	19.572	45.293	49.722	50.828	141.08	148.488	152.653	277.419	279.502	273.815
00:38:30	18.951	20.041	19.437	44.433	50.406	53.412	138.664	149.054	154.795	273.734	274.645	273.421
00:39:00	18.227	19.259	19.019	44.282	47.225	51.253	140.55	151.081	151.01	274.969	278.887	272.112
00:39:30	18.314	19.715	19.267	46.723	47.123	51.66	139.625	149.776	152.17	277.184	279.053	271.721
00:40:00	16.458	19.238	20.526	44.572	49	52.107	140.388	149.743	151.365	277.176	282.911	275.25
00:40:30	16.91	18.425	19.046	43.839	46.88	50.876	140.217	146.919	150.921	273.292	277.345	274.599
00:41:00	17.158	19.011	18.97	43.305	47.722	53.378	140.443	149.868	153.377	273.062	278.964	276.537
00:41:30	17.27	19.162	19.873	43.294	47.998	50.851	140.526	151.179	151.346	275.076	281.825	278.083
00:42:00	18.497	18.902	18.454	46.842	48.012	51.815	137.912	149.967	150.227	275.337	282.531	274.26
00:42:30	16.231	18.532	19.53	43.459	46.544	49.803	139.267	149.44	151.339	272.891	279.262	271.244
00:43:00	16.759	17.778	19.19	43.244	46.888	50.949	138.233	147.418	152.932	276.491	278.661	273.954
00:43:30	17.935	18.322	19.148	45.216	45.626	49.73	137.351	147.504	149.868	268.395	277.157	271.878
00:44:00	17.4	18.142	18.12	43.077	48.288	50.418	138.931	151.075	151.231	275.785	280.522	273.751
00:44:30	16.209	17.819	18.38	44.36	45.79	51.281	138.967	149.509	149.498	270.038	276.134	272.772
00:45:00	17.713	18.145	18.514	43.956	45.499	49.216	138.333	148.974	149.146	273.111	272.691	271.129
00:45:30	17.524	18.417	18.111	43.984	47.462	50.433	137.547	146.712	148.998	274.085	273.465	274.009
00:46:00	16.065	18.014	17.288	43.211	45.212	48.285	138	150.139	152.66	271.554	274.982	270.192
00:46:30	16.904	19.268	18.164	43.726	46.469	51.615	137.033	148.021	148.886	270.721	273.928	272.331
00:47:00	16.349	18.873	18.375	44.091	45.088	46.999	137.139	148.478	149.132	273.566	274.202	271.358
00:47:30	16.28	19.131	17.604	44.256	46.247	48.107	139.683	150.217	151.392	274.093	281.768	276.955
00:48:00	16.772	19.35	18.545	41.132	45.791	46.866	137.872	149.136	150.605	271.51	278.799	273.353
00:48:30	17.231	17.517	17.968	44.006	44.806	48.326	137.888	147.562	151.234	275.934	275.62	273.917
00:49:00	17.031	17.662	18.36	43.856	45.041	46.54	138.585	148.784	149.065	272.737	274.406	270.341
00:49:30	16.324	18.689	17.922	43.275	45.286	46.955	138.388	146.501	149.669	273.126	276.279	274.016
00:50:00	16.172	18.386	18.774	44.157	46.644	46.392	140.152	147.736	149.542	271.304	277.012	272.982
00:50:30	16.289	17.929	18.552	44.006	43.998	47.055	137.678	149.462	147.468	273.632	275.417	274.648
00:51:00	15.503	17.776	17.703	41.146	43.766	45.242	139.048	145.657	149.577	270.238	276.774	276.928
00:51:30	16.161	17.03	17.911	43.158	45.046	45.188	135.94	145.26	147.761	270.004	275.061	273.463
00:52:00	16.376	18.518	18.17	42.66	45.738	45.523	140.718	147.491	152.791	271.592	280.154	273.81
00:52:30	16.263	18.012	18.599	42.799	44.71	45.428	137.007	147.889	149.72	271.84	275.695	272.914
00:53:00	15.946	17.644	17.507	41.802	44.085	45.206	136.672	146.774	151.094	275.152	275.381	273.446
00:53:30	16.975	18.6	17.794	42.188	45.063	45.214	137.535	149.408	148.686	273.938	280.788	272.448
00:54:00	16.02	18.162	17.645	41.27	46.151	42.693	139.145	148.487	148.814	270.018	278.583	271.542
00:54:30	16.137	17.702	17.706	42.445	45.822	45.276	139.144	149.493	149.724	272.885	276.632	274.103
00:55:00	16.246	17.901	18.411	41.05	44.425	45.267	137.292	148.084	149.509	270.923	279.308	269.784
00:55:30	16.642	17.821	17.882	41.987	44.494	43.146	137.386	146.931	148.969	270.212	275.163	271.749
00:56:00	15.535	17.879	17.514	42.544	44.89	44.204	139.893	147.482	151.374	275.133	277.193	272.594
00:56:30	16.299	16.699	17.072	41.79	44.531	44.683	138.735	147.499	149.521	276.389	275.672	270.23
00:57:00	15.506	17.134	17.083	41.972	42.649	44.779	135.518	147.804	147.998	274.888	276.514	271.546
00:57:30	15.497	17.319	18.196	43.418	42.637	44.714	138.002	148.868	147.296	273.957	277.645	275.311
00:58:00	15.329	16.726	16.952	40.321	44.602	42.339	135.389	148.888	149.179	270.332	273.147	268.504
00:58:30	15.764	17.39	17.279	41.857	43.525	42.509	138.358	146.513	149.876	269.595	278.153	274.834
00:59:00	15.299	16.922	17.663	41.594	44.722	42.506	137.889	148.63	145.869	269.875	275.273	273.484
00:59:30	16.509	17.394	16.688	41.396	44.992	42.424	136.965	148.564	149.967	272.708	274.427	270.27
01:00:00	16.514	17.603	17.644	43.445	44.573	43.411	137.17	149.9	149.801	273.759	278.914	273.477
01:00:30	16.574	17.762	17.066	40.703	42.297	42.246	139.555	147.466	152.295	270.616	279.248	271.048
01:01:00	16.876	16.627	17.306	41.17	44.97	42.502	137.442	149.779	147.813	273.286	275.249	270.317
01:01:30	14.599	16.327	17.387	40.271	43.228	41.925	137.188	146.285	148.755	270.15	277.817	270.205
01:02:00	15.194	16.968	18.241	41.138	42.156	40.936	135.891	145.939	147.082	268.895	278.175	274.583
01:02:30	15.961	16.588	18.076	42.07	44.197	42.626	138.961	147.076	147.935	274.434	275.29	273.143
01:03:00	15.18	18.072	16.715	41.574	43.23	41.882	138.276	145.705	149.663	271.691	276.754	275.326
01:03:30	15.788	16.516	16.431	41.51	42.89	43.452	136.595	147.484	148.726	273.286	273.543	272.387
01:04:00	15.208	16.816	16.39	41.992	44.369	41.052	138.438	145.338	151.525	275.492	278.958	270.828
01:04:30	15.862	16.57	16.071	40.665	43.261	41.335	135.387	147.686	148.9	269.991	278.338	274.901
01:05:00	15.644	16.695	17.451	41.35	43.891	43.038	137.234	150.472	148.817	274.362	277.394	271.931
01:05:30	13.627	16.672	16.708	40.407	42.942	42.744	138.94	146.573	147.354	271.869	269.224	269.091
01:06:00	15.206	16.707	17.403	39.926	42.698	42.503	135.622	148.108	145.578	275.551	273.289	266.7
01:06:30	14.384	16.263	17.349	38.946	43.48	42.112	137.726	146.407	152.224	275.461	272.308	272.185
01:07:00	15.624	17.866	16.801	39.3	44.279	42.119	138.571	149.848	149.456	273.391	277.301	273.289
01:07:30	16.549	16.816	17.841	40.879	43.11	42.713	138.874	147.29	147.17	273.671	278.661	271.006
01:08:00	15.226	16.582	17.012	40.577	42.494	40.529	135.546	148.081	150.29	267.449	274.201	269.127
01:08:30	15.574	16.819	16.822	40.617	43.038	41.921	134.583	145.541	147.656	269.436	274.225	268.206
01:09:00	14.906	17.462	16.087	41.188	42.728	42.209	137.144	144.654	144.16	272.378	275.567	268.637
01:09:30	15.202	17.279	16.22	39.801	43.25	42.441	137.681	145.83	148.006	269.431	274.478	271.954
01:10:00	15.1	16.132	17.356	40.69	42.695	42.52	137.157	145.536	146.68	271.45	278.187	272.186
01:10:30	14.813	16.542	16.363	41.036	44.523	41.579	136.523	145.38	148.313	272.482	276.071	270.075
01:11:00	15.51	16.702	17.51	40.871	43.073	43.669	137.294	146.674	149.401	272.213	277.057	272.488
01:11:30	15.385	16.145	16.476	39.684	42.636	39.795	136.101	146.487	143.607	272.249	273.472	266.38
01:12:00	15.441	16.262	16.951	39.452	42.551	43.034	136.736	146.592	147.97	273.348	273.059	270.704
01:12:30	15.318	17.149	17.187	40.654	42.017	43.707	134.473	147.162	146.328	271.581	275.174	268.662
01:13:00	15.641	16.465	16.402	39.937	43.07	41.79	139.718	148.437	148.907	268.42	272.475	270.191
01:13:30	15.303	17.172	16.498	38.753	42.764	41.944	136.855	149.259	148.08	270.717	273.204	273.86
01:14:00	15.753	16.8	17.428	40.355	41.555	42.3	135.542	146.23	146.184	267.997	272.862	268.238
01:14:30	15.775	16.358	16.24	39.713	42.252	41.931	137.666	148.053	149.338	272.594	275.876	267.793
01:15:00	15.099	16.027	16.714	40.221	41.892	42.127	137.058	148.457	149.707	270.812	272.591	269.684
01:15:30	15.585	16.649	16.001	39.155	41.9	41.791	136.375	147.411	146.661	269.489	271.228	266.635
01:16:00	15.166	17.474	17.191	40.941	42.929	41.066	135.364	147.318	148.117	270.773	275.67	268.822
01:16:30	15.812	16.848	16.258	38.266	41.898	41.84	135.557	145.741	148.486	268.382	272.11	271.628
01:17:00	14.997	16.673	16.681	39.352	41.063	42.061	138.097	146.848	146.975	273.1	274.398	272.698
01:17:30	15.38	16.86	16.317	40.488	41.891	42.174	137.608	146.336	146.947	268.448	275.285	272.027
01:18:00	16.267	15.838	16.722	38.915	42.777	42.249	136.999	146.021	146.279	273.616	272.081	267.961
01:18:30	15.863	15.962	16.994	40.695	41.72	41.205	139.349	147.755	148.489	275.099	272.503	272.959
01:19:00	15.162	15.527	16.587	38.73	41.886	41.793	135.589	146.971	147.902	271.843	275.212	268.421
01:19:30	15.211	16.42	16.276	38.962	39.426	41.714	135.628	147.752	146.182	271.309	273.604	267.046
01:20:00	14.506	17.115	16.001	39.471	41.336	41.392	135.784	145.544	141.529	269.436	272.647	271.816
01:20:30	14.423	15.473	17.599	39.532	42.54	42.694	135.803	148.059	145.479	271.192	274.398	273.478
01:21:00	16.033	17.231	16.636	39.098	42.399	41.179	137.871	144.939	147.599	271.906	273.77	272.006
01:21:30	15.582	16.402	16.556	38.101	41.511	39.492	138.266	147.602	147.332	272.941	274.775	268.939
01:22:00	15.304	16.142	15.478	39.153	41.899	40.397	135.766	149.404	145.728	270.029	271.955	270.343
01:22:30	15.387	15.18	15.426	38.728	41.303	40.433	138.671	145.875	149.107	273.712	274.279	269.096
01:23:00	15.349	16.095	16.353	37.259	42.51	39.848	137.545	149.409	149.225	271.686	275.646	268.419
01:23:30	14.611	16.8	16.576	38.487	42.339	38.667	137.156	145.752	150.165	268.663	274.625	271.668
01:24:00	15.196	16.517	16.11	38.825	41.464	40.479	138.15	146.256	148.857	272.859	271.352	270.667
01:24:30	15.214	15.299	16.746	39.358	39.776	41.307	136.147	147.81	145.33	268.771	274.388	272.421
01:25:00	15.03	17.372	15.862	38.777	40.474	41.038	137.193	146.478	148.066	273.575	272.293	271.708
01:25:30	15.08	15.744	16.31	39.216	42.467	40.939	137.503	147.481	146.657	271.172	277.023	272.737
01:26:00	15.012	16.779	16.546	37.425	40.364	40.507	136.188	146.588	147.853	272.176	274.777	269.528
01:26:30	15.817	15.787	16.291	39.185	41.913	40.063	137.008	146.94	149.779	274.566	275.037	272.998
01:27:00	15.507	16.771	16.486	38.556	40.329	39.551	137.81	147.252	146.242	268.202	276.37	268.12
01:27:30	14.975	17.064	16.269	38.706	41.596	41.672	135.41	146.352	145.324	270.615	272.363	266.678
01:28:00	15.855	15.716	16.897	39.509	41.553	39.218	136.707	148.589	147.633	266.976	275.3	271.647
01:28:30	15.629	16.916	15.981	38.092	39.205	40.869	136.746	146.194	149.849	271.931	271.856	268.841
01:29:00	14.919	16.692	16.529	39.047	41.018	41.012	136.88	147.969	146.484	275.213	277.659	268.738
01:29:30	14.68	17.056	15.867	38.241	39.785	40.427	133.971	146.349	146.962	269.813	277.841	269.911
01:30:00	15.202	15.942	15.678	38.71	40.59	41.047	137.192	144.5	147.836	274.355	274.56	266.809
01:30:30	14.387	15.826	15.751	38.813	40.56	41.177	137.499	147.642	149.628	270.855	276.018	271.953
01:31:00	14.54	16.708	16.609	38.802	40.864	40.156	137.115	146.219	149.28	269.498	277.143	266.759
01:31:30	15.017	15.86	16.737	37.905	39.338	39.163	137.073	150.225	150.183	273.722	275.636	269.674
01:32:00	14.929	16.611	15.865	39.071	39.618	40.108	138.463	146.33	148.827	268.304	274.965	272.269
01:32:30	15.591	15.984	16.457	38.685	40.513	39.235	135.844	147.573	147.058	270.912	267.468	271.05
01:33:00	15.241	16.396	17.519	39.768	39.927	40.418	134.182	148.127	148.228	270.886	273.32	270.994
01:33:30	14.598	16.344	16.385	38.358	41.23	39.598	133.624	142.149	145.535	270.696	269.211	268.119
01:34:00	14.445	16.172	16.169	38.866	39.746	38.875	137.596	149.083	147.151	270.595	273.305	267.605
01:34:30	15.443	16.626	16.066	38.037	40.983	41.538	136.924	149.306	148.689	270.605	276.212	268.851
01:35:00	15.041	16.132	16.818	38.009	40.865	40.481	136.757	149.233	146.257	270.266	278.3	268.249
01:35:30	15.184	16.671	16.896	38.713	38.588	40.074	139.029	148.785	146.017	269.399	274.289	267.254
01:36:00	15.411	15.959	15.388	39.077	39.362	39.867	136.259	148.596	148.181	269.103	276.64	267.55
01:36:30	14.974	15.883	16.103	38.905	38.511	39.636	138.795	147.686	148.551	270.14	278.772	269.575
01:37:00	14.702	15.563	15.721	37.851	41.012	39.188	138.635	146.633	147.621	269.326	273.849	268.325
01:37:30	15.008	16.836	16.117	38.748	38.372	38.688	133.532	146.2	146.817	271.472	274.101	268.751
01:38:00	14.779	16.411	16.209	37.653	40.13	38.247	138.099	147.465	146.697	275.075	272.949	269.113
01:38:30	15.378	16.255	16.872	37.757	40.175	38.467	137.373	145.392	149.385	271.928	273.274	267.531
01:39:00	15.799	16.863	16.091	38.952	40.456	39.725	137.862	145.46	148.859	273.929	273.657	267.618
01:39:30	15.366	15.754	15.935	38.504	40.987	38.897	136.397	147.493	147.36	273.908	275.377	266.988
01:40:00	15.175	15.63	15.479	37.774	40.058	38.487	139.385	145.257	150.225	269.749	278.497	270.389
01:40:30	15.107	16.117	17.603	38.978	40.501	38.837	135.674	148.483	147.011	271.94	274.214	268.454
01:41:00	15.349	16.819	15.913	37.646	40.526	40.404	135.68	147.348	145.38	269.69	271.134	265.624
01:41:30	14.789	16.381	15.884	37.5	39.645	39.474	136.327	146.899	147.245	272.441	274.303	267.501
01:42:00	14.99	17.137	16.671	37.875	41.054	38.928	136.717	146.99	148.853	269.998	272.846	272.812
01:42:30	14.498	15.722	15.848	36.437	40.376	39.917	137.235	145.984	147.024	267.917	272.84	269.61
01:43:00	14.342	16.659	16.676	37.529	39.896	40.523	136.57	145.017	149.9	270.115	273.715	266.804
01:43:30	15.027	16.018	15.554	37.252	39.631	39.189	139.856	146.183	148.069	273.594	270.562	267.321
01:44:00	14.792	16.308	16.006	36.955	38.619	39.813	139.899	147.45	148.261	264.745	271.538	268.213
01:44:30	14.354	16.515	15.289	37.583	39.41	39.004	135.998	144.548	146.034	267.091	272.806	266.007
01:45:00	14.368	15.661	16.091	37.908	38.327	39.302	138.485	145.852	148.255	274.225	273.319	266.862
01:45:30	14.55	15.309	15.489	37.98	38.832	38.12	138.127	148.248	149.908	270.496	275.366	267.602
01:46:00	15.101	15.608	15.761	38.066	41.208	38.714	137.013	147.708	148.586	269.65	272.901	267.84
01:46:30	15.41	15.612	16.595	37.436	40.088	39.494	139.198	145.149	145.239	270.624	275.798	265.349
01:47:00	15.372	16.175	16.648	38.313	39.27	39.166	136.225	147.271	149.129	269.818	274.07	269.988
01:47:30	14.417	16.478	15.466	37.594	39.313	38.598	138.275	145.228	145.555	270.703	273.331	268.43
01:48:00	15.942	15.872	16.713	36.652	39.047	39.112	138.338	147.342	147.892	269.373	273.726	268.573
01:48:30	15.501	16.855	15.773	37.382	39.802	38.904	134.953	149.506	147.364	268.511	268.173	269.152
01:49:00	14.921	16.243	15.797	37.693	40.194	38.166	135.504	148.095	146.684	269.836	271.565	268.201
01:49:30	15.682	16.824	16.335	38.085	38.825	38.364	137.6	148.536	146.164	269.509	277.745	267.637
01:50:00	15.262	16.438	16.573	36.778	39.18	39.183	138.808	148.693	147.7	268.534	272.372	267.331
01:50:30	15.398	16.3	15.992	36.77	39.968	38.594	137.463	146.874	148.188	270.011	273.173	269.177
01:51:00	15.253	16.216	16.583	37.292	38.321	39.583	132.852	148.994	147.341	270.16	276.481	270.598
01:51:30	15.995	15.968	16.678	38.67	39.064	39.392	135.426	144.935	147.465	273.229	274.712	263.152
01:52:00	15.7	15.34	16.787	35.905	39.592	38.242	137.308	145.692	148.877	265.976	271.845	265.731
01:52:30	15.145	15.45	16.525	38.781	38.129	40.295	137.185	147.009	144.975	269.951	272.444	266.637
01:53:00	14.642	15.988	16.561	37.877	39.847	38.373	138.055	146.221	146.35	269.72	276.172	266.474
01:53:30	15.325	16.413	15.797	38.129	38.154	39.015	137.228	143.131	146.343	271.73	275.164	267.789
01:54:00	15.833	16.556	15.617	37.526	38.231	38.11	135.105	145.105	148.789	271.659	272.353	264.777
01:54:30	15.045	15.708	15.679	38.321	38.421	37.481	139.825	145.337	145.803	267.346	272.36	266.512
01:55:00	15.086	15.822	16.13	38.523	39.273	38.914	138.128	146.253	146.48	270.151	272.507	265.838
01:55:30	15.33	16.149	16.112	39.476	38.576	37.182	138.272	147.695	149.844	269.998	272.318	266.106
01:56:00	14.456	16.63	16.443	37.297	40.391	38.229	135.495	146.697	146.167	268.003	273.644	268.956
01:56:30	14.708	15.995	15.457	36.689	39.879	38.315	137.097	148.429	147.462	268.164	273.567	266.363
01:57:00	15.335	16.583	16.526	38.112	39.028	39.027	135.707	149.508	150.166	270.885	275.171	268.373
01:57:30	14.611	15.403	16.256	37.455	39.649	38.533	138.445	149.094	150.258	269.413	271.155	263.754
01:58:00	15.695	16.602	16.861	37.308	38.282	38.743	137.636	147.88	146.163	272.283	271.855	266.665
01:58:30	14.667	16.032	16.301	37.57	39.332	38.347	137.367	145.007	147.34	273.393	273.069	267.523
01:59:00	15.778	16.46	16.047	38.658	39.077	39.303	138.868	147.731	148.574	267.634	272.799	264.325
01:59:30	14.949	16.218	16.515	37.661	40.75	39.201	135.239	149.029	148.142	268.045	274.013	266.42
02:00:00	16.198	16.681	16.494	37.298	40.495	38.859	135.485	147.024	145.516	269.036	275.464	266.427