Time	25_1	25_2	25_3	50_1	50_2	50_3	100_1	100_2	100_3	150_1	150_2	150_3
00:00:00	58.07	70.953	65.284	125.626	135.201	137.524	231.491	237.135	248.475	353.011	347.584	349.351
00:00:30	55.883	62.712	58.959	118.177	118.222	117.041	222.359	231.415	232.243	336.783	334.499	335.521
00:01:00	54.664	58.041	55.28	112.36	113.573	111.719	216.466	221.21	223.401	323.59	319.538	325.646
00:01:30	51.024	53.811	50.74	109.585	108.814	109.519	208.119	214.29	215.143	309.948	304.654	306.907
00:02:00	48.076	51.997	50.254	106.147	105.68	107.416	201.357	205.731	209.307	298.779	291.906	299.417
00:02:30	47.449	50.472	47.795	106.03	101.526	102.018	198.756	198.615	200.888	293.157	290.415	289.937
00:03:00	47.43	49.474	47.409	100.508	101.07	99.003	187.764	193.573	191.766	284.713	282.065	282.989
00:03:30	45.191	45.873	44.254	96.732	96.05	95.397	179.144	185.876	185.288	289.051	278.281	280.481
00:04:00	43.479	44.233	42.365	92.47	91.574	94.388	175.9	178.547	183.127	280.896	274.104	278.066
00:04:30	42.315	43.397	42.209	92.86	91.639	91.488	173.488	175.186	175.865	281.313	271.713	275.425
00:05:00	40.351	43.582	38.544	89.138	88.413	88.177	165.641	175.053	173.801	273.384	267.393	273.07
00:05:30	39.525	41.49	38.8	86.151	86.92	86.436	163.734	170.082	173.209	273.799	268.785	270.649
00:06:00	38.674	38.876	38.384	83.378	86.807	85.055	159.701	167.56	166.888	271.446	265.968	266.973
00:06:30	36.618	38.516	38.068	84.153	83.013	81.82	156.748	163.01	163.907	267.43	262.231	266.887
00:07:00	36.53	36.002	37.203	82.318	81.53	81.287	153.743	162.295	160.769	268.73	262.211	264.518
00:07:30	35.01	35.936	35.428	79.135	78.973	81.649	152.801	158.945	159.275	264.375	260.253	261.488
00:08:00	35.267	36.902	34.278	80.682	79.102	78.388	151.312	155.891	158.076	266.173	259.905	259.872
00:08:30	34.306	35.081	32.472	77.08	74.933	77.07	151.202	156.284	154.564	261.822	256.461	257.8
00:09:00	34.793	34.431	34.342	77.661	77.549	75.652	150.225	154.515	156.081	258.914	258.351	260.722
00:09:30	33.267	33.033	31.572	75.531	74.577	73.86	147.693	151.302	153.833	263.325	256.333	258.165
00:10:00	31.488	32.861	30.293	75.984	74.323	73.92	147.188	152.95	155.009	258.436	254.911	253.547
00:10:30	31.446	31.632	31.5	71.87	72.914	73.066	144.366	147.918	150.108	258.501	255.235	256.75
00:11:00	30.073	31.755	29.68	72.613	71.712	73.697	142.611	150.97	150.609	259.599	253.563	256.728
00:11:30	29.968	30.216	29.528	69.929	71.327	72.754	142.49	148.065	151.593	260.145	251.279	254.915
00:12:00	28.996	28.405	28.839	69.655	67.827	67.245	142.822	146.174	150.429	256.872	251.298	253.167
00:12:30	28.832	29.789	28.727	67.1	68.726	67.745	138.587	144.55	147.172	260.341	250.699	254.224
00:13:00	27.596	27.832	28.075	68.569	68.222	65.771	140.118	146.238	147.207	256.948	250.548	257.069
00:13:30	27.181	27.05	26.701	69.736	66.905	65.961	138.267	143.234	146.728	253.103	243.013	256.151
00:14:00	27.038	26.871	27.176	66.403	66.437	65.459	137.986	142.764	145.36	256.28	249.161	251.178
00:14:30	26.556	28.024	26.928	65.683	64.022	64.674	136.919	142.012	147.001	253.784	249.212	251.171
00:15:00	26.829	26.169	25.544	64.092	63.31	64.724	137.353	143.391	146.569	252.972	248.527	252.178
00:15:30	26.108	26.062	25.321	63.408	61.839	63.931	135.834	142.625	142.037	250.383	248.449	251.952
00:16:00	26.109	25.237	24.61	63.717	62.908	62.769	137.659	140.584	141.366	253.674	246.486	249.179
00:16:30	25.141	25.31	23.422	61.51	60.383	63.876	137.872	142.133	145.07	251.697	246.235	248.712
00:17:00	24.187	25.117	23.498	62.218	60.849	59.848	135.292	138.468	141.723	252.261	245.478	246.59
00:17:30	23.734	23.889	23.877	59.692	59.881	60.601	133.898	141.387	142.92	247.281	244.729	245.04
00:18:00	22.529	24.938	23.524	60.517	58.809	57.691	135.359	137.587	141.664	250.479	244.478	245.939
00:18:30	23.156	24.835	21.525	60.075	58.57	58.213	132.846	139.952	139.914	248.991	247.064	248.533
00:19:00	23.857	22.926	22.42	58.805	57.541	59.009	133.601	139.031	141.635	246.091	241.58	248.018
00:19:30	22.154	22.517	23.001	58.72	58.058	58.509	130.735	135.104	140.45	251.92	241.697	249.755
00:20:00	22.668	22.808	23.437	56.97	57.636	57.817	133.735	139.115	140.403	249.516	244.777	248.432
00:20:30	22.069	22.419	20.613	57.725	57.566	56.226	133.666	135.115	140.157	249.765	244.342	247.973
00:21:00	20.761	22.952	20.889	56.911	54.841	54.754	129.917	137.915	137.697	245.447	240.551	244.213
00:21:30	20.732	21.652	21.25	57.412	57.528	56.224	130.465	132.67	137.304	249.868	241.296	245.119
00:22:00	20.253	20.879	20.101	55.682	54.756	55.859	131.932	134.636	136.711	248.236	242.243	241.192
00:22:30	20.17	20.994	21.217	55.289	55.005	56.435	129.079	134.254	138.312	245.634	243.958	244.575
00:23:00	20.366	20.252	20.75	56.251	54.817	55.467	130.618	134.502	138.274	246.842	241.664	243.393
00:23:30	18.793	20.631	20.677	53.735	52.911	53.716	126.648	131.069	137.607	248.007	239.782	244.239
00:24:00	19.705	20.262	19.72	52.299	54.477	52.692	129.156	134.055	138.433	244.874	241.431	244.929
00:24:30	19.177	20.322	19.8	52.745	53.222	53.057	127.134	134.241	135.937	247.474	240.089	240.833
00:25:00	19.11	18.92	18.555	53.127	52.277	53.586	128.452	130.921	134.915	245.14	242.362	241.263
00:25:30	19.512	19.031	19.205	52.778	52.136	54.272	131.131	131.004	136.047	246.142	240.402	241.524
00:26:00	19.118	19.68	18.833	52.274	52.099	54.106	129.746	134.587	138.433	245.46	243.335	242.741
00:26:30	19.171	19.685	18.203	51.741	52.012	54.934	128.639	131.577	136.532	245.743	241.886	245.574
00:27:00	18.85	17.979	17.526	52.456	50.522	51.073	129.197	130.791	135.747	244.306	238.269	241.823
00:27:30	19.649	20.179	17.225	51.108	51.796	51.404	128.112	133.769	133.767	243.581	240.141	244.012
00:28:00	18.074	19.522	18.506	50.961	50.194	48.925	125.066	133.541	133.251	246.275	240.17	242.824
00:28:30	18.122	18.579	17.123	50.129	50.58	51.169	126.678	131.338	136.112	243.995	240.064	243.725
00:29:00	18.289	18.707	17.867	50.157	49.991	49.2	126.295	132.316	134.138	245.997	236.013	240.304
00:29:30	18.026	18.957	17.574	50.294	49.201	50.001	127.252	132.367	133.03	248.263	238.296	245.518
00:30:00	18.011	17.418	17.691	49.847	51.776	49.408	126.485	131.644	134.235	240.162	239.563	239.655
00:30:30	17.76	18.432	17.443	48.76	49.515	48.557	122.751	131.198	135.706	246	235.525	240.427
00:31:00	18.498	17.178	16.992	48.44	49.268	48.453	128.941	130.473	131.518	240.769	240.832	239.503
00:31:30	17.043	17.384	16.627	48.585	48.472	48.33	126.184	129.769	133.407	244.387	235.853	241.261
00:32:00	16.993	17.58	17.281	49.111	49.402	46.738	125.176	129.058	132.939	246.12	236.072	241.688
00:32:30	16.745	18.262	16.929	47.643	47.318	48.396	124.651	131.365	132.268	241.828	239.653	238.045
00:33:00	16.913	17.379	16.857	48.543	47.708	47.698	125.306	130.532	132.947	241.455	238.34	238.668
00:33:30	17.014	15.813	16.677	47.79	47.49	48.043	127.099	128.674	133.279	244.039	237.1	239.102
00:34:00	16.159	17.202	16.216	48.047	47.996	47.003	126.556	130.365	130.143	244.85	239.096	239.298
00:34:30	15.564	17.294	17.178	46.075	46.206	48.782	122.981	131.117	133.526	243.185	235.843	241.357
00:35:00	17.266	15.664	15.931	46.709	46.216	46.835	122.95	128.497	132.696	238.369	233.586	238.643
00:35:30	16.326	17.165	15.709	45.879	46.246	46.181	125.075	128.956	132.742	244.913	235.5	239.332
00:36:00	16.515	16.797	15.201	44.984	46.629	46.726	120.94	129.202	132.877	239.858	236.73	236.985
00:36:30	16.346	16.177	15.952	46.484	46.714	46.307	123.308	127.906	132.846	239.912	238.475	237.356
00:37:00	15.527	17.578	15.609	46.258	46.963	46.104	126.423	130.23	131.1	242.378	239.102	240.038
00:37:30	15.159	16.762	16.583	43.923	45.458	45.681	123.913	129.261	131.131	244.697	233.059	235.147
00:38:00	16.564	16.722	16.415	46.433	45.376	44.374	122.772	128.102	131.066	236.729	237.429	240.283
00:38:30	15.176	14.486	15.121	45.006	44.225	45.05	123.34	128.125	129.66	239.01	233.705	237.719
00:39:00	15.412	15.85	14.872	45.392	43.199	45.748	121.804	124.66	130.706	238.43	232.721	235.63
00:39:30	15.678	16.039	14.789	44.318	43.936	44.795	122.303	128.781	132.058	240.11	236.471	237.402
00:40:00	14.914	16.008	15.48	43.128	42.213	43.118	121.939	126.56	131.086	240.147	234.872	238.403
00:40:30	15.172	15.139	14.258	46.432	44.316	43.655	121.429	128.799	128.342	238.683	236.331	236.819
00:41:00	15.428	16.08	15.129	44.195	43.046	45.492	121.979	128.713	131.946	243.97	237.1	242.784
00:41:30	15.521	16.027	14.531	43.617	42.882	43.146	119.351	129.806	131.37	238.298	239.478	239.481
00:42:00	13.734	15.085	14.35	42.956	42.098	43.249	121.073	126.503	130.012	239.58	234.347	236.2
00:42:30	14.523	15.628	14.56	45.193	42.915	44.347	126.545	128.705	130.599	241.874	237.808	238.437
00:43:00	15.389	15.045	14.423	44.13	41.753	43.637	120.656	125.419	132.127	240.642	233.783	235.24
00:43:30	14.968	15.155	15.001	43.352	41.887	43.072	122.121	126.692	127.97	239.02	232.662	235.917
00:44:00	14.977	15.137	14.444	43.063	42.233	42.821	119.549	130.401	130.066	238.779	232.015	234.862
00:44:30	15.523	14.344	14.517	42.743	39.823	42.748	120.945	126.849	130.049	237.191	232.395	237.025
00:45:00	14.987	14.545	14.435	41.04	40.923	43.806	119.72	127.821	130.4	240.567	232.785	235.921
00:45:30	14.854	14.718	15.083	42.832	40.964	43.433	118.814	127.157	130.893	240.047	231.052	237.567
00:46:00	13.897	14.759	14.649	43.315	39.212	41.916	119.286	126.755	128.119	241.016	233.171	236.506
00:46:30	14.214	14.774	14.308	42.461	39.801	42.955	121.947	125.685	129.866	240.289	229.125	233.695
00:47:00	14.361	15.001	14.543	42.087	40.095	42.817	121.707	128.024	129.202	236.595	234.076	236.595
00:47:30	14.718	15.017	13.793	41.647	38.994	41.887	121.644	124.915	130.857	238.761	234.625	233.867
00:48:00	14.189	14.6	13.789	41.753	40.317	41.344	120.751	129.415	130.142	240.651	232.052	234.699
00:48:30	14.228	15.369	14.396	43.25	38.618	42.928	118.919	126.067	127.115	240.953	230.092	235.66
00:49:00	14.323	15.069	13.708	40.528	39.342	42.234	120.987	124.75	130.803	235.583	231.241	234.384
00:49:30	14.161	14.259	14.789	41.058	40.216	42.437	121.488	124.954	128.87	236.027	232.924	236.999
00:50:00	14.197	15.046	13.692	40.866	39.906	42.044	122.263	123.336	128.656	235.287	232.059	234.167
00:50:30	14.107	14.665	13.999	40.702	39.187	41.043	120.587	124.148	128.566	237.598	230.988	234.021
00:51:00	14.495	14.33	13.234	41.075	38.479	40.69	120.226	126.078	129.119	240.577	234.388	234.458
00:51:30	13.817	13.592	14.766	41.034	37.466	42.179	120.661	122.582	129.492	237.816	228.421	232.193
00:52:00	14.662	14.059	14.741	40.5	38.358	42.44	121.31	126.813	127.2	236.845	231.632	233.066
00:52:30	15.15	14.142	14.572	40.534	37.448	41.955	120.615	127.315	131.023	237.975	234.566	232.295
00:53:00	14.428	14.69	13.61	39.217	37.829	41.347	119.354	124.006	128.75	240.561	233.514	234.254
00:53:30	13.856	13.975	12.936	39.323	37.246	39.927	121.601	124.556	128.115	239.025	231.399	231.29
00:54:00	13.747	14.787	13.563	40.447	36.754	39.866	119.677	124.423	128.626	236.138	233.795	234.127
00:54:30	13.429	14.72	13.649	39.207	35.969	39.931	119.903	124.094	129.812	237.274	231.61	238.606
00:55:00	14.272	13.78	13.535	39.791	37.177	40.525	120.83	125.745	126.758	236.467	234.173	236.047
00:55:30	14.123	14.414	13.335	39.511	36.871	41.185	120.192	123.117	129.503	238.294	232.067	235.391
00:56:00	13.842	13.356	13.828	38.9	35.919	41.541	119.831	126.191	130.791	236.509	230.736	230.093
00:56:30	14.253	14.705	12.993	39.215	36.078	40.719	121.222	127.077	127.132	237.826	232.811	233.943
00:57:00	14.614	13.995	13.858	38.296	37.806	38.633	119.107	122.238	129.087	238.588	230.697	235.692
00:57:30	13.998	14.224	13.661	39.396	35.733	40.285	117.087	124.847	128.853	237.683	229.518	236.008
00:58:00	13.592	14.435	13.277	37.673	35.014	39.814	119.382	123.183	125.586	236.819	233.672	231.12
00:58:30	13.557	13.484	14.175	37.947	36.645	39.315	120.155	123.55	127.691	238.202	228.768	236.084
00:59:00	14.742	13.148	13.604	36.856	35.665	40.647	117.351	124.562	127.842	234.982	229.698	233.753
00:59:30	13.946	13.692	14.68	37.125	34.971	38.701	120.678	124.751	128.934	238.252	231.947	235.077
01:00:00	14.341	13.625	12.989	35.783	34.423	38.616	119.415	125.069	128.176	236.417	230.335	235.343
01:00:30	13.998	14.465	13.415	36.641	34.676	39.756	119.497	125.81	127.571	233.84	235.802	232.159
01:01:00	14.476	13.938	13.348	35.522	34.838	39.077	118.407	121.968	125.369	234.518	230.829	231.358
01:01:30	13.076	14.084	13.002	36.131	35.385	39.883	119.539	122.893	124.629	236.945	232.237	231.272
01:02:00	13.374	13.554	13.957	37.279	33.84	39.471	121.522	121.35	126.815	236.321	230.021	234.065
01:02:30	13.685	13.494	13.49	36.226	34.337	39.399	117.647	127.219	127.01	237.317	227.945	233.067
01:03:00	12.89	13.858	13.721	35.846	33.739	39.021	120.271	127.552	127.597	237.251	230.513	229.498
01:03:30	14.15	13.515	13.604	35.645	35.583	38.863	116.827	122.827	124.165	236.463	226.408	233.367
01:04:00	12.401	13.849	14.115	36.421	35.216	40.488	119.153	123.198	127.678	234.918	229.841	232.44
01:04:30	13.889	13.014	13.385	36.75	32.333	39.24	117.027	122.424	127.212	236.046	228.852	234.207
01:05:00	13.657	14.352	14.691	35.892	33.943	37.318	119.732	123.116	125.478	233.683	228.908	236.5
01:05:30	14.08	14.18	12.984	34.165	34.467	37.054	118.81	125.496	126.343	235.196	231.955	231.243
01:06:00	14.478	14.019	13.306	35.213	33.456	39.568	121.204	122.238	124.685	234.46	231.711	231.935
01:06:30	12.928	12.938	13.725	34.279	35.294	38.745	119.518	124.761	125.236	233.997	229.363	233.558
01:07:00	13.592	13.257	13.663	33.834	34.922	38.26	120.161	123.447	125.703	235.265	231.484	232.813
01:07:30	13.252	14.218	13.937	35.113	33.349	38.8	119.33	124.939	126.967	236.883	228.807	234.274
01:08:00	12.807	13.167	13.48	34.442	35.014	38.787	120.508	122.379	125.885	233.701	230.732	234.183
01:08:30	13.185	13.683	13.17	33.381	33.744	37.901	122.199	125.293	129.119	234.915	224.801	231.549
01:09:00	13.73	13.322	12.776	33.788	32.569	37.432	116.188	123.423	126.17	232.659	229.37	232.747
01:09:30	13.291	13.182	13.15	34.141	33.34	39.21	118.179	123.79	124.964	234.234	233.664	228.635
01:10:00	12.728	13.426	14.159	33.128	33.029	37.22	118.545	122.795	125.67	239.031	226.334	234.413
01:10:30	13.298	13.182	13.237	33.545	33.34	36.83	117.41	124.04	125.418	239.46	231.96	232.209
01:11:00	13.474	12.813	13.716	34.084	32.02	37.598	116.728	120.725	124.153	235.368	232.613	234.146
01:11:30	13.182	13.052	12.881	34.433	33.135	37.007	114.864	121.716	123.632	233.826	226.974	228.55
01:12:00	13.034	12.719	12.915	35.179	33.095	38.2	117.334	121.163	130.271	233.09	230.357	233.36
01:12:30	13.286	13.343	12.773	32.629	34.109	37.663	118.015	123.27	122.802	232.959	230.175	230.756
01:13:00	12.651	13.463	12.532	32.874	31.519	36.728	118.548	122.447	126.087	232.254	225.348	229.78
01:13:30	13.21	13.068	12.967	33.058	33.612	36.066	118.164	122.892	124.722	233.453	229.049	227.776
01:14:00	14.065	13.855	13.312	33.783	33.624	37.984	117.028	123.067	125.506	236.096	232.526	232.13
01:14:30	12.63	12.9	12.862	33.744	32.432	37.231	118.197	121.369	125.591	236.329	229.836	230.48
01:15:00	13.515	14.107	13.219	34.36	33.361	37.8	118	123.649	127.788	235.351	230.971	231.605
01:15:30	13.184	13.747	13.172	35.15	33.656	38.264	119.317	122.571	126.084	233.722	230.164	230.726
01:16:00	13.084	12.856	12.778	31.41	32.202	35.345	115.665	123.713	121.168	231.243	225.693	227.722
01:16:30	13.81	13.455	13.441	32.777	32.057	36.035	117.89	122.041	124.837	237.051	228.233	230.088
01:17:00	13.032	14.15	12.954	33.574	32.229	37.068	116.908	121.172	125.247	231.407	230.586	231.949
01:17:30	12.894	13.732	12.951	32.58	32.163	36.124	117.042	123.044	124.097	233.117	225.974	229.848
01:18:00	13.452	13.922	13.044	33.126	32.121	34.781	116.773	122.623	124.587	234.958	230.004	230.531
01:18:30	13.143	14.161	12.21	32.069	33.641	36.188	117.795	124.588	125.213	233.933	231.396	234.055
01:19:00	13.711	13.5	13.268	32.575	34.142	36.584	119.523	125.152	124.881	233.94	228.309	231.872
01:19:30	12.873	14.397	13.374	31.359	33.393	36.837	117.422	122.099	123.731	235.568	231.939	229.876
01:20:00	12.81	13.528	12.839	33.008	34.143	35.058	118.075	124.291	123.798	231.976	226.502	231.137
01:20:30	13.391	14.015	12.385	33.448	32.73	35.812	117.984	122.365	125.938	236.436	228.416	232.778
01:21:00	12.19	13.98	13.094	32.348	32.126	37.053	116.555	123.746	123.015	235.346	225.231	231.468
01:21:30	12.959	12.803	12.989	31.805	32.259	36.531	116.438	123.173	125.97	233.148	228.093	233.12
01:22:00	13.338	13.56	12.375	32.47	31.32	34.991	117.165	122.194	124.31	234.418	229.57	229.274
01:22:30	13.186	13.658	11.848	32.426	32.864	34.453	114.964	120.08	122.553	233.302	226.682	225.996
01:23:00	12.276	13.419	12.348	32.298	32.794	36.864	116.617	121.672	123.166	233.472	226.468	232.24
01:23:30	12.878	12.84	13.025	33.133	32.957	36.709	117.523	121.462	124.608	232.657	224.858	231.568
01:24:00	13.032	13.949	12.334	31.325	32.547	35.232	118.33	123.145	123.858	232.946	228.291	232.464
01:24:30	13.416	13.143	13.429	31.549	33.142	34.893	115.934	119.326	125.833	233.312	231.117	229.219
01:25:00	12.372	14.46	12.737	31.819	33.648	34.972	118.51	122.092	123.921	231.869	227.065	232.206
01:25:30	13.093	12.716	14.112	31.214	33.331	35.73	118.58	122.01	125.692	231.529	226.615	229.242
01:26:00	13.473	13.572	12.76	33.08	31.698	34.865	117.379	123.203	124.85	231.607	228.923	231.381
01:26:30	12.49	12.604	13.343	32.395	31.853	35.311	117.476	125.394	128.018	231.745	228.894	231.775
01:27:00	13.689	12.998	13.068	30.286	32.649	34.88	116.036	122.598	126.004	233.823	227.108	229.151
01:27:30	13.006	12.956	13.205	30.336	31.013	35.126	115.712	120.923	121.25	232.692	228.868	229.705
01:28:00	13.759	13.869	13.463	32.977	31.286	35.258	116.966	121.808	127.026	236.363	227.171	230.179
01:28:30	13.282	14.263	13.246	31.83	31.718	34.947	116.733	122.703	124.678	233.194	223.555	228.588
01:29:00	12.604	13.314	13.38	33.048	31.883	35.276	116.787	120.354	125.908	230.174	230.353	232.757
01:29:30	13.159	13.403	12.679	30.918	33.096	33.517	118.074	119.755	125.474	231.351	229.463	232.956
01:30:00	13.816	13.216	13.307	32.085	33.15	33.934	116.478	120.915	127.942	233.53	229.798	231.584
01:30:30	13.726	13.781	13.206	31.527	33.1	36.024	115.22	120.08	125.568	233.193	226.553	232.301
01:31:00	13.505	13.258	12.244	31.639	32.477	35.318	115.982	119.653	126.373	235.633	225.494	228.748
01:31:30	12.08	12.99	13.109	31.031	32.023	34.093	118.231	121.325	123.882	233.411	228.09	231.063
01:32:00	13.304	13.924	13.262	30.759	32.595	36.38	114.505	124.871	125.178	234.948	229.482	230.41
01:32:30	12.76	13.349	12.85	30.563	32.958	35.16	115.932	120.341	127.504	229.846	222.806	228.027
01:33:00	13.463	13.026	12.79	30.617	32.748	34.794	117.084	121.259	122.425	234.942	226.315	227.234
01:33:30	12.886	13.148	13.098	31.644	32.264	34.507	117.319	120.004	122.631	230.418	227.464	228.746
01:34:00	12.888	12.836	13.025	31.437	33.408	34.913	116.267	121.917	125.724	235.03	226.003	230.325
01:34:30	13.015	13.45	13.554	30.764	31.623	35.626	116.049	120.471	125.676	235.703	227.552	229.237
01:35:00	12.627	13.486	13.153	30.604	31.662	34.7	115.708	118.838	124.602	235.077	228.39	228.76
01:35:30	14.178	13.815	12.048	30.803	32.074	35.193	116.428	119.999	124.042	233.863	229.258	226.581
01:36:00	12.905	13.874	13.215	32.635	32.556	34.545	118.577	120.571	121.942	229.714	225.044	228.41
01:36:30	13.219	13.491	12.336	31.546	32.208	35.161	114.449	122.576	123.417	233.74	228.379	227.414
01:37:00	13.157	13.406	13.038	32.796	31.493	33.382	119.335	121.187	126.277	234.022	230.393	230.509
01:37:30	13.106	12.709	12.857	31.502	31.603	35.447	113.219	121.215	121.876	230.113	226.157	226.638
01:38:00	13.272	13.766	12.558	32.22	32.362	34.632	115.731	120.813	122.721	229.971	227.908	227.353
01:38:30	13.477	13.411	12.341	31.837	31.548	34.88	116.176	120.108	122.926	234.642	228.926	224.567
01:39:00	13.356	13.096	12.504	31.005	31.17	34.581	113.89	120.888	122.159	227.992	224.206	225.883
01:39:30	13.333	13.299	13.002	31.937	31.788	35.514	113.82	121.174	121.409	236.709	231.317	227.514
01:40:00	12.792	13.318	12.949	31.813	31.235	35.304	116.354	120.823	122.212	228.138	228.437	229.036
01:40:30	13.186	13.572	12.052	33.208	31.238	37.274	118.552	120.029	122.739	229.759	228.046	230.23
01:41:00	13.946	12.738	12.732	31.028	30.338	35.635	114.876	121.586	120.464	230.557	224.346	231.578
01:41:30	12.807	12.985	13.588	31.851	31.604	35.879	117.029	122.17	124.368	230.933	225.557	226.098
01:42:00	13.574	14.141	12.815	32.248	30.804	34.534	115.3	120.314	123.803	230.505	228.813	229.571
01:42:30	13.333	12.692	12.433	31.331	31.271	35.679	116.862	119.517	123.355	231.121	224.045	229.822
01:43:00	14.275	12.534	13.177	31.82	31.985	34.857	116.034	119.823	123.458	233.85	224.424	224.869
01:43:30	13.444	13.389	13.8	32.097	31.12	35.918	115.213	119.844	123.389	233.023	225.997	230.354
01:44:00	14.206	12.916	12.231	31.172	32.088	34.997	114.241	121.592	123.044	230.044	231.733	230.093
01:44:30	13.047	12.8	12.689	31.674	31.114	34.387	116.355	121.297	122.096	233.016	225.761	230.28
01:45:00	13.77	14.254	12.204	31.363	30.59	34.815	114.191	120.269	121.139	228.603	222.482	228.514
01:45:30	12.998	12.621	12.904	31.633	30.323	34.28	114.441	119.263	125.338	231.82	225.558	226.041
01:46:00	13.609	13.903	12.763	31.952	31.319	35.688	113.739	123.445	124.066	233.985	219.969	227.799
01:46:30	13.468	13.5	13.014	31.225	32.155	33.351	115.925	122.011	124.113	231.119	223.172	230.902
01:47:00	13.209	12.687	12.922	30.829	31.229	34.552	117.332	121.367	127.055	233.924	228.791	228.796
01:47:30	13.173	13.733	12.613	31.429	31.433	33.738	118.645	119.885	125.483	229.612	224.818	228.138
01:48:00	12.994	13.099	13.489	32.434	30.894	35.013	115.481	120.991	122.798	235.482	227.07	227.497
01:48:30	12.944	13.491	12.801	31.903	32.026	34.435	116.697	120.732	122.299	233.921	227.324	229.303
01:49:00	12.552	12.765	12.194	31.861	31.351	33.675	113.078	120.438	127.004	231.977	225.998	228.308
01:49:30	13.6	13.127	12.234	30.778	31.889	34.195	114.891	121.106	124.035	230.641	227.51	229.242
01:50:00	12.831	13.011	12.632	31.132	29.691	32.587	114.645	121.077	121.689	234.016	227.79	225.308
01:50:30	13.211	13.463	13.351	31.791	31.447	35.026	115.387	122.096	124.825	230.244	224.75	227.951
01:51:00	13.071	13.624	13.099	31.36	29.463	34.071	113.842	117.125	123.985	233.212	226.252	226.462
01:51:30	12.673	13.357	12.48	30.37	31.692	35.963	113.284	120.743	123.044	229.086	225.174	228.823
01:52:00	13.247	13.816	13.365	30.814	32.307	35.538	116.628	120.699	124.298	232.687	225.454	225.344
01:52:30	12.949	12.425	13.262	30.715	31.935	35.778	115.797	119.254	124.522	228.326	225.015	227.976
01:53:00	13.097	13.87	12.467	32.344	31.85	35.183	117.659	121.588	123.342	230.498	224.19	227.896
01:53:30	14.259	12.504	13.029	31.024	31.051	35.464	116.309	122.942	123.57	229.823	229.668	232.99
01:54:00	13.759	12.765	12.773	31.296	32.269	34.744	115.987	121.245	124.518	234.089	224.921	227.495
01:54:30	12.983	13.894	12.047	32.203	31.49	33.016	116.213	121.127	123.111	234.635	226.358	227.13
01:55:00	13.365	13.414	12.647	32.508	30.915	34.083	114.999	121.491	122.883	233.772	225.437	228.151
01:55:30	12.721	13.592	12.968	31.506	31.413	34.248	116.986	122.565	123.976	230.669	224.727	229.198
01:56:00	13.226	12.948	13.376	32.344	31.463	33.695	115.038	120.234	122.935	228.098	222.265	226.497
01:56:30	12.964	14.046	12.856	31.214	31.472	34.611	116.328	120.364	121.922	231.062	227.022	229.311
01:57:00	13.169	13.059	12.104	32.014	31.154	34.955	112.797	121.604	123.052	230.799	225.011	227.99
01:57:30	13.636	13.224	11.919	31.07	31.56	35.258	115.899	117.85	125.066	230.217	222.65	229.915
01:58:00	12.828	13.595	13.776	31.919	30.424	33.722	113.074	116.815	124.419	232.246	226.464	226.061
01:58:30	12.705	14.301	12.96	30.813	30.347	34.794	113.955	120.313	120.231	231.255	224.821	228.844
01:59:00	13.261	13.257	12.788	31.652	31.068	34.323	113.339	122.036	119.459	233.094	225.202	226.506
01:59:30	12.94	13.838	12.767	31.149	32.317	34.541	113.123	120.932	124.249	231.446	226.194	222.567
02:00:00	13.694	13.543	12.782	31.677	31.15	34.691	114.133	120.614	125.236	233.816	226.639	225.779