Time	25_1	25_2	25_3	50_1	50_2	50_3	100_1	100_2	100_3	150_1	150_2	150_3
00:00:00	68.59	65.358	68.043	120.679	118.374	122.995	240.88	250.358	250.218	334.446	368.061	342.259
00:00:30	66.192	62.583	65.157	118.352	112.213	118.68	234.489	236.327	239.235	323.118	353.195	334.421
00:01:00	62.284	61.192	59.812	118.129	106.99	109.806	227.618	232.698	230.401	310.655	343.442	324.656
00:01:30	59.428	57.478	56.956	110.094	102.185	106.357	214.742	223.634	222.472	296.507	330.67	312.947
00:02:00	56.477	56.863	53.797	105.389	100.122	100.325	210.716	214.805	212.3	296.014	321.029	302.395
00:02:30	53.555	52.279	49.999	103.33	95.627	96.94	203.658	211.01	207.686	290.607	316.764	297.45
00:03:00	53.042	51.918	49.202	98.961	94.518	94.368	201.611	202.39	200.082	283.02	313.178	291.835
00:03:30	50.131	51.564	46.541	92.964	91.177	92.359	195.446	196.104	193.932	279.042	306.442	291.92
00:04:00	46.464	47.698	45.436	91.535	90.4	91.526	189.157	188.105	185.531	278.063	303.31	287.702
00:04:30	46.21	45.459	44.725	91.537	87.15	88.233	186.199	181.938	184.944	273.918	299.584	287.438
00:05:00	44.425	44.024	42.748	87.877	84.665	86.656	179.843	179.698	178.691	269.51	301.911	280.819
00:05:30	42.956	43.086	40.656	87.051	83.632	83.003	174.121	179.903	176.839	269.854	298.941	279.011
00:06:00	40.099	40.7	41.002	83.082	84.95	82.369	172.302	174.586	171.166	263.241	298.965	279.385
00:06:30	39.13	40.219	39.187	82.525	81.369	79.49	169.255	170.078	167.945	263.67	295.545	276.588
00:07:00	38.975	39.378	38.238	80.665	78.814	81.153	164.621	167.16	163.856	267.806	295.029	273.765
00:07:30	37.14	37.806	36.285	76.946	77.486	76.402	161.73	163.12	157.637	262.749	292.122	270.413
00:08:00	35.196	36.435	35.955	75.66	76.961	74.941	159.104	161.736	155.064	260.166	288.246	273.481
00:08:30	35.833	36.924	34.593	75.991	73.23	73.765	158.333	162.885	158.448	260.889	290.89	274.433
00:09:00	33.511	35.805	33.703	77.454	73.488	74.729	156.551	159.822	155.365	260.371	288.946	269.145
00:09:30	33.362	34.706	32.662	72.856	72.765	71.342	154.636	160.269	152.581	262.504	289.072	268.431
00:10:00	31.705	32.291	31.925	73.425	71.78	71.236	149.238	156.742	153.885	261.248	285.73	268.277
00:10:30	31.183	32.228	31.754	70.445	69.717	72.567	152.394	157.741	146.563	260.684	283.632	268.223
00:11:00	31.605	32.083	31.408	68.561	68.703	71.024	150.834	156.743	146.915	257.991	287.447	267.26
00:11:30	31.141	29.901	29.953	69.095	68.343	70.087	151.904	154.255	147.503	258.045	284.289	269.036
00:12:00	28.716	29.77	30.621	67.302	65.927	67.633	147.703	155.226	147.222	253.447	282.013	269.172
00:12:30	26.813	30.659	30.877	66.104	64.029	65.498	144.51	152.521	146.16	254.633	282.166	263.659
00:13:00	28.32	28.958	30.513	66.109	64.025	66.273	145.404	153.257	144.999	253.534	281.113	262.96
00:13:30	26.568	27.796	28.76	64.232	63.472	65.018	143.503	150.364	142.406	253.622	278.425	259.66
00:14:00	26.883	27.876	27.234	64.864	63.55	64.243	147.155	152.766	144.137	249.057	283.083	263.515
00:14:30	27.044	28.493	26.893	64.121	61.253	62.142	143.889	148.462	141.67	250.489	278.513	261.63
00:15:00	26.23	28.317	27.974	62.559	60.621	61.662	141.691	152.421	142.005	252.676	281.164	258.64
00:15:30	25.318	27.044	27.242	63.592	60.835	60.782	141.216	149.951	141.567	250.215	278.998	259.255
00:16:00	25.236	26.624	25.632	63.071	57.026	60.345	141.988	147.322	141.491	251.853	279.669	256.454
00:16:30	24.784	25.088	27.347	62.902	58.265	58.972	139.928	151.392	138.158	248.95	274.269	255.992
00:17:00	23.669	26.044	25.948	60.714	57.993	58.453	137.728	144.629	137.232	248.646	275.613	259.013
00:17:30	23.916	24.979	25.415	60.153	56.276	59	138.974	146.135	137.48	252.023	274.997	254.507
00:18:00	23.431	25.341	25.75	59.616	55.378	59.228	139.259	148.253	135.948	247.121	277.609	256.539
00:18:30	23.907	25.968	24.161	57.723	54.61	57.494	141.099	145.277	139.214	248.227	276.647	257.088
00:19:00	21.934	25.581	24.194	58.851	55.966	58.804	139.82	146.645	135.899	251.243	275.044	258.4
00:19:30	22.358	24.096	23.754	58.407	54.38	56.352	138.781	145.094	138.95	246.707	277.816	256.311
00:20:00	23.395	24.36	24.183	56.969	53.181	55.938	138.534	146.877	134.011	249.835	277.448	255.374
00:20:30	21.829	22.82	23.975	57.451	54.406	55.585	136.833	146.194	134.418	245.146	275.035	253.074
00:21:00	21.87	22.51	22.656	54.679	52.24	54.648	136.854	142.113	137.478	247.299	273.033	251.838
00:21:30	21.932	23.382	22.604	56.923	53.116	52.789	136.095	144.434	133.446	245.887	270.1	251.524
00:22:00	21.284	23.231	22.758	57.053	52.309	53.623	136.096	143.665	133.574	244.994	272.231	251
00:22:30	21.528	22.863	21.044	54.198	53.287	55.36	135.855	144.361	136.388	247.518	273.209	249.798
00:23:00	20.688	23.925	21.556	55.745	52.516	54.11	131.738	141.56	134.034	249.763	275.163	254.35
00:23:30	20.059	20.871	21.626	54.904	51.917	52.158	134.784	143.031	134.355	247.426	272.064	249.92
00:24:00	20.872	23.124	21.578	52.925	50.267	50.862	132.584	143.602	132.538	246.923	268.607	251.228
00:24:30	19.918	21.469	21.194	54.588	50.622	51.992	132.19	140.376	133.065	247.01	272.843	243.93
00:25:00	19.972	22.137	22.558	53.154	50.361	51.805	132.332	141.45	133.522	243.453	272.485	250.177
00:25:30	19.589	20.345	21.108	54.164	49.001	52.051	132.399	143.976	131.907	242.674	270.24	249.169
00:26:00	19.532	22.582	20.606	53.554	48.759	51.871	132.392	143.633	133.105	247.813	273.565	251.525
00:26:30	18.689	20.394	19.993	51.496	48.46	50.178	132.923	140.715	133.427	244.39	271.381	251.759
00:27:00	18.923	20.941	20.588	52.304	50.806	50.104	132.575	139.277	130.103	242.323	270.112	244.936
00:27:30	19.48	20.049	20.846	53.105	49.248	49.122	131.714	142.157	130.937	246.144	269.496	251.756
00:28:00	18.856	21.37	20.018	51.887	48.453	51.976	133.711	143.781	131.148	243.094	270.028	248.61
00:28:30	18.54	20.07	19.756	50.845	49.818	50.163	131.192	140.435	134.861	243.928	270.235	251.476
00:29:00	17.645	20.418	19.548	50.993	49.37	49.384	129.661	138.002	131.931	244.275	271.122	250.418
00:29:30	18.377	19.162	20.36	51.285	48.128	48.034	130.3	141.766	129.492	243.503	270.608	247.603
00:30:00	18.551	19.959	19.531	50.762	47.717	48.107	129.617	139.94	133.526	242.029	271.724	247.044
00:30:30	17.931	19.322	19.161	47.715	47.345	48.09	129.488	141.317	127.904	241.965	271.828	247.97
00:31:00	18.684	19.436	18.65	48.423	46.755	49.273	132.64	139.967	130.712	243.632	271.604	250.814
00:31:30	18.187	19.862	20.265	49.43	46.735	46.529	131.86	140.382	129.604	240.252	267.11	246.254
00:32:00	17.457	17.907	18.962	48.805	46.036	48.899	130.876	139.987	132.715	243.441	268.824	250.553
00:32:30	17.396	17.917	18.544	49.612	44.581	47.87	128.881	137.067	127.818	242.391	270.641	246.494
00:33:00	18.132	19.122	19.17	48.53	47.069	48.204	129.006	136.6	128.475	238.601	265.382	247.64
00:33:30	17.724	19.428	18.032	47.831	45.656	48.106	132.035	138.489	128.219	238.2	265.552	248.211
00:34:00	18.137	19.337	18.283	47.982	45.014	47.34	129.438	137.835	129.629	241.916	268.994	249.855
00:34:30	17.56	18.88	18.706	47.289	44.368	45.954	130.537	137.102	127.454	239.331	269.546	244.599
00:35:00	18.054	17.29	17.836	46.787	44.631	44.672	129.026	136.829	128.486	241.047	267.46	245.988
00:35:30	16.865	19.039	18.525	46.48	45.775	46.225	131.23	137.899	127.915	243.61	271.602	248.928
00:36:00	17.807	18.346	17.641	46.69	45.76	48.029	130.635	136.612	128.367	239.912	268.718	246.94
00:36:30	16.569	16.745	18.053	45.049	44.478	45.316	128.289	134.894	127.623	240.97	268.4	248.013
00:37:00	17.342	19.064	17.906	46.507	44.26	46.677	127.133	135.05	127.855	241.74	266.223	250.125
00:37:30	16.263	17.423	17.572	45.121	44.188	46.245	127.989	138.599	124.834	237.6	267.357	246.191
00:38:00	16.567	17.821	17.579	45.84	44.248	44.515	127.057	134.795	129.115	240.942	270.147	244.646
00:38:30	16.266	17.005	17.603	44.025	44.264	46.276	128.653	136.394	128.33	238.49	267.603	245.521
00:39:00	15.234	18.171	17.574	44.556	43.76	43.888	126.208	136.554	125.36	239.665	269.042	246.734
00:39:30	16.717	17.832	17.091	43.564	43.843	46.247	126.556	138.667	131.203	237.932	266.864	248.596
00:40:00	16.16	16.852	17.109	44.149	43.87	45.732	125.719	137.783	126.631	239.636	265.96	248.166
00:40:30	15.795	17.654	16.651	44.812	44.061	45.379	126.995	134.416	124.536	236.731	265.806	247.149
00:41:00	16.428	17.538	16.952	43.308	43.214	44.595	127.537	137.945	125.08	240.29	268.124	248.865
00:41:30	15.718	16.667	17.613	42.568	44.371	44.904	127.536	134.796	126.888	242.23	268.777	245.114
00:42:00	15.097	16.633	17.029	43.298	42.242	43.807	126.54	133.028	124.627	239.744	269.202	247.79
00:42:30	16.049	17.288	17.396	43.84	41.996	44.256	128.303	135.897	126.125	239.61	265.43	244.217
00:43:00	15.494	16.934	17.137	42.823	42.675	44.565	127.011	137.197	126.157	236.326	263.532	239.656
00:43:30	15.519	16.868	16.617	41.802	42.513	43.781	127.818	132.738	128.02	239.201	268.549	242.428
00:44:00	15.643	15.958	16.08	42.422	40.355	44.138	127.345	133.178	127.308	239.946	265.241	245.772
00:44:30	15.061	17.726	16.079	40.901	39.858	42.775	126.691	135.075	123.932	236.548	265.216	244.78
00:45:00	16.041	16.768	15.68	41.753	42.176	44.253	127.679	133.362	126.851	236.531	261.728	240.171
00:45:30	16.224	17.064	16.422	42.041	42.868	42.647	125.217	135.157	126.761	236.81	264.258	244.802
00:46:00	16.178	16.217	16.288	41.862	41.962	41.908	125.068	133.215	124.701	236.805	262.702	243.2
00:46:30	15.497	15.333	14.986	41.989	41.23	42.608	126.687	136.794	124.549	238.096	262.742	242.648
00:47:00	15.378	15.32	16.428	40.653	41.781	43.266	127.802	134.764	124.69	238.087	264.606	245.649
00:47:30	15.459	16.791	16.691	41.973	39.572	43.527	125.195	133.588	124.249	242.051	265.393	244.695
00:48:00	14.665	15.766	16.33	42.4	40.329	43.674	126.532	133.494	125.287	239.098	265.374	243.623
00:48:30	15.386	17.598	15.471	42.732	40.938	41.269	125.247	133.739	128.639	236.93	259.916	241.96
00:49:00	14.859	15.872	15.982	41.664	41.028	42.865	125.846	135.824	124.037	233.913	264.793	239.223
00:49:30	15.648	16.414	16.396	41.31	39.897	42.816	127.268	134.774	123.12	237.351	264.234	243.982
00:50:00	14.492	16.006	15.235	41.72	40.875	42.483	124.433	135.574	126.026	237.357	265.459	243.294
00:50:30	15.255	16.25	16.22	41.454	41.281	40.853	125.494	135.657	125.854	236.977	263.9	241.751
00:51:00	14.497	15.558	14.934	39.891	40.82	40.121	126.299	132.473	124.112	238.913	263.564	240.5
00:51:30	15.181	16.552	15.879	40.564	38.893	41.365	124.927	134.59	123.067	235.572	262.146	243.362
00:52:00	15.502	16.597	16.337	41.819	41.586	41.255	125.868	134.13	125.789	237.224	263.221	241.158
00:52:30	14.899	16.53	15.734	39.893	40.754	43.181	125.603	133.885	125.595	236.912	262.535	239.82
00:53:00	14.65	16.187	15.895	40.27	39.407	41.446	124.524	134.472	124.305	237.411	260.86	244.453
00:53:30	15.144	15.633	14.307	40.001	38.47	41.757	122.681	132.682	123.771	236.603	258.171	242.002
00:54:00	15.08	16.11	15.29	39.599	41.11	40.74	124.991	132.399	123.663	235.84	259.144	243.857
00:54:30	15.006	15.854	15.327	40.539	38.19	42.719	124.289	132.405	125.076	235.063	264.399	243.646
00:55:00	15.517	16.09	14.063	39.858	39.879	41.778	125.495	136.441	125.765	237.852	267.188	244.994
00:55:30	14.434	15.855	15.94	38.814	38.97	42.01	123.809	135.3	127.061	237.216	264.073	240.975
00:56:00	14.607	15.835	15.471	38.148	38.944	40.495	123.522	133.571	122.147	236.116	263.186	236.172
00:56:30	14.664	16.579	16.012	38.956	39.604	42.539	126.47	134.794	125.057	235.807	266.986	240.76
00:57:00	15.658	16.307	15.852	39.644	38.381	41.403	125.891	131.775	125.429	236.093	263.076	242.541
00:57:30	14.553	16.068	15.653	39.543	38.91	40.796	122.927	133.64	122.588	235.457	264.256	239.161
00:58:00	14.078	14.971	14.296	38.802	38.259	40.683	125.941	135.418	123.082	237.642	262.375	239.26
00:58:30	14.466	14.908	15.251	38.922	38.907	40.809	125.026	132.808	121.979	236.191	262.437	238.887
00:59:00	14.431	15.979	15.047	38.875	37.742	40.499	122.528	132.606	123.278	237.7	262.472	240.643
00:59:30	15.045	15.697	15.557	39.81	37.992	40.1	123.813	133.628	125.091	239.842	263.961	241.928
01:00:00	14.041	14.952	14.962	38.52	38.166	42.09	120.287	132.338	124.701	235.443	263.732	240.683
01:00:30	14.541	16.108	15.14	37.71	38.447	39.919	125.536	129.955	120.97	236.645	262.909	241.315
01:01:00	14.164	15.75	16.08	39.368	37.299	39.849	125.33	132.876	122.392	233.906	261.014	238.38
01:01:30	15.249	16.05	15.214	38.938	38.292	41.064	123.771	134.372	125.16	235.728	261.467	239.036
01:02:00	14.181	14.497	15.843	38.983	37.598	39.017	121.559	131.78	124.285	233.171	260.424	241.26
01:02:30	15.007	15.258	14.685	38.993	37.405	39.937	124.663	131.299	121.159	235.909	262.821	239.242
01:03:00	15.087	14.536	15.821	38.877	38.779	38.673	125.955	131.972	120.092	234.83	258.874	239.399
01:03:30	14.282	15.425	14.991	36.819	38.31	38.51	123.251	131.273	122.661	234.771	258.621	238.572
01:04:00	14.791	14.912	15.976	36.366	37.443	39.779	124.666	133.956	124.623	237.422	261.141	238.752
01:04:30	13.849	14.49	14.634	36.709	37.53	39.305	123.496	133.425	121.428	234.445	259.86	240.268
01:05:00	13.92	15.113	14.918	37.781	38.134	39.854	122.136	133.319	121.426	235.315	259.814	239.684
01:05:30	13.977	14.82	14.43	37.892	36.76	39.739	123.802	133.756	124.2	238.418	263.362	242.642
01:06:00	13.963	15.961	14.823	39.127	37.925	39.878	122.852	129.468	124.529	235.591	259.936	237.525
01:06:30	14.77	14.971	14.901	40.068	37.106	39.665	122.587	132.143	122.228	231.647	260.746	239.816
01:07:00	13.977	15.077	14.462	37.699	36.501	38.628	122.572	133.101	123.921	238.247	260.3	244.561
01:07:30	14.42	13.817	14.081	36.926	37.05	39.12	125.092	130.672	121.378	231.937	259.657	237.522
01:08:00	14.326	15.143	14.624	36.785	36.027	38.49	123.106	130.484	122.77	233.219	261.526	239.757
01:08:30	14.09	15.237	13.799	37.05	37.272	38.923	123.865	131.96	122.546	233.496	259.174	241.513
01:09:00	13.527	14.424	14.646	38.133	37.569	39.421	126.961	131.042	122.247	235.996	259.447	242.32
01:09:30	14.062	14.238	14.986	36.683	37.86	39.66	121.703	130.557	122.118	234.817	260.932	234.433
01:10:00	13.872	14.585	14.327	37.047	37.318	39.857	122.585	129.792	122.05	237.038	263.095	239.588
01:10:30	14.248	15.228	14.758	37.726	36.674	37.77	123.288	129.936	119.401	236.562	260.275	235.755
01:11:00	14.26	15.519	15.051	36.244	37.398	38.773	122.647	130.457	123.637	233.011	261.965	236.46
01:11:30	13.966	14.841	14.388	37.259	35.714	37.783	121.209	130.418	121.665	235.302	261.533	238.036
01:12:00	14.07	14.924	14.896	35.982	37.362	39.126	123.866	131.794	122.344	235.735	258.554	240.578
01:12:30	13.704	15.558	14.827	37.742	37.633	37.464	122.478	134.195	121.8	238.338	256.846	242.828
01:13:00	14.021	14.376	14.452	37.583	34.945	40.4	122.225	133.441	120.519	231.739	257.494	238.735
01:13:30	14.328	15.408	15.153	37.504	37.2	39.001	121.371	130.852	122.051	235.215	258.707	239.555
01:14:00	13.519	15.279	13.992	37.483	35.301	39.088	121.676	133.828	121.973	234.231	258.389	241.377
01:14:30	13.248	14.815	14.572	36.858	36.5	36.54	122.002	130.778	122.974	229.796	257.807	237.882
01:15:00	13.471	14.442	14.515	37.111	35.69	39.263	121.752	131.46	119.846	235.956	260.942	239.482
01:15:30	14.36	14.956	15.085	38.981	35.81	38.341	120.077	131.352	121.162	235.871	254.215	237.827
01:16:00	13.747	14.717	14.65	36.035	36.03	37.964	120.145	129.962	119.954	230.883	258.337	240.699
01:16:30	13.887	15.094	14.714	35.559	36.351	36.773	120.985	131.41	121.683	237.869	258.779	237.666
01:17:00	12.831	14.376	13.974	36.985	35.906	37.53	122.657	128.386	120.442	230.48	259.078	241.002
01:17:30	13.302	14.43	14.859	36.387	37.16	38.295	121.793	131.004	119.822	230.466	256.902	235.911
01:18:00	14.031	14.517	14.072	36.038	35.763	36.735	121.048	129.028	122.682	234.205	260.138	238.897
01:18:30	13.791	14.39	14.061	35.951	35.212	37.9	121.168	129.688	120.62	233.841	259.369	238.362
01:19:00	13.317	14.15	13.788	36.098	35.691	37.013	123.11	130.799	121.245	231.033	256.516	239.54
01:19:30	14.191	13.984	14.582	36.623	37.199	36.718	122.349	131.91	120.738	229.489	260.07	238.385
01:20:00	13.107	14.787	13.678	36.895	35.929	37.144	121.491	129.034	123.348	231.232	258.082	237.26
01:20:30	14.132	14.199	14.674	37.268	36.662	38.298	122.597	133.766	120.634	234.721	256.62	237.057
01:21:00	14.189	14.658	13.563	36.105	36.168	37.82	121.638	130.66	120.7	232.914	255.218	240.289
01:21:30	13.506	13.888	13.922	36.146	35.49	38.303	122.717	132.184	121.215	234.589	261.119	236.136
01:22:00	13.665	13.467	14.038	36.398	35.558	35.951	122.92	129.274	121.81	235.302	261.587	235.751
01:22:30	14.377	14.342	14.306	35.035	35.171	38.017	121.743	131.465	120.479	233.138	255.598	237.881
01:23:00	13.586	14.404	14.105	35.352	34.97	36.115	122.818	128.982	119.345	234.524	257.066	235.815
01:23:30	14.24	14.149	14.176	36.363	36.16	36.48	122.415	129.428	122.034	231.6	258.08	236.232
01:24:00	13.649	14.171	14.632	36.04	36.735	37.567	123.057	130.355	122.336	235.094	260.228	237.434
01:24:30	14.57	14.457	14.742	36.574	35.471	37.351	120.512	131.611	120.824	232.597	258.216	238.481
01:25:00	13.648	14.431	14.542	36.021	36.263	38.108	122.885	132.299	120.786	231.188	258.346	239.369
01:25:30	14.772	15.124	14.036	35.539	34.998	36.92	120.538	129.848	121.947	230.127	255.801	235.031
01:26:00	13.827	14.921	14.876	35.952	34.667	36.307	120.808	130.27	118.735	235.807	256.069	238.733
01:26:30	13.752	14.794	14.912	35.77	35.018	38.657	120.91	129.909	122.942	229.584	259.303	234.441
01:27:00	15.082	14.035	14.327	35.21	34.687	37.425	118.354	129.091	122.159	230.235	261.049	238.301
01:27:30	13.714	13.882	14.102	35.31	36.116	38.153	121.209	130.426	120.422	231.429	260.998	234.511
01:28:00	14.261	13.642	13.932	36.693	34.792	37.141	120.933	129.318	120.95	233.384	258.311	238.097
01:28:30	13.689	14.627	14.62	35.697	35.576	36.649	121.359	129.448	120.784	230.227	254.896	236.622
01:29:00	14.398	15.446	13.822	36.202	35.346	37.665	121.561	129.485	120.17	232.736	250.837	236.816
01:29:30	14.377	14.007	13.85	34.377	35.313	37.425	121.523	129.245	119.374	233.58	255.032	234.841
01:30:00	13.873	14.921	14.718	36.19	34.281	37.451	119.18	128.603	121.35	231.343	254.735	242.593
01:30:30	13.56	14.382	14.008	35.397	33.88	36.58	121.356	132.185	121.362	236.763	259.162	237.186
01:31:00	14.297	13.745	13.821	33.935	34.573	37.762	118.593	130.704	123.611	230.01	253.744	236.603
01:31:30	13.863	13.713	13.779	35.82	35.54	37.208	119.893	128.982	123.538	232.257	259.134	237.268
01:32:00	13.718	14.588	14.324	36.129	35.426	35.933	122.241	131.394	122.453	232.791	259.299	239.243
01:32:30	13.986	14.291	14.625	34.719	33.926	35.606	120.983	126.846	120.665	229.438	257.176	235.569
01:33:00	12.991	14.502	13.835	35.157	35.275	37.096	122.19	129.518	119.497	233.692	257.394	235.479
01:33:30	13.239	14.175	14.388	35.533	34.988	35.661	118.701	130.082	120.792	231.991	256.217	236.515
01:34:00	13.299	14.646	14.453	34.668	35.176	37.218	119.487	129.657	118.856	234.229	257.323	235.391
01:34:30	14.414	14.258	13.253	34.758	33.708	37.025	120.997	129.763	122.835	230.328	252.612	237.162
01:35:00	13.989	13.93	14.005	34.997	34.786	37.433	121.493	129.41	118.486	230.129	255.001	234.643
01:35:30	12.767	14.238	14.523	35.048	34.336	37.642	121.015	130.205	123.029	233.724	260.358	234.902
01:36:00	13.421	14.692	13.35	35.161	33.379	36.375	122.872	128.774	120.378	231.667	255.364	235.611
01:36:30	13.946	14.968	14.475	34.175	33.844	36.35	124.007	129.309	119.834	234.399	259.881	234.944
01:37:00	13.354	13.199	14.559	33.704	35.761	36.494	120.855	132.937	119.361	230.489	252.246	234.668
01:37:30	13.486	14.148	13.32	35.562	33.065	36.5	120.602	126.353	120.459	228.196	252.967	234.503
01:38:00	12.929	14.252	13.336	34.801	33.416	36.839	121.119	129.832	119.403	232.143	256.141	233.744
01:38:30	13.02	13.064	13.833	37.015	33.906	36.272	120.788	126.887	119.069	229.62	253.336	234.98
01:39:00	13.836	14.446	13.914	34.966	34.11	35.825	119.398	133.207	118.316	231.047	257.116	233.493
01:39:30	13.985	15.013	13.861	33.861	34.497	34.377	122.631	129.708	120.919	232.859	258.621	237.191
01:40:00	13.879	14.017	13.915	34.807	32.51	36.23	120.094	128.133	119.935	232.352	253.636	236.978
01:40:30	13.172	13.88	14.23	33.818	33.873	35.867	119.923	128.44	122.596	230.24	254.755	233.22
01:41:00	13.884	14.337	13.752	34.809	33.35	35.112	121.18	128.634	122.649	233.381	256.906	235.456
01:41:30	13.242	14.381	14.912	35.631	33.179	35.698	119.385	129.638	119.894	228.836	256.013	231.08
01:42:00	13.954	14.68	13.355	34.482	33.812	35.766	118.617	126.398	121.259	236.058	254.329	239.661
01:42:30	13.492	15.106	14.127	34.371	33.832	35.13	119.794	129.123	122.676	231.433	256.281	239.032
01:43:00	13.588	14.19	14.057	34.72	33.73	35.831	121.008	129.734	119.852	230.223	254.602	235.938
01:43:30	14.19	14.537	13.858	35.221	33.317	37.135	119.986	131.701	122.173	231.781	256.791	237.609
01:44:00	13.457	14.025	13.732	35.446	33.743	34.579	118.981	131.041	118.057	234.732	261.861	233.7
01:44:30	13.897	14.599	14.122	33.05	34.547	35.316	121.642	130.552	119.223	232.463	255.512	234.138
01:45:00	14.032	14.122	15.115	34.93	32.043	36.071	117.419	128.736	120.285	231.162	255.84	233.186
01:45:30	13.185	14.09	14.14	34.857	34.433	35.546	121.099	130.255	120.147	228.862	253.277	234.968
01:46:00	14.662	14.504	13.594	34.925	34.28	35.003	116.507	127.217	121.289	234.117	257.953	234.366
01:46:30	13.683	14.923	14.3	34.493	34.772	35.031	120.937	130.336	121.193	233.627	255.543	231.232
01:47:00	12.899	13.903	14.447	33.924	33.158	35.115	121.322	130.284	120.128	234.164	256.845	234.224
01:47:30	13.067	13.987	13.931	34.053	32.955	35.203	120.609	128.099	118.124	230.328	255.128	237.614
01:48:00	13.777	13.386	14.183	35.4	32.866	36.485	122.23	127.664	119.32	233.707	254.769	237.987
01:48:30	13.377	14.588	13.96	34.578	33.611	36.481	118.275	130.54	119.232	231.45	256.32	239.27
01:49:00	13.677	13.687	13.719	33.06	33.328	35.552	120.948	131.169	119.126	232.284	257.094	234.63
01:49:30	13.84	13.828	14.413	33.367	33.829	33.929	119.64	127.111	120.141	228.721	258.323	235.198
01:50:00	13.953	14.591	13.81	34.956	33.929	35.177	119.585	128.871	119.563	230.376	255.606	237.32
01:50:30	13.583	14.747	14.281	34.312	34.448	35.202	119.161	130.156	118.727	233.858	258.356	234.08
01:51:00	13.583	14.379	14.184	33.388	34.251	34.56	119.922	129.177	118.45	226.234	254.767	233.946
01:51:30	14.496	13.958	13.725	32.581	34.994	35.476	120.721	129.58	122.771	232.934	254.945	233.476
01:52:00	14.178	14.56	13.359	34.815	33.763	34.885	120.573	132.484	119.946	228.212	253.092	235.206
01:52:30	13.587	13.299	13.983	33.299	34.096	34.684	119.62	127.262	119.577	229.836	252.495	233.817
01:53:00	13.759	13.821	14.06	33.751	33.116	33.929	120.08	126.63	124.155	231.271	254.507	234.727
01:53:30	13.897	15.308	13.545	34.519	34.25	35.016	121.424	129.511	120.426	232.978	256.224	233.541
01:54:00	13.413	13.788	13.471	33.862	34.457	35.411	120.844	129.273	123.598	229.054	255.392	238.94
01:54:30	12.977	14.612	14.358	34.196	33.015	34.646	120.489	128.351	118.622	228.093	257.281	238.219
01:55:00	13.994	15.078	14.009	33.075	34.224	35.87	120.416	128.295	120.094	232.777	256.447	236.078
01:55:30	12.618	14.454	14.101	33.583	33.15	34.442	119.588	128.726	121.771	227.724	258.216	233.154
01:56:00	13.848	14.996	13.769	34.627	32.624	34.279	122.558	132.604	119.916	228.195	256.189	237.087
01:56:30	14.776	13.921	14.803	33.873	33.753	34.527	118.84	130.233	118.391	229.987	256.04	233.926
01:57:00	13.765	13.746	14.573	34.916	33.718	34.185	118.612	128.369	118.954	230.039	256.822	232.469
01:57:30	13.615	13.522	14.35	34.047	33.158	36.336	122.338	127.091	120.137	229.216	256.557	233.423
01:58:00	14.25	14.964	14.664	33.265	33.672	34.638	117.475	125.642	117.709	230.62	253.349	230.99
01:58:30	13.388	14.747	13.925	34.61	33.34	34.52	120.237	129.514	118.639	231.106	256.363	231.736
01:59:00	14.271	13.27	14.487	34.527	32.521	35.357	119.478	126.01	119.732	228.658	252.963	235.613
01:59:30	14.777	14.438	14.059	34.021	33.535	35.158	118.05	128.607	118.679	225.894	253.88	232.886
02:00:00	13.842	15.204	14.783	33.956	32.861	35.653	119.171	131.189	119.456	229.071	255.689	232.468