Time	25_1	25_2	25_3	50_1	50_2	50_3	100_1	100_2	100_3	150_1	150_2	150_3
00:00:00	69.393	68.298	71.445	131.575	135.908	129.002	245.389	245.962	264.031	372.686	363.918	373.416
00:00:30	66.416	64.852	66.421	130.154	127.751	126.589	243.168	247.086	255.563	362.308	354.701	362.386
00:01:00	63.895	60.827	62.349	122.887	124.457	122.142	229.305	237.308	244.171	344.745	333.51	339.693
00:01:30	61.607	57.068	60.817	120.204	121.685	114.206	222.083	225.33	235.382	338.277	326.792	333.134
00:02:00	59.223	54.011	58.111	116.643	114.494	109.692	214.509	215.595	229.456	331.049	314.99	324.604
00:02:30	56.277	51.631	56.385	112.112	111.957	108.271	203.347	210.575	218.271	321.344	314.548	318.462
00:03:00	53.839	51.727	52.725	107.634	109.529	105.159	199.577	201.164	211.134	320.022	307.459	319.433
00:03:30	51.139	48.248	50.891	104.819	106.31	101.894	190.817	194.222	205.147	315.854	303.998	314.068
00:04:00	48.829	47.833	48.808	100.687	104.838	98.084	186.687	187.935	197.373	314.38	297.067	307.836
00:04:30	47.047	46.831	47.76	99.199	100.577	99.119	185.152	185.723	194.715	309.139	293.521	305.529
00:05:00	46.471	44.856	45.818	97.326	98.81	94.964	180.983	181.937	184.703	311.196	291.509	303.196
00:05:30	45.089	45.178	44.403	96.057	97.573	92.551	175.071	178.606	181.691	303.224	291.938	299.753
00:06:00	42.298	44.246	42.434	93.894	92.802	89.887	176.479	178.051	180.488	302.108	289.7	298.371
00:06:30	41.728	41.95	42.064	92.482	91.022	87.351	175.791	174.106	177.013	303.488	288.038	300.552
00:07:00	40.036	40.784	40.327	88.172	89.406	87.048	172.111	172.786	176.139	302.73	290.154	295.736
00:07:30	39.659	39.595	39.678	87.967	88.658	84.665	168.215	170.229	169.426	300.099	284.027	295.14
00:08:00	38.123	39.388	39.304	88.412	88.323	83.479	170.809	170.858	170.832	295.017	283.558	292.535
00:08:30	36.221	39.995	37.726	83.401	88.96	83.205	168.495	169.399	169.916	298.18	285.186	293.484
00:09:00	36.346	39.146	36.361	83.561	82.794	81.862	164.765	166.631	167.957	297.425	280.996	288.468
00:09:30	35.04	36.533	35.307	83.039	83.584	82.63	167.065	166.317	166.151	301.943	280.96	294.724
00:10:00	34.722	37.14	35.675	81.638	83.441	78.382	165.726	164.7	164.071	299.029	279.954	291.113
00:10:30	33.487	35.558	35.244	80.686	81.217	78.748	161.651	163.134	164.722	294.501	281.185	288.859
00:11:00	33.382	35.617	33.25	77.655	80.401	75.626	162.32	163.016	163.614	289.807	279.2	285.068
00:11:30	32.478	35.011	32.541	80.046	78.054	76.355	161.378	158.539	162.008	291.861	279.399	286.09
00:12:00	32.581	33.324	33.756	76.7	77.519	74.274	160.766	160.307	157.695	288.761	276.026	280.907
00:12:30	32.431	34.395	32.853	77.577	77.027	74.386	160.476	159.531	160.281	290.382	278.16	282.627
00:13:00	32.867	32.502	30.998	75.109	75.142	73.74	156.457	162.168	159.336	288.263	277.504	284.167
00:13:30	30.352	31.858	30.328	75.909	74.701	72.762	158.764	159.974	155.722	285.123	274.643	287.736
00:14:00	31.271	31.829	30.144	72.06	75.095	72.431	158.758	158.815	159.587	291.674	274.036	283.637
00:14:30	30.975	31.411	31.089	70.359	71.036	69.668	156.23	158.074	156.568	285.688	272.485	284.168
00:15:00	30.23	31.95	29.991	70.327	71.73	69.936	154.999	155.379	154.023	288.383	273.167	283.101
00:15:30	29.713	31.689	30.507	71.139	70.441	71.067	156.969	157.215	158.174	287.002	276.726	285.267
00:16:00	29.702	30.605	28.553	70.836	69.865	70.006	154.587	156.517	154.222	289.623	274.326	282.592
00:16:30	28.783	30.554	28.068	70.54	69.409	66.343	152.147	154.508	154.386	282.134	272.597	282.382
00:17:00	28.308	29.665	27.244	69.958	67.526	67.411	154.337	156.385	155.767	286.045	271.611	284.494
00:17:30	26.217	29.016	28.576	65.337	67.705	67.507	152.247	156.127	157.216	284.542	272.622	285.921
00:18:00	26.556	29.38	28.639	65.819	67.409	66.597	155.565	155.045	155.466	289.827	270.638	276.732
00:18:30	26.124	27.928	26.907	66.435	64.676	65.135	149.462	151.497	151.76	280.998	270.067	284.345
00:19:00	25.274	28.883	26.592	64.767	64.314	65.068	151.14	155.193	154.82	282.688	267.926	279.871
00:19:30	26.232	27.605	26.534	64.993	63.78	64.479	150.937	152.635	150.813	281.561	273.841	278.472
00:20:00	25.701	27.677	25.694	63.517	63.54	64.551	151.842	154.046	157.225	283.355	271.057	278.214
00:20:30	26.105	27.241	26.099	64.557	63.385	62.805	155.778	153.952	150.674	284.003	275.49	282.354
00:21:00	25.377	26.375	26.202	64.072	62.853	62.777	154.355	148.329	153.565	286.527	274.118	280.171
00:21:30	23.481	27.117	24.306	62.22	62.392	61.515	150.43	150.785	151.574	284.297	270.09	282.187
00:22:00	23.633	25.229	24.161	61.524	62.976	61.565	150.172	148.537	155.058	283.91	271.556	276.99
00:22:30	26.686	24.079	24.269	63.385	62.778	60.807	152.501	152.701	150.15	283.589	271.436	277.12
00:23:00	23.781	25.832	25.156	61.167	60.696	59.248	147.519	151.168	153.383	282.58	265.372	279.677
00:23:30	24.394	25.863	25.696	61.266	61.345	61.554	150.375	152.536	152.041	283.219	271.806	279.707
00:24:00	24.122	25.167	25.705	60.957	59.839	59.977	150.491	151.687	150.934	283.107	269.542	279.56
00:24:30	23.459	25.125	24.535	57.244	58.368	59.047	148.618	151.764	152.098	284.94	267.136	275.154
00:25:00	24.259	25.511	23.039	58.05	58.583	58.983	150.688	149.405	150.718	283.882	269.813	277.111
00:25:30	22.639	24.881	23.766	60.419	60.26	59.566	148.782	148.928	151.014	281.566	269.519	276.682
00:26:00	23.629	24.33	23.002	59.117	58.02	57.487	149.777	151.479	150.406	281.912	269.874	278.31
00:26:30	23.072	24.438	23.69	58.444	58.95	58.727	148.965	151.674	149.384	281.645	267.616	277.835
00:27:00	21.238	22.791	23.034	57.55	57.206	58.543	149.718	150.598	149	281.475	270.039	279.784
00:27:30	22.6	24.169	22.636	57.702	59.206	58.039	148.952	149.79	151.932	284.567	268.302	277.768
00:28:00	22.024	22.668	22.625	56.016	56.954	55.336	146.988	152.85	149.646	279.121	268.135	277.066
00:28:30	21.351	24.038	22.224	56.589	56.898	57.739	148.127	148.38	150.035	281.056	269.687	276.371
00:29:00	21.771	21.986	22.342	56.132	55.671	56.145	147.441	149.331	147.096	279.389	266.381	274.941
00:29:30	21.415	22.069	21.825	55.992	55.433	57.167	146.793	147.833	148.36	281.538	267.148	273.657
00:30:00	20.922	22.435	21.94	55.111	54.535	56.927	147.341	146.623	148.406	278.768	265.867	275.072
00:30:30	20.582	24.158	21.466	56.218	52.993	57.386	147.462	144.896	149.525	278.901	267.349	277.08
00:31:00	20.874	23.173	21.698	55.389	55.732	55.71	146.31	150.351	146.069	281.798	266.153	274.885
00:31:30	20.923	22.511	21.241	54.79	54.588	56.729	146.749	147.96	148.491	280.607	261.488	276.083
00:32:00	21.188	22.377	21.77	53.786	55.872	55.418	150.742	148.489	149.185	279.365	267.223	273.904
00:32:30	20.427	22.75	21.097	54.29	54.982	55.792	150.743	146.623	147.415	280.891	262.231	274.982
00:33:00	22.201	21.653	21.27	54.072	54.2	55.379	144.125	148.097	151.212	279.807	264.611	275.864
00:33:30	19.895	21.356	20.59	52.226	54.665	55.388	150.868	149.639	147.922	280.062	266.6	277.047
00:34:00	20.857	21.7	21.044	50.926	54.171	53.693	149.637	148.76	151.126	281.663	267.843	278.016
00:34:30	19.76	21.041	20.364	53.136	53.102	55.976	143.731	148.403	147.921	278.241	269.638	276.453
00:35:00	20.456	21.208	20.23	52.077	55.145	53.518	145.842	148.61	147.668	281.481	266.913	278.261
00:35:30	20.042	20.628	20.731	51.676	52.53	55.466	145.657	148.279	148.869	277.789	266.666	273.71
00:36:00	19.125	22.289	19.806	50.572	53.566	54.402	147.207	147.578	148.277	278.247	266.459	276.784
00:36:30	19.452	20.347	19.375	52.024	53.16	52.958	148.205	151.506	146.441	279.469	265.783	271.949
00:37:00	18.726	21.86	19.509	50.755	52.503	51.532	147.034	145.276	145.666	276.465	266.41	274.393
00:37:30	19.691	21.2	20.162	51.609	54.082	53.624	147.505	149.868	145.608	277.038	264.159	269.041
00:38:00	19.342	21.249	20.534	50.695	51.75	54.82	143.762	146.875	144.158	279.13	263.58	275.143
00:38:30	19.172	21.113	20.462	49.447	53.492	52.446	144.668	151.431	149.056	278.172	266.171	273.78
00:39:00	19.182	20.04	20.101	49.366	53.208	54.116	146.059	146.018	146.776	281.812	264.431	271.88
00:39:30	18.944	20.61	19.462	48.901	51.186	53.197	143.507	147.314	145.002	278.892	259.867	274.948
00:40:00	19.304	20.271	19.969	50.319	53.766	52.63	144.128	150.769	150.882	277.53	267.506	274.995
00:40:30	19.766	19.92	19.824	48.029	50.987	53.333	146.025	149.262	148.26	277.867	262.835	273.541
00:41:00	18.95	20.533	19.541	50.1	53.369	54.019	144.542	148.267	146.744	277.442	266.883	271.82
00:41:30	19.592	20.901	20.242	48.509	52.191	53.011	144.126	148.864	149.137	279.918	265.607	273.759
00:42:00	18.672	20.13	20.081	49.014	52.635	51.951	144.77	147.106	148.82	278.316	263.993	275.894
00:42:30	18.706	20.366	19.551	47.698	51.8	51.674	144.862	146.146	146.051	275.715	262.649	274.575
00:43:00	18.059	20.224	20.102	47.299	51.951	52.925	146.097	146.968	143.341	277.227	266.121	275.955
00:43:30	17.605	20.428	18.802	47.656	51.029	50.914	145.554	145.492	143.776	275.841	265.024	276.493
00:44:00	18.471	19.152	19.648	48.06	51.729	53.007	146.676	148.226	148.719	279.729	267.682	275.655
00:44:30	18.786	19.648	18.935	47.031	51.565	51.461	145.966	145.11	145.359	278.254	259.609	277.719
00:45:00	18.562	19.925	19.187	49.693	52.071	50.76	143.215	146.083	148.629	276.366	265.099	272.774
00:45:30	18.547	18.126	18.516	47.716	51.651	51.581	145.389	146.141	146.41	277.35	264.664	275.217
00:46:00	18.256	19.662	18.523	48.53	50.83	51.557	143.551	148.072	147.568	274.303	263.267	266.63
00:46:30	18.979	20.081	18.675	47.581	50.427	49.412	143.782	146.644	145.716	277.942	264.371	271.278
00:47:00	18.395	19.631	17.991	46.756	49.453	51.391	144.708	146.851	146.3	281.325	265.161	274.361
00:47:30	18.011	18.846	17.788	46.742	49.867	53.056	144.501	146.789	147.085	277.793	265.661	277.441
00:48:00	18.09	19.088	18.117	46.492	49.189	50.667	143.074	143.88	146.488	278.208	263.919	273.915
00:48:30	18.302	18.294	19.57	47.527	49.804	49.54	146.426	146.217	149.284	276.376	268.517	275.303
00:49:00	18.786	19.814	19.565	46.61	50.09	51.08	143.496	145.737	145.404	282.623	263.212	272.508
00:49:30	17.754	18.578	19.252	47.262	50.642	51.677	146.415	146.078	147.285	278.936	265.671	272.948
00:50:00	17.363	18.817	18.535	47.839	51.364	50.834	143.968	146.743	147.824	274.843	265.735	273.116
00:50:30	17.946	18.462	18.302	46.501	49.047	50.554	143.022	146.256	144.817	279.302	264.888	270.213
00:51:00	18.151	19.436	18.423	47.077	51.07	51.551	146.669	146.403	145.937	278.692	269.162	273.775
00:51:30	17.109	19.314	18.364	47.554	49.546	50.723	141.24	146.132	144.905	272.774	263.537	270.889
00:52:00	16.461	18.61	18.427	45.594	51.509	51.716	145.954	145.334	145.079	281.76	269.042	275.483
00:52:30	17.871	19.096	18.55	45.782	50.817	50.662	142.22	146.26	144.468	273.97	263.172	273.196
00:53:00	18.203	18.31	17.469	47.051	51.404	50.5	140.618	148.306	147.849	277.96	267.283	271.908
00:53:30	17.225	18.778	18.25	46.041	49.861	50.856	142.17	145.664	147.485	274.423	266.704	275.274
00:54:00	17.078	17.516	18.506	45.946	49.452	50.269	143.168	144.948	144.562	275.967	262.703	272.598
00:54:30	17.728	18.672	16.985	46.657	50.116	51.093	141.847	145.266	145.957	278.871	264.617	272.14
00:55:00	17.522	18.404	17.667	45.362	48.4	49.522	143.276	144.988	141.999	275.027	264.343	270.824
00:55:30	17.197	18.283	18.282	45.793	50.134	49.94	143.606	143.709	145.391	274.201	265.723	271.33
00:56:00	16.455	18.452	18.019	46.544	50.848	49.104	146.5	145.653	150.065	276.274	264.884	274.664
00:56:30	17.805	18.007	17.792	44.02	48.755	48.095	144.335	147.502	146.892	275.631	263.125	275.281
00:57:00	18.676	18.658	18.563	45.42	48.37	49.451	143.367	143.398	149.349	274.585	265.003	272.62
00:57:30	16.095	18.012	17.388	45.471	49.12	49.105	141.724	145.407	144.292	282.367	268.149	271.329
00:58:00	17.104	18.101	18.012	45.639	48.275	49.323	144.73	143.798	141.952	277.771	261.357	272.442
00:58:30	17.015	18.683	17.885	44.745	48.83	50.202	140.766	146.891	146.019	275.335	263.639	271.835
00:59:00	16.811	17.602	18.289	45.049	50.146	47.793	144.084	145.804	144.373	277.059	265.751	269.925
00:59:30	17.394	17.797	17.499	44.896	48.341	50.168	144.115	147.52	144.696	273.546	262.367	270.109
01:00:00	16.92	18.895	17.675	44.284	48.472	49.711	147.182	147.108	147.287	278.113	263.104	272.848
01:00:30	18.046	19.256	17.732	45.002	49.555	50.112	144.611	149.748	145.15	279.232	266.101	271.799
01:01:00	16.877	18.586	17.609	45.571	49.544	49.62	141.2	143.369	144.566	277.647	263.047	269.333
01:01:30	16.227	17.741	17.709	43.404	48.762	50.083	143.604	144.676	144.852	277.886	265.706	268.107
01:02:00	17.255	18.208	17.512	43.573	48.129	50.33	142.437	144.001	144.29	275.146	262.918	271.195
01:02:30	17.339	18.196	16.471	44.055	48.855	50.198	143.668	142.99	145.316	278.901	263.775	273.32
01:03:00	17.196	17.876	19.11	45.305	47.107	47.935	141.984	144.683	144.486	274.529	264.368	274.08
01:03:30	16.244	17.603	17.18	45.083	48.803	50.693	142.839	144.574	144.95	275.302	264.316	274.911
01:04:00	16.217	18.021	18.541	44.712	47.886	48.698	144.251	143.62	143.624	272.437	264.631	272.414
01:04:30	17.865	17.852	18.585	44.98	48.457	48.29	141.367	144.625	145.112	278.118	263.543	270.061
01:05:00	17.189	18.254	16.885	44.267	47.237	48.56	141.171	146.693	144.368	272.549	262.671	269.724
01:05:30	16.863	16.711	17.133	44.057	47.252	49.109	141.734	146.329	143.362	274.378	265.044	272.365
01:06:00	16.186	17.433	16.138	43.71	47.482	47.58	141.233	144.916	143.387	276.958	263.66	273.036
01:06:30	17.027	16.702	17.433	44.2	45.814	48.804	143.327	144.954	142.413	279.598	264.067	271.607
01:07:00	17.127	18.364	17.41	44.328	47.047	49.297	145.053	145.221	145.976	276.047	263.371	271.55
01:07:30	16.468	16.839	17.784	44.165	49.579	48.422	144.565	147.03	147.7	279.587	265.636	271.936
01:08:00	17.15	18.297	16.62	43.364	47.008	48.718	142.654	143.098	145.347	278.523	262.47	269.541
01:08:30	16.911	17.016	17.184	42.694	47.169	48.15	142.016	145.281	144.087	277.509	266.269	271.488
01:09:00	17.853	18.024	16.857	44.072	46.669	47.851	139.154	145.502	143.631	276.708	265.066	271.848
01:09:30	16.457	17.276	17.281	42.197	46.801	47.41	142.473	146.711	145.014	277.205	263.11	271.493
01:10:00	16.452	17.54	16.691	44.851	46.862	47.291	143.297	145.874	145.41	276.546	265.136	273.287
01:10:30	16.772	17.225	17.48	42.905	48.337	47.301	142.866	145.644	145	274.592	263.616	270.901
01:11:00	17.652	18.029	17.772	44.641	45.731	48.846	142.916	146.738	143.355	275.988	264.087	268.43
01:11:30	16.964	17.827	17.07	43.748	46.552	46.728	141.443	145.653	147.627	276.807	264.553	266.83
01:12:00	16.687	16.705	17.92	44.769	46.153	45.292	141.656	144.747	143.675	273.274	263.083	270.612
01:12:30	16.231	17.94	17.286	42.931	45.887	47.285	141.848	143.774	145.488	273.534	260.826	270.008
01:13:00	17.199	17.475	17.739	44.188	45.4	47.852	142.355	144.121	143.874	277.971	266.093	270.213
01:13:30	17.181	17.353	17.857	43.031	45.996	47.174	143.942	141.232	147.157	276.079	266.53	272.526
01:14:00	16.821	17.509	17.163	43.106	44.525	48.247	143.803	142.518	144.452	274.729	266.361	268.817
01:14:30	17.171	18.641	17.329	43.006	45.428	47.922	141.299	145.806	144.792	275.718	262.662	271.194
01:15:00	15.693	17.121	17.009	43.812	44.997	47.286	140.812	144.829	142.835	279.613	265.807	276.28
01:15:30	15.884	17.353	16.65	44.302	44.993	47.751	143.138	143.244	144.028	273.362	262.049	272.501
01:16:00	16.378	18.281	17.275	43.206	47.029	46.686	141.21	142.667	145.666	277.733	262.225	269.398
01:16:30	16.588	18.264	16.84	42.133	44.542	47.367	142.057	142.875	142.737	275.025	261.812	270.693
01:17:00	17.029	16.614	16.321	42.779	45.025	47.321	143.317	146.299	144.751	275.358	263.612	273.316
01:17:30	16.681	17.685	17.251	43.768	44.209	47.523	142.858	143.249	144.809	276.019	262.577	272.47
01:18:00	16.073	17.512	16.858	42.77	44.902	47.514	144.953	145.517	143.886	275.32	265.356	266.997
01:18:30	16.824	17.416	17.487	43.545	46.985	47.541	142.673	147.951	143.559	278.583	260.729	273.089
01:19:00	16.3	15.705	17.462	43.003	44.717	46.663	142.944	143.952	144.104	277.673	265.268	270.863
01:19:30	17.126	17.498	16.691	43.3	43.255	47.582	142.037	143.862	144.517	275.39	264.281	267.173
01:20:00	16.611	16.381	17.013	43.028	44.196	47.038	142.414	144.813	144.935	275.474	264.551	271.184
01:20:30	16.924	18.343	17.26	43.142	44.965	45.33	144.755	146.423	144.83	278.903	263.009	270.236
01:21:00	17.164	17.203	17.529	43.435	44.659	46.571	142.472	143.386	147.142	274.988	262.364	267.857
01:21:30	17.264	17.023	17.497	41.483	43.228	47.078	143.005	144.455	145.657	278.463	265.257	268.881
01:22:00	15.889	17.236	17.233	43.182	43.655	46.403	140.134	146.55	146.689	271.058	261.119	269.45
01:22:30	15.791	16.492	16.895	44.45	43.571	46.9	143.588	145.578	145.209	277.387	261.586	272.799
01:23:00	16.484	17.091	15.814	42.349	43.091	47.239	141.588	146.688	144.029	277.985	265.919	273.561
01:23:30	16.612	17.253	17.097	43.85	43.705	46.518	143.73	144.145	145.458	274.176	264.498	269.681
01:24:00	16.308	17.188	15.835	40.915	42.124	46.01	141.138	143.996	143.945	277.376	266.796	270.125
01:24:30	16.57	17.075	17.104	42.654	43.115	46.475	139.37	143.881	144.342	274.246	261.277	264.274
01:25:00	17.011	17.274	16.873	42.391	44.032	46.715	142.098	145.33	144.154	279.915	262.226	275.45
01:25:30	16.956	16.682	16.336	43.362	43.725	46.08	142.555	144.778	145.895	280.948	263.636	271.431
01:26:00	16.539	17.331	17.239	42.581	44.546	45.889	142.963	145.157	142.116	276.623	262.27	271.075
01:26:30	16.821	18.501	17.598	42.06	43.3	46.376	144.632	143.962	148.236	276.86	262.464	274.493
01:27:00	16.516	16.687	16.853	43.534	43.176	45.839	141.311	144.81	144.3	273.763	265.222	274.242
01:27:30	15.979	17.229	16.112	41.775	42.782	46.289	141.215	143.621	142.802	276.814	266.326	266.546
01:28:00	15.363	16.715	16.614	42.348	43.212	45.418	142.763	142.333	145.639	276.282	263.003	271.313
01:28:30	15.981	16.601	16.869	41.515	43.717	45.087	145.258	144.223	145.777	274.61	264.326	271.841
01:29:00	16.483	17.146	16.974	41.384	42.693	48.719	145.19	145.015	143.833	281.248	262.238	271.018
01:29:30	15.946	16.342	16.846	40.108	41.869	45.076	140.942	146.084	144.768	275.336	262.764	268.525
01:30:00	16.141	16.843	16.995	41.29	42.071	45.813	143.93	143.276	143.792	274.573	261.682	269.417
01:30:30	15.741	17.432	16.585	42.852	42.046	46.384	143.444	141.703	145.46	276.185	265.064	275.492
01:31:00	16.153	16.83	17.165	42.592	44.277	45.546	143.544	145.973	145.807	275.864	262.312	270.788
01:31:30	16.561	16.943	17.288	41.296	44.207	45.487	144.365	147.425	146.674	274.065	259.287	269.989
01:32:00	16.109	17.163	17.087	41.207	42.607	44.504	139.835	146.856	145.042	277.068	261.931	273.235
01:32:30	15.367	16.43	17.061	42.209	41.859	46.887	142.676	143.945	143.35	273.755	263.245	273.021
01:33:00	16.067	17.337	17.187	40.29	42.908	45.062	143.631	144.501	144.105	277.961	262.099	273.957
01:33:30	16.331	17.11	16.211	41.521	43.428	45.694	140.648	144.4	143.976	273.239	265.138	269.164
01:34:00	16.31	17.661	16.978	41.267	44.584	46.031	140.268	143.482	143.284	277.238	261.968	269.847
01:34:30	15.82	17.109	17.069	41.623	42.727	43.929	141.69	142.426	147.996	274.404	264.911	271.543
01:35:00	16.549	17.433	15.877	41.561	41.267	45.052	145.501	144.904	143.696	274.357	263.325	273.631
01:35:30	16.704	16.852	17.695	40.887	42.023	44.742	143.417	146.087	143.184	278.694	262.851	268.461
01:36:00	16.389	16.99	17.575	41.212	44.157	45.282	142.962	143.986	143.481	272.504	260.698	267.491
01:36:30	16.433	17.063	16.043	41.548	42.701	46.16	144.938	148.44	146.682	275.422	264.664	272.549
01:37:00	16.077	16.981	16.227	40.628	42.55	45.235	141.445	146.385	143.086	274.361	265.284	267.979
01:37:30	16.208	17.121	17.398	41.689	41.399	45.212	143.484	143.763	143.802	273.719	261.856	270.137
01:38:00	15.935	16.362	16.365	40.739	41.079	44.543	143.011	145.574	145.861	275.215	264.192	270.048
01:38:30	15.5	16.71	16.264	40.044	42.797	45.225	142.49	146.982	146.119	276.235	262.239	268.65
01:39:00	16.052	16.335	16.538	40.727	42.327	44.618	143.65	143.552	144.204	276.891	260.266	271.946
01:39:30	15.943	16.216	17.35	40.356	43.582	44.141	140.899	143.499	147.82	274.915	265.009	270.347
01:40:00	16.25	17.856	15.034	39.277	42.044	44.337	141.646	144.663	145.159	279.575	260.115	273.68
01:40:30	16.508	17.278	16.862	42.222	41.68	45.296	143.216	143.203	144.198	277.026	259.159	268.945
01:41:00	17.39	16.433	15.37	39.823	43.137	45.912	139.47	141.321	144.752	276.772	261.91	270.098
01:41:30	16.215	16.619	16.206	41.053	41.384	43.262	141.809	145.196	143.776	276.187	265.36	270.302
01:42:00	16.286	16.504	16.3	40.73	43.226	45.89	143.894	148.859	147.622	279.765	262.411	272.63
01:42:30	16.267	17.847	16.784	40.109	42.063	44.051	141.632	146.359	144.011	272.037	260.427	274.884
01:43:00	15.842	17.027	16.722	41.014	42.903	44.172	140.181	145.905	144.1	274.864	261.64	271.699
01:43:30	15.872	16.341	16.159	40.543	42.614	44.875	143.265	144.163	145.297	274.388	265.521	270.033
01:44:00	16.771	16.542	16.211	40.702	40.654	45.144	142.789	144.453	142.988	273.206	261.849	273.358
01:44:30	16.076	17.107	16.657	40.476	42.054	45.068	141.33	144.891	141.262	275.477	261.498	269.041
01:45:00	16.26	16.552	16.324	39.872	41.436	44.993	143.674	146.502	146.162	276.539	261.399	271.858
01:45:30	16.846	17.759	16.353	41.346	42.709	44.139	142.549	145.068	145.06	279.44	263.566	272.589
01:46:00	16.38	17.167	16.229	42.208	41.909	46.433	141.582	143.35	144.891	274.365	262.948	266.532
01:46:30	16.253	16.941	16.797	40.961	40.594	44.352	142.647	143.027	143.31	273.436	260.771	271.733
01:47:00	16.991	17.171	16.49	40.652	43.371	43.894	143.632	142.265	144.435	279.17	260.394	268.007
01:47:30	16.241	16.556	17.796	41.575	41.509	45.848	138.562	144.471	145.071	275.093	267.163	270.139
01:48:00	16.066	17.407	16.839	39.544	42.733	44.954	141.098	146.295	144.458	276.199	270.141	269.641
01:48:30	16.919	16.843	17.623	39.895	41.155	45.831	141.746	147.659	146.928	272.641	263.233	269.869
01:49:00	15.886	16.548	17.284	40.792	41.854	44.865	141.849	145.209	144.39	273.564	262.465	271.617
01:49:30	15.797	17.448	16.656	40.683	41.623	44.381	143.258	145.542	147.591	275.383	262.068	271.3
01:50:00	16.724	16.955	16.219	41.632	43.998	46.023	141.901	146.899	145.543	275.407	262.87	270.052
01:50:30	16.082	15.925	16.774	41.762	40.709	42.758	140.837	145.175	142.684	275.121	267.306	270.374
01:51:00	15.771	16.567	16.339	40.067	40.952	44.972	144.227	141.71	145.344	273.554	262.526	274.129
01:51:30	16.799	16.938	17.429	42.155	43.415	45.846	141.066	145.621	141.998	275.243	264.942	272.037
01:52:00	17.599	16.065	16.722	40.75	42.166	44.468	144.242	142.873	142.737	277.187	259.221	268.562
01:52:30	16.22	16.833	16.142	41.462	42.032	44.507	142.188	147.351	147.662	278.311	264.585	270.609
01:53:00	16.227	16.743	17.199	41.279	41.484	43.954	142.428	145.708	145.632	273.878	266.332	272
01:53:30	16.765	17.207	17.008	40.929	41.459	44.477	142.324	145.211	143.347	275.742	264.214	269.308
01:54:00	15.69	16.732	16.867	41.675	41.335	43.336	142.743	146.082	144.66	276.962	259.446	270.699
01:54:30	16.389	16.682	15.171	40.868	41.46	43.563	141.325	143.957	142.98	270.85	261.76	264.827
01:55:00	15.967	16.855	17.002	40.081	41.301	44.902	140.671	144.146	146.339	269.731	259.36	270.351
01:55:30	16.382	16.39	16.174	40.606	41.123	44.258	142.063	145.205	145.293	274.514	264.146	268.283
01:56:00	16.652	16.145	16.633	40.901	41.718	42.8	143.126	145.306	144.951	276.273	266.75	268.689
01:56:30	16.496	17.375	17.17	40.445	42.28	43.435	144.49	143.881	143.18	277.984	265.175	271.663
01:57:00	17.198	17.402	16.782	40.901	43.026	44.23	143.125	146.93	144.234	275.911	267.217	267.142
01:57:30	15.813	16.657	16.68	39.873	42.136	44.477	140.518	142.084	143.774	274.601	262.475	270.34
01:58:00	17.56	16.741	17.763	40.983	40.762	44.75	139.723	145.977	147.468	271.757	263.711	268.691
01:58:30	17.038	17.481	16.807	40.423	41.516	45.531	141.587	146.288	146.093	275.238	263.52	274.33
01:59:00	16.504	16.04	17.101	41.066	42.185	44.153	142.435	146.37	144.791	273.492	264.243	269.948
01:59:30	16.474	16.588	16.318	39.416	40.426	43.209	141.482	146.014	145.759	276.59	258.775	268.897
02:00:00	17.188	17.172	16.03	41.545	40.794	44.134	141.318	146.025	145.464	272.874	259.923	268.073