Time	25_1	25_2	25_3	50_1	50_2	50_3	100_1	100_2	100_3	150_1	150_2	150_3
00:00:00	71.768	72.03	68.979	130.782	128.625	142.944	273.47	261.696	265.58	383.618	383.221	372.901
00:00:30	67.969	69.882	61.542	125.674	120.343	135.773	249.676	256.003	257.309	372.932	372.394	362.027
00:01:00	63.358	65.849	58.898	111.629	112.548	112.581	243.047	244.934	246.444	357.287	358.056	355.684
00:01:30	60.979	61.902	55.196	106.85	109.77	103.876	236.292	240.863	237.847	347.462	348.238	337.851
00:02:00	57.09	55.51	53.766	105.925	108.216	98.642	234.152	234.488	230.906	343.228	345.304	334.522
00:02:30	55.925	55.938	50.719	101.404	104.386	94.838	225.069	224.394	227.235	338.713	336.491	324.71
00:03:00	54.151	53.985	50.55	99.814	101.523	90.941	218.052	216.951	220.701	328.387	332.395	318.572
00:03:30	52.369	51.088	47.481	97.862	98.955	88.65	209.855	209.687	210.026	330.018	332.696	316.777
00:04:00	50.314	49.488	47.484	96.094	97.188	86.485	203.764	206.633	207.189	324.976	329.39	311.156
00:04:30	49.081	46.435	44.593	92.464	96.61	82.913	201.676	199.869	200.625	323.222	323.415	311.512
00:05:00	47.309	46.693	43.405	90.271	92.151	81.38	193.074	194.575	193.731	315.493	319.716	306.94
00:05:30	46.354	45.325	41.964	87.098	92.259	77.191	192.848	192.143	192.328	315.648	318.423	306.646
00:06:00	46.221	43.204	42.649	86.656	88.484	77.038	190.638	187.955	188.394	315.942	315.031	304.938
00:06:30	44.896	42.462	41.151	84.744	88.32	75.107	186.193	188.303	187.041	316.687	313.962	301.985
00:07:00	42.942	43.107	38.884	83.491	84.296	73.785	181.576	186.843	183.46	311.317	311.283	302.472
00:07:30	43.128	40.68	39.967	83.524	84.439	73.997	181.325	182.329	183.091	316.089	314.411	301.722
00:08:00	41.046	38.739	36.62	79.731	83.153	72.034	180.232	180.413	175.823	311.102	312.155	297.548
00:08:30	39.986	38.755	36.217	79.949	83.022	69.368	178.095	181.267	178.797	305.113	310.919	296.194
00:09:00	40.853	39.455	36.527	78.276	79.836	69.996	178.982	181.127	179.76	308.429	311.414	296.211
00:09:30	39.717	37.054	35.285	76.331	80.298	70.379	175.112	176.229	177.944	307.112	311.408	295.336
00:10:00	39.374	36.012	35.409	74.017	78.169	68.337	175.228	173.45	174.452	304.743	309.79	290.177
00:10:30	39.283	35.751	34.628	75.656	77.952	67.178	173.028	172.916	172.791	303.181	308.507	296.423
00:11:00	38.151	34.909	35.153	72.745	76.705	66.557	170.406	176.681	171.119	302.453	307.992	293.588
00:11:30	36.94	34.447	34.165	73.503	75.508	66.487	171.107	176.033	172.258	305.022	311.932	291.699
00:12:00	34.9	34.595	33.768	70.15	74.012	64.926	172.059	172.192	169.443	300.299	305.935	288.967
00:12:30	36.283	32.847	32.572	71.966	75.284	65.22	170.795	171.245	170.504	300.945	303.374	292.996
00:13:00	35.699	33.708	32.225	71.352	72.983	65.268	167.258	172.74	171.357	300.999	306.683	294.003
00:13:30	34.989	32.585	31.35	70.211	73.728	62.244	168.179	172.503	168.813	300.595	307.273	286.928
00:14:00	33.897	31.655	31.598	68.588	73.194	62.917	167.198	168.412	171.021	304.087	298.824	287.736
00:14:30	33.583	32.112	30.925	68.614	71.879	60.167	166.681	167.612	165.363	301.025	303.688	290.621
00:15:00	32.719	31.257	31.287	68.186	69.957	60.961	163.171	167.545	169.065	298.704	298.439	281.649
00:15:30	33.367	30.666	31.006	68.756	68.589	62.597	163.678	167.808	169.233	298.928	302.686	288.616
00:16:00	32.702	30.422	30.196	68.843	68.514	59.493	164.739	164.822	163.66	299.232	297.212	286.912
00:16:30	33.376	29.679	29.231	67.035	69.901	58.643	165.767	165.216	167.672	294.082	301.873	287.517
00:17:00	32.174	29.629	30.145	67.094	68.451	58.134	165.999	166.633	163.613	300.182	300.312	287.008
00:17:30	31.963	28.41	29.135	63.419	66.78	56.318	163.999	165.69	164.225	299.126	301.622	281.421
00:18:00	30.428	29.953	27.934	65.293	67.296	55.438	161.411	163.777	166.017	294.151	303.124	287.866
00:18:30	30.824	27.958	27.617	62.386	65.119	55.646	163.423	164.827	162.579	295.815	296.465	285.09
00:19:00	30.963	27.918	28.192	63.666	66.015	56.689	162.915	164.152	164.913	292.936	298.773	282.492
00:19:30	30.976	28.333	26.669	61.363	63.272	55.05	160.358	165.403	163.315	297.059	297.538	287.334
00:20:00	29.84	27.387	28.244	62.121	64.392	56.634	163.713	165.253	165.225	295.788	297.462	283.285
00:20:30	28.531	26.993	27.244	62.126	64.176	53.613	160.964	161.958	159.789	296.501	296.531	284.064
00:21:00	29.579	27.941	25.372	59.981	61.481	53.217	159.465	159.07	160.115	293.289	294.403	281.404
00:21:30	28.147	27.126	26.972	61.915	62.698	54.109	160.62	164.208	162.786	294.203	296.124	277.603
00:22:00	28.56	26.872	27.381	60.925	62.405	52.469	162.022	160.698	164.03	293.901	294.225	282.544
00:22:30	28.108	25.545	26.131	59.795	61.886	52.662	159.544	161.424	162.433	296.336	297.007	281.223
00:23:00	27.382	27.354	25.709	57.442	59.18	53.415	159.015	159.231	158.211	289.365	296.113	278.743
00:23:30	27.656	26.082	23.87	57.898	59.677	50.925	158.225	158.133	161.601	292.577	296.938	280.791
00:24:00	27.81	24.356	24.626	58.558	59.998	52.748	159.306	161.899	160.89	292.856	300.686	281.527
00:24:30	27.553	25.856	24.611	58.228	58.433	52.295	160.291	161.208	159.802	294.675	293.963	280.322
00:25:00	26.574	24.803	24.27	57.97	58.612	50.014	157.301	159.073	160.505	295.879	293.917	281.496
00:25:30	27.32	25.351	23.737	56.544	59.588	51.437	156.514	159.282	158.581	293.651	293.895	278.819
00:26:00	26.651	24.815	23.329	56.088	58.196	50.349	155.442	159.225	157.752	290.823	292.752	278.612
00:26:30	27.293	24.758	23.77	53.986	59.026	48.765	158.163	159.19	159.138	292.554	293.428	277.353
00:27:00	25.513	23.605	23.323	56.001	58.31	50.004	152.58	159.248	157.199	289.558	291.815	278.896
00:27:30	26.118	25.647	23.933	55.656	56.682	49.386	155.485	158.661	159.453	287.933	292.416	281.174
00:28:00	26.54	23.095	22.808	56.264	57.715	49.662	160.04	158.595	159.454	289.715	291.093	279.858
00:28:30	26.282	24.275	24.664	54.182	57.783	49.068	158.576	159.825	155.874	290.256	293.969	279.657
00:29:00	25.233	23.651	22.754	54.165	55.555	49.698	156.004	157.37	159.098	287.393	292.785	278.772
00:29:30	24.879	23.2	23.375	53.17	56.227	49.049	155.763	158.076	155.566	288.363	290.383	279.275
00:30:00	25.429	23.575	22.064	51.604	56.201	48.197	156.429	155.265	152.985	287.277	290.597	277.417
00:30:30	24.839	22.261	23.63	52.848	56.634	47.59	157.657	158.393	155.132	290.689	293.421	281.139
00:31:00	24.219	23.691	22.705	53.363	54.713	48.238	156.675	154.325	156.944	289.562	292.529	272.949
00:31:30	26.156	22.735	22.905	51.897	56.015	47.729	153.732	159.112	157.316	289.669	290.802	278.998
00:32:00	24.821	22.377	21.61	52.592	54.993	48.565	151.118	155.758	154.791	291.632	292.89	277.18
00:32:30	25.301	23.696	21.05	51.796	54.725	47.151	155.015	160.144	155.12	288.484	287.676	274.9
00:33:00	24.083	23.068	21.412	51.246	53.665	46.181	154.028	154.822	156.913	289.523	288.309	276.896
00:33:30	25.007	22.892	21.995	51.554	53.903	47.742	154.148	155.772	154.686	289.633	295.626	280.261
00:34:00	23.901	21.313	20.936	51.449	52.949	47.092	154.692	156.551	156.552	287.65	292	276.138
00:34:30	24.12	21.353	21.692	49.835	52.493	46.751	152.593	155.534	158.188	287.897	290.292	277.039
00:35:00	22.462	22.84	21.601	51.046	53.088	46.348	155.556	156.746	155.288	288.56	293.176	279.096
00:35:30	23.579	23.434	21.72	51.292	53.739	46.58	155.036	157.571	155.382	286.633	288.14	277.204
00:36:00	23.131	22.272	20.115	50.125	52.379	45.576	152.487	154.076	153.094	289.475	289.622	276.535
00:36:30	23.856	23.262	20.685	51.6	51.102	46.507	155.065	153.991	154.62	288.468	290.056	277.847
00:37:00	23.523	22.067	21.362	51.629	52.858	46.829	153.017	155.027	152.62	286.251	290.371	278.542
00:37:30	22.457	20.743	21.338	50.181	52.238	46.663	153.776	157.846	153.624	287.684	291.672	279.147
00:38:00	22.713	21.423	20.775	49.166	51.72	45.941	149.746	154.842	153.141	283.074	286.843	278.355
00:38:30	23.031	21.272	19.842	50.539	52.77	46.282	152.513	156.167	153.107	285.616	282.129	271.456
00:39:00	22.28	21.594	20.144	48.408	50.821	45.058	148.854	154.359	151.079	287.266	288.968	275.875
00:39:30	22.912	22.369	21.312	50.478	49.374	44.957	151.85	154.013	150.115	281.957	287.951	274.046
00:40:00	23.331	21.247	20.55	49.018	52.409	45.351	152.95	154.018	151.955	283.808	286.127	274.828
00:40:30	22.664	20.523	20.165	47.952	50.822	43.95	153.653	151.839	152.858	288.131	290.466	276.916
00:41:00	21.922	20.772	20.411	49.099	50.921	44.766	154.672	153.228	152.839	286.958	285.819	275.531
00:41:30	22.404	21.592	20.501	48.003	49.132	45.219	153.542	153.165	152.244	282.813	286.157	275.013
00:42:00	20.97	20.866	20.871	48.881	51.462	44.804	152.242	155.557	153.726	288.002	289.111	277.436
00:42:30	21.666	20.423	19.658	47.754	50.607	44.384	151.448	153.949	153.752	282.428	285.592	271.545
00:43:00	21.51	21.371	20.214	47.902	51.652	43.989	152.565	154.556	150.793	287.156	288.685	275.989
00:43:30	21.407	20.098	20.586	47.408	50.17	43.888	151.565	155.042	152.617	281.712	289.441	274.563
00:44:00	20.471	20.429	19.974	48.983	49.714	43.723	152.687	154.623	149.65	285.895	285.323	275.474
00:44:30	22.205	21.193	20.015	48.663	49.176	44.148	151.082	152.018	152.842	287.953	289.023	275.434
00:45:00	21.077	20.587	19.532	47.705	48.973	43.413	150.842	151.857	156.108	286.789	286.156	272.838
00:45:30	21.208	21.954	18.641	47.485	50.773	44.414	152.295	153.614	154.574	284.543	283.811	270.985
00:46:00	21.445	19.169	19.461	47.808	49.77	42.913	149.583	150.812	151.067	281.061	287.37	270.702
00:46:30	21.298	20.404	18.423	47.243	48.94	42.444	149.109	154.731	152.67	283.582	288.224	275.221
00:47:00	21.885	20.055	19.465	47.185	49.542	41.798	152.147	152.472	152.428	283.029	285.86	273.357
00:47:30	20.153	22.003	19.017	47.927	49.373	42.198	150.643	153.232	150.495	285.2	287	275.383
00:48:00	20.906	20.188	19.431	47.781	48.552	43.596	150.638	146.994	151.593	286.087	287.408	272.005
00:48:30	21.071	19.914	19.126	46.927	48.17	42.389	148.774	151.841	149.798	284.348	283.203	277.466
00:49:00	21.582	20.243	18.972	46.233	48.591	41.85	151.967	152.827	151.59	285.492	286.464	275.928
00:49:30	20.795	19.852	18.079	47.753	48.304	42.18	151.585	150.684	152.672	282.648	288.915	273.873
00:50:00	21.248	19.826	19.372	46.754	49.143	42.954	150.166	154.466	148.367	280.179	285.75	272.392
00:50:30	20.167	19.604	18.789	48.22	48.447	43.487	149.991	153.015	152.911	281.899	290.119	272.556
00:51:00	20.829	19.685	18.138	47.712	46.947	40.355	148.921	151.477	150.295	281.408	284.475	274.847
00:51:30	21.177	19.131	19.743	46.98	48.287	41.832	149.243	151.727	152.39	283.122	286.289	268.817
00:52:00	19.857	18.894	19.151	46.6	48.161	41.975	149.324	151.991	150.062	284.32	287.165	270.445
00:52:30	20.289	19.983	18.816	44.576	48.265	42.121	148.285	153.501	149.533	284.706	287.105	275.555
00:53:00	19.789	19.835	19.548	46.471	48.003	43.717	152.623	152.191	149.844	283.976	284.174	273.239
00:53:30	20.508	20.462	18.894	45.939	46.284	42.956	149.905	150.477	150.643	281.853	283.628	272.618
00:54:00	21.038	19.599	18.417	46.23	47.837	40.813	148.684	152.161	150.678	281.315	283.911	270.931
00:54:30	20.81	20.176	19.11	45.982	47.351	41.464	148.522	152.818	148.9	281.922	284.079	270.106
00:55:00	20.542	18.889	18.183	44.548	46.828	42.105	147.903	149.207	152.183	283.592	285.261	273.429
00:55:30	19.279	19.794	19.517	45.526	45.268	41.574	149.472	150.455	147.815	282.504	285.299	270.527
00:56:00	19.944	18.96	17.621	45.441	47.502	42.053	148.538	151.373	150.371	282.477	284.778	272.171
00:56:30	19.961	19.346	18.161	45.352	47.351	38.589	147.743	150.707	149.574	280.581	283.181	273.638
00:57:00	19.723	18.9	18.415	44.765	47.574	41.022	148.798	147.363	150.03	277.379	281.535	272.788
00:57:30	19.917	19.376	18.637	44.759	47.284	40.359	147.844	149.977	149.904	279.273	285.362	272.089
00:58:00	19.867	18.866	17.7	45.528	47.166	40.093	149.327	149.209	151.518	285.833	287.504	272.659
00:58:30	19.696	19.034	18.26	44.247	48.218	41.249	148.728	148.327	147.531	283.043	282.122	270.361
00:59:00	20.129	18.738	17.941	46.654	45.012	39.576	148.431	148.231	149.131	279.163	284.11	271.829
00:59:30	19.266	19.236	17.923	45.683	46.697	40.001	151.885	149.267	148.519	282.43	282.896	269.857
01:00:00	19.733	18.773	17.742	45.183	47.372	40.283	146.689	149.749	149.753	281.148	283.489	269.435
01:00:30	19.717	19.113	17.14	44.202	45.882	40.83	147.034	148.23	149.202	277.338	283.011	267.233
01:01:00	19.35	18.404	17.677	44.652	47.3	40.992	150.408	149.22	152.5	281.543	286.881	269.704
01:01:30	20.698	18.537	18.276	45.098	44.834	40.402	147.058	151.681	150.467	279.435	284.687	268.413
01:02:00	20.556	18.611	18.11	44.575	44.923	39.824	149.011	147.094	149.09	277.347	280.654	273.554
01:02:30	18.358	18.355	18.292	43.743	47.749	41.005	146.556	148.174	148.035	279.987	285.562	270.072
01:03:00	18.379	17.942	18.822	44.392	45.62	40.577	149.374	148.921	146.6	281.86	279.225	271.419
01:03:30	19.76	18.798	18.261	44.286	45.879	38.268	147.228	149.799	150.47	280.013	281.625	267.775
01:04:00	19.046	18.357	18.221	42.749	45.758	39.575	147.355	150.384	147.781	281.061	278.649	266.214
01:04:30	19.444	17.597	17.49	43.327	45.256	40.201	146.38	148.241	147.848	283.569	283.921	272.939
01:05:00	19.573	18.405	17.846	43.53	44.781	39.813	147.26	149.609	149.285	279.704	284.661	273.341
01:05:30	19.282	19.112	17.486	43.332	45.916	38.487	148.226	146.833	148.902	278.473	283.407	266.372
01:06:00	19.695	17.909	16.869	44.779	43.047	38.391	147.816	148.795	148.548	278.769	283.125	273.053
01:06:30	18.691	18.757	17.866	44.61	44.947	38.577	146.134	145.05	149.644	277.49	281.043	270.122
01:07:00	19.287	17.793	17.191	43.355	44.35	40.008	146.432	146.377	146.134	280.581	281.679	269.845
01:07:30	19.897	18.58	18.07	43.036	45.77	38.315	147.493	150.03	147.337	278.8	282.086	269.067
01:08:00	19.458	17.634	18.409	44.961	44.816	40.146	146.904	151.465	149.073	281.442	282.275	272.504
01:08:30	19.3	19.11	18.173	43.851	44.857	37.828	147.882	147.342	149.059	281.264	279.931	267.18
01:09:00	19.678	18.464	18.221	44.251	44.606	39.511	148.307	148.045	147.376	279.694	278.814	265.879
01:09:30	18.816	18.572	17.604	42.4	44.292	39.111	146.468	149.639	150.82	279.217	285.13	271.999
01:10:00	19.573	17.821	16.989	42.319	43.536	39.365	144.378	147.117	147.442	279.078	280.757	267.395
01:10:30	18.747	18.549	18.059	43.217	45.108	38.843	149.456	149.934	146.415	280.698	283.355	268.243
01:11:00	19.916	18.262	16.717	43.679	45.67	37.919	145.895	149.446	147.982	276.409	284.114	268.32
01:11:30	20.282	18.473	17.789	41.624	45.953	38.836	145.786	153.345	147.791	277.077	283.953	270.463
01:12:00	18.644	17.833	17.949	42.673	43.894	39.004	146.961	148.129	147.114	280.286	281.711	271.726
01:12:30	19.833	18.764	17.942	42.273	44.548	38.507	146.917	147.434	147.544	278.163	275.25	268.013
01:13:00	19.23	17.826	18.648	44.003	45.249	38.708	146.784	147.007	147.282	279.913	284.447	269.196
01:13:30	19.525	19.847	17.267	43.446	43.836	39.565	149.152	149.47	150.39	277.962	282.346	269.747
01:14:00	19.064	17.17	18.87	42.811	44.594	38.76	146.738	148.885	144.322	280.331	280.529	269.092
01:14:30	18.621	18.223	17.933	42.903	44.408	36.915	145.062	147.294	146.513	279.563	281.884	268.548
01:15:00	19.938	18.85	17.67	41.777	44.145	39.187	145.748	147.047	145.704	275.394	281.435	270.2
01:15:30	19.525	17.511	17.395	43.627	43.81	38.182	145.863	148.624	146.551	275.745	282.178	268.646
01:16:00	18.884	18.613	17.163	41.977	44.067	38.362	145.16	150.239	148.979	277.969	280.999	266.327
01:16:30	18.688	18.043	18.038	42.058	43.14	38.753	146.888	147.085	148.099	279.963	282.047	271.417
01:17:00	19.222	18.531	16.739	41.651	44.122	38.922	145.423	148.507	145.598	279.416	281.938	267.622
01:17:30	18.416	18.534	17.087	42.9	44.217	37.845	144.486	147.624	146.671	277.967	280.567	270.295
01:18:00	19.499	17.96	18.716	43.387	43.681	38.26	147.766	150.302	148.631	280.115	282.751	269.273
01:18:30	18.308	18.113	17.619	43.72	45.208	37.733	146.83	146.348	147.768	277.568	279.813	271.461
01:19:00	18.086	18.375	16.96	41.488	41.967	36.356	146.238	148.278	146.819	278.192	282.61	270.398
01:19:30	18.918	18.516	17.855	41.82	45.122	37.993	145.439	147.238	145.853	277.687	282.406	271.408
01:20:00	19.699	17.981	17.491	41.379	44.491	37.295	146.223	147.41	147.982	277.394	282.757	266.906
01:20:30	18.243	18.905	17.78	40.221	42.676	36.532	145.295	149.346	148.23	277.765	276.839	264.888
01:21:00	18.462	17.554	17.041	43.106	42.883	38.644	148.703	147.732	147.409	276.738	278.205	270.319
01:21:30	18.746	18.342	18.256	40.666	43.14	38.493	145.305	148.34	146.571	277.105	279.202	267.618
01:22:00	18.911	18.992	18.146	40.239	42.854	37.662	146.2	148.689	147.043	278.616	282.153	269.186
01:22:30	19.328	17.968	17.733	41.133	42.908	38.123	147.09	148.087	146.904	279.52	281.246	266.16
01:23:00	18.982	19.062	18.212	42.183	43.27	38.34	147.567	146.866	147.055	280.416	279.766	271.432
01:23:30	17.954	18.386	16.958	41.712	43.35	37.898	146.5	145.502	145.004	276.304	277.402	267.111
01:24:00	19.441	18.043	17.041	41.486	42.242	39.244	146.333	147.176	145.28	276.739	279.5	263.724
01:24:30	18.535	18.391	16.371	41.851	41.6	37.127	145.834	149.24	143.683	278.099	279.745	268.109
01:25:00	19.499	17.056	16.642	42.275	41.532	36.607	144.761	147.472	146.271	280.624	281.811	266.654
01:25:30	19.513	18.023	18	42.616	43.278	37.448	145.65	145.445	145.564	277.768	279.158	266.077
01:26:00	18.676	17.685	18.019	41.841	42.116	38.301	145.53	145.271	146.119	277.513	283.719	267.549
01:26:30	18.866	17.954	17.223	40.701	42.641	37.134	144.891	146.225	147.46	279.692	277.295	264.979
01:27:00	18.02	17.902	17.66	41.896	43.893	38.542	146.676	148.213	146.393	279.493	281.408	265.982
01:27:30	18.21	17.618	16.802	41.76	43.37	36.988	142.974	145.095	146.275	274.106	275.853	261.907
01:28:00	18.303	18.326	17.139	41.132	43.493	37.114	144.892	146.391	146.29	278.045	274.513	269.171
01:28:30	18.467	17.916	16.926	41.874	43.005	37.679	145.262	147.94	145.712	279.939	282.322	264.818
01:29:00	18.534	17.439	17.062	39.953	42.879	38.878	144.483	146.757	147.449	278.456	279.237	267.474
01:29:30	18.032	18.277	16.718	40.482	42.92	36.197	145.552	149.034	148.053	278.275	279.006	266.851
01:30:00	18.756	17.187	17.553	41.965	41.725	37.894	145.955	146.253	149.038	276.984	276.62	268.601
01:30:30	18.155	17.799	17.033	40.127	43.042	36.966	144.142	147.669	146.718	272.736	278.598	264.392
01:31:00	18.641	17.295	16.975	40.86	41.906	36.421	142.681	147.717	146.039	276.648	279.623	265.784
01:31:30	17.552	18.21	18.29	41.646	43.032	36.959	143.852	145.822	145.281	277.904	278.357	264.066
01:32:00	17.956	17.901	17.673	41.508	42.596	35.702	143.646	149.442	145.614	275.333	276.01	266.86
01:32:30	17.868	17.041	16.578	40.129	42.126	37.105	147.052	147.393	146.808	278.997	281.091	266.858
01:33:00	18.275	17.49	17.448	41.631	40.964	35.897	145.641	145.04	145.707	278.798	281.365	270.251
01:33:30	18.581	17.962	17.705	41.302	42.407	36.179	142.235	148.082	146.302	279.083	277.397	263.581
01:34:00	19.026	17.09	16.975	41.837	42.006	36.756	144.443	145.806	147.137	277.228	278.382	267.357
01:34:30	18.795	18.667	17.102	40.778	42.122	36.686	144.74	145.525	144.462	279.995	279.257	264.562
01:35:00	19.277	18.012	17.592	41.221	42.121	35.576	144.455	145.497	145.052	279.061	284.122	266.387
01:35:30	17.853	16.768	16.904	41.803	42.574	36.298	143.194	146.311	145.82	274.561	279.552	261.588
01:36:00	18.439	18.179	17.675	39.181	42.947	36.544	143.395	144.539	147.031	281.556	281.123	262.504
01:36:30	19.545	18.191	16.823	40.966	42.754	38.052	144.271	147.403	145.537	277.766	282.63	267.37
01:37:00	19.38	18.516	17.004	42.132	41.012	36.563	143.12	146.748	145.744	275.788	279.794	268.884
01:37:30	18.333	17.431	16.536	40.598	41.525	36.243	145.212	147.961	148.033	274.101	278.509	267.183
01:38:00	18.248	18.351	17.362	40.579	43.829	37.272	145.828	148.826	146.234	277.672	279.54	268.291
01:38:30	18.209	17.559	17.507	39.84	41.778	36.679	145.881	147.514	144.501	275.397	279.466	263.537
01:39:00	18.513	18.239	17.589	39.798	41.096	36.672	145.862	143.998	146.085	276.65	277.646	265.805
01:39:30	18.726	17.263	17.507	38.979	42.365	36.405	142.598	148.388	144.448	277.551	278.59	265.449
01:40:00	18.161	18.174	16.937	41.291	41.245	36.359	145.721	146.847	145.993	277.47	277.461	267.218
01:40:30	18.896	16.976	17.62	37.732	40.137	36.697	143.769	145.131	145.483	281.184	274.492	262.395
01:41:00	18.904	17.947	18.254	40.412	42.158	35.805	144.946	146.315	144.834	274.895	276.594	270.369
01:41:30	18.057	16.824	17.143	39.927	40.969	35.42	143.49	145.215	144.847	274.457	275.114	268.445
01:42:00	18.895	17.438	17.35	40.435	40.146	36.298	145.332	147.621	145.517	277.107	281.349	267.702
01:42:30	19.056	17.666	17.047	40.945	40.53	36.724	141.797	142.191	144.258	277.816	278.186	265.254
01:43:00	17.885	18.109	16.757	38.549	40.607	36.111	142.697	145.378	145.195	276.748	278.144	264.57
01:43:30	18.125	17.215	16.806	39.356	41.044	36.734	143.569	146.975	144.979	275.869	279.558	265.819
01:44:00	18.251	17.651	16.91	38.992	42.785	36.092	143.472	147.21	145.949	275.196	276.552	263.113
01:44:30	18.263	16.922	17.132	40.065	40.59	36.657	144.1	144.269	143.446	274.634	281.696	264.112
01:45:00	18.895	18.691	17.426	40.466	41.393	37.547	146.839	143.245	145.615	277.027	276.642	268.457
01:45:30	18.325	18.092	16.803	39.687	42.965	35.522	145.402	145.791	144.466	274.385	277.499	265.106
01:46:00	18.961	18.252	18.284	40.444	41.452	35.892	144.926	146.062	146.87	276.052	277.994	263.211
01:46:30	17.462	17.451	17.311	40.438	41.452	35.534	144.017	145.699	146.582	274.923	276.474	263.463
01:47:00	18.211	17.352	17.055	40.752	42.549	34.173	146.779	142.896	144.656	275.068	277.313	264.229
01:47:30	19.004	17.179	16.967	40.432	40.166	36.744	143.646	144.56	143.897	276.15	276.93	264.401
01:48:00	18.77	17.189	17.576	38.933	40.48	35.566	142.443	145.301	142.491	274.702	275.221	264.396
01:48:30	17.268	17.385	16.177	39.395	41.517	36	142.911	145.56	146.075	275.362	274.642	260.158
01:49:00	18.161	16.593	16.529	39.484	41.934	35.145	142.19	144.784	145.713	273.092	276.8	260.952
01:49:30	19.035	18.245	16.994	40.406	41.119	34.565	143.309	144.946	144.44	275.907	275.255	262.923
01:50:00	17.917	17.581	16.75	40.559	41.669	35.606	143.011	145.492	143.475	275.8	276.669	262.637
01:50:30	18.877	17.755	17.269	39.467	40.576	34.494	143.391	145.183	143.849	273.292	275.622	264.958
01:51:00	18.768	17.105	16.427	38.874	41.525	35.126	144.545	145.127	145.786	274.645	277.395	262.744
01:51:30	17.963	18.196	15.971	40.099	40.934	36.404	144.562	146.364	145.185	274.966	275.95	264.426
01:52:00	18.543	17.561	17.254	39.18	41.212	35.894	145.102	144.644	146.193	272.449	274.918	267.604
01:52:30	18.539	17.768	17.225	40.547	42.282	34.264	145.121	144.254	145.632	274.879	277.802	262.535
01:53:00	19.626	16.559	16.885	38.811	41.516	35.837	143.973	147.361	144.999	276.704	279.641	264.746
01:53:30	18.4	17.84	16.921	40.121	40.128	35.118	143.049	146.217	143.057	277.039	276.664	264.426
01:54:00	18.102	17.341	17.101	38.073	40.765	36.247	144.808	147.053	144.448	272.851	278.379	262.382
01:54:30	18.153	18.284	17.896	38.529	41.554	34.455	141.44	142.939	147.061	273.565	273.036	265.408
01:55:00	18.841	17.615	17.302	39.242	38.777	36.141	144.62	141.63	144.002	275.061	277.614	263.422
01:55:30	17.287	17.463	17.157	37.035	40.405	33.168	146.902	145.541	143.275	271.377	273.336	266.743
01:56:00	18.274	17.698	16.967	39.677	39.919	35.711	143.932	144.54	143.054	274.735	273.187	260.445
01:56:30	18.532	18.159	17.407	41.085	40.224	35.436	142.326	147.266	144.694	276.321	279.309	264.588
01:57:00	18.131	18.345	17.052	39.435	39.477	35.619	145.377	143.41	143.697	276.139	275.4	265.837
01:57:30	18.281	17.223	17.767	37.898	40.426	36.738	142.935	144.841	144.745	273.633	276.839	263.959
01:58:00	17.826	17.635	17.487	40.197	41.605	36.715	142.145	143.579	144.14	275.051	273.897	261.192
01:58:30	17.927	17.576	16.874	38.308	39.937	35.221	140.549	145.167	146.155	273.522	274.733	264.585
01:59:00	18.078	17.938	17.09	38.709	40.601	34.497	147.255	147.58	142.134	273.268	278.583	262.943
01:59:30	18.974	17.374	17.669	38.367	39.882	35.186	141.828	144.613	142.583	270.077	274.413	262.969
02:00:00	18.247	17.766	17.134	39.449	40.984	34.496	143.955	145.592	142.517	272.772	274.186	262.047