Time	25_1	25_2	25_3	50_1	50_2	50_3	100_1	100_2	100_3	150_1	150_2	150_3
00:00:00	87.258	76.215	71.212	129.656	130.325	130.897	266.234	260.466	260.954	378.154	372.045	368.236
00:00:30	85.281	78.712	77.696	126.558	125.465	125.663	253.015	248.525	248.159	362.46	359.162	359.756
00:01:00	78.73	72.504	70.868	118.238	122.511	120.861	244.651	244.299	241.173	352.975	349.585	347.932
00:01:30	71.724	66.791	64.011	114.799	117.885	115.995	236.523	233.713	235.591	341.2	330.928	334.703
00:02:00	66.376	61.072	60.515	112.836	112.509	112.149	236.549	224.408	226.833	333.188	323.96	326.753
00:02:30	58.905	55.198	57.732	108.951	110.302	110.029	228.954	220.05	222.443	323.739	318.667	318.682
00:03:00	54.599	54.419	56.905	104.54	107.395	105.454	226.398	211.043	213.045	321.304	315.889	315.336
00:03:30	52.486	52.391	53.931	104.417	101.578	102.099	215.757	205.656	212.595	322.673	312.936	311.266
00:04:00	51.191	48.343	53.061	99.888	100.278	99.33	214.703	199.479	208.553	315.553	309.782	312.731
00:04:30	48.623	48.865	49.939	96.677	95.706	98.116	211.042	194.611	197.986	315.481	311.005	309.317
00:05:00	46.802	46.63	49.994	90.434	93.218	95.901	212.863	192.659	193.319	311.762	302.997	306.554
00:05:30	46.051	44.95	46.949	90.218	90.81	95.72	202.426	188.303	187.696	311.143	302.178	305.204
00:06:00	42.771	44.531	47.628	88.409	88.203	92.635	202.824	187.346	182.665	306.907	304.603	303.705
00:06:30	42.554	41.992	45.324	85.886	86.919	90.723	199.888	184.9	182.876	305.6	297.205	299.691
00:07:00	40.286	41.599	43.611	83.44	86.051	89.026	199.514	183.231	179.574	305.484	298.225	301.224
00:07:30	41.626	40.755	44.054	83.178	83.899	88.404	197.026	179.889	179.694	301.148	298.692	298.476
00:08:00	38.328	38.67	41.438	83.453	82.906	85.535	194.069	176.74	175.397	300.119	295.918	297.505
00:08:30	36.989	39.079	40.036	80.528	80.788	84.646	190.516	178.527	172.786	300.25	294.011	295.519
00:09:00	37.319	37.965	38.812	78.282	82.463	82.277	186.737	174.994	170.746	297.925	290.491	292.725
00:09:30	35.442	37.488	37.981	76.379	81.137	83.282	185.462	177.336	169.68	300.808	293.224	292.693
00:10:00	34.266	35.721	36.469	75.758	80.061	82.762	181.388	174.519	168.083	297.128	292.912	287.335
00:10:30	34.837	35.29	38.635	76.601	78.97	81.156	181.594	171.984	170.075	297.431	290.865	292.594
00:11:00	32.023	34.902	35.046	77.252	75.602	82.434	180.925	170.613	167.469	296.429	290.309	288.684
00:11:30	32.472	33.152	35.035	74.595	75.717	78.435	178.59	169.973	166.191	297.021	296.045	290.606
00:12:00	32.311	33.565	34.75	74.926	76.836	78.564	176.455	171.653	161.994	295.325	289.888	288.396
00:12:30	29.711	32.871	33.755	73.509	74.69	79.001	173.133	170.793	162.77	296.438	287.425	285.714
00:13:00	29.619	33.148	32.097	71.706	74.578	76.448	173.288	171.671	163.286	297.2	290.181	287.878
00:13:30	29.748	31.594	31.267	71.278	75.079	75.959	176.635	167.99	161.302	297.237	287.241	292.46
00:14:00	29.357	32.44	30.423	72.132	73.711	75.441	169.485	168.751	165.202	293.36	286.193	286.219
00:14:30	29.019	30.855	30.35	70.562	72.878	73.525	171.398	167.14	164.194	295.539	290.488	284.616
00:15:00	29.476	31.252	29.378	70.813	68.642	74.098	170.45	165.319	159.386	290.943	285.365	289.03
00:15:30	27.548	30.092	29.634	69.411	71.048	73.008	167.59	167.163	159.025	294.903	286.496	284.664
00:16:00	27.293	29.921	28.76	68.93	70.582	71.169	166.645	164.992	158.822	289.121	282.967	284.186
00:16:30	27.834	30.917	28.674	69.282	69.7	70.136	169.275	166.033	159.909	291.463	281.964	283.29
00:17:00	26.38	29.573	27.688	67.188	68.848	70.529	168.311	164.839	157.105	291.454	286.943	283.448
00:17:30	26.498	28.917	27.497	68.305	66.796	69.085	167.386	164.868	158.24	289.51	284.175	285.996
00:18:00	25.893	27.776	26.475	67.339	65.606	68.359	164.223	162.284	154.403	292.368	280.816	284.88
00:18:30	25.354	27.545	26.303	65.456	67.772	67.934	164.513	163.607	152.761	290.121	282.84	280.337
00:19:00	24.964	27.622	25.604	66.872	66.328	70.297	165.411	162.996	156.019	292.919	288.103	284.137
00:19:30	25.356	27.185	24.855	64.617	65.201	67.396	164.64	161.202	156.864	291.016	282.488	285.098
00:20:00	25.216	25.98	25.19	65.057	65.034	68.218	166.693	160.523	158.471	291.862	285.068	281.507
00:20:30	23.486	27.485	23.351	64.09	65	65.879	160.906	160.495	153.452	287.486	278.67	279.254
00:21:00	24.229	26.327	24.438	64.112	64.693	66.409	164.471	160.657	154.882	288.465	281.826	280.789
00:21:30	22.949	25.592	24.802	63.448	63.364	67.232	163.418	160.185	155.739	286.566	279.346	282.522
00:22:00	24.409	25.561	24.228	65.939	62.731	68.025	160.016	160.723	155.191	287.257	280.697	279.87
00:22:30	24.203	25.897	23.306	62.981	62.909	66.575	163.033	159.228	153.086	287.734	282.875	279.33
00:23:00	23.84	25.21	23.144	64.15	61.288	66.225	160.239	161.192	156.251	287.687	278.617	279.45
00:23:30	22.79	24.999	22.808	62.245	60.56	64.42	160.795	158.679	151.668	286.259	277.164	278.37
00:24:00	21.289	24.885	22.158	62.675	60.319	64.568	162.112	160.766	152.252	289.464	283.2	281.184
00:24:30	22.247	25.669	22.721	63.422	61.204	63.984	162.053	157.917	151.385	283.769	278.325	280.915
00:25:00	22.532	24.609	22.368	60.511	59.958	64.726	159.682	158.737	152.854	279.931	277.039	277.707
00:25:30	22.132	24.617	22.41	62.085	59.363	62.955	161.675	157	152.49	283.586	280.713	280.565
00:26:00	21.808	23.797	21.755	60.309	60.108	63.579	159.24	157.861	150.396	281.997	279.462	274.129
00:26:30	22.012	24.606	20.943	60.06	61.801	63.109	157.376	160.692	150.278	282.451	282.239	277.223
00:27:00	21.467	23.862	21.814	59.395	60.228	63.252	155.222	156.411	148.873	284.031	277.121	279.069
00:27:30	20.933	23.459	20.714	59.543	62.159	62.663	158.656	156.949	150.571	286.537	278.499	275.972
00:28:00	21.529	22.948	20.314	58.85	60.771	61.795	160.869	157.529	150.31	282.244	276.182	281.983
00:28:30	20.895	23.166	21.593	57.335	58.277	62.6	159.561	158.09	149.414	283.524	277.67	277.86
00:29:00	19.724	23.671	21.638	57.967	58.467	60.705	159.152	155.434	148.929	282.044	279.059	277.354
00:29:30	20.818	21.888	20.434	59.047	57.517	62.454	155.783	155.901	149.794	281.549	275.226	278.006
00:30:00	20.035	23.597	20.036	58.945	56.907	63.179	157.435	154.883	147.987	277.815	279.662	271.005
00:30:30	20.777	22.325	20.227	57.866	58.817	61.598	161.616	157.443	148.929	284.984	277.699	280.698
00:31:00	19.629	22.027	20.736	56.133	59.209	58.388	162.105	157.757	147.031	279.611	277.038	275.979
00:31:30	20.977	21.614	20.323	56.132	59.809	60.07	157.14	156.79	147.93	283.013	278.64	276.604
00:32:00	20.01	21.555	20.43	55.407	58.082	60.647	156.882	153.681	146.863	285.563	274.722	279.677
00:32:30	20.356	21.918	19.417	55.61	57.439	60.597	156.078	155.011	145.835	276.768	274.826	274.763
00:33:00	18.759	21.772	18.858	56.351	57.701	59.783	155.545	154.99	150.796	282.461	277.319	277.03
00:33:30	19.322	22.253	19.316	56.877	57.162	59.978	157.325	154.252	151.629	286.358	276.387	277.98
00:34:00	18.565	21.717	18.647	55.586	54.509	59.221	154.867	153.356	147.694	279.85	278.101	276.291
00:34:30	19.079	22.138	18.675	54.751	56.844	58.503	156.903	156.099	147.957	279.732	277.047	272.946
00:35:00	19.623	21.303	18.828	54.466	57.582	59.546	157.029	154.526	145.771	281.697	279.626	277.62
00:35:30	19.428	21.178	19.175	52.986	56.579	59.443	157.824	154.205	149.815	282.089	275.166	276.791
00:36:00	19.546	20.994	18.859	52.904	56.064	58.042	156.264	154.471	147.468	280.245	275.053	269.46
00:36:30	18.596	21.38	19.53	53.568	56.005	59.319	157.232	156.626	148.812	282.015	273.619	274.143
00:37:00	19.415	21.161	20.196	53.207	57.481	57.491	156.384	154.145	146.472	280.371	276.96	278.039
00:37:30	20.278	19.802	19.334	51.443	55.922	57.857	153.815	153.876	148.354	283.31	277.052	272.86
00:38:00	19.359	20.17	19.547	53.027	55.119	58.175	154.683	152.42	146.989	284.161	275.5	275.776
00:38:30	19.033	20.732	18.431	52.548	56.57	56.584	157.188	153.85	147.182	282.113	273.528	273.627
00:39:00	17.98	20.698	18.643	52.322	54.744	57.176	154.943	153.928	146.029	285.406	273.152	273.664
00:39:30	18.905	20.766	18.419	51.844	56.142	57.012	154.896	151.919	144.105	277.372	273.085	274.655
00:40:00	18.904	20.695	18.857	51.438	55.367	56.068	155.099	150.909	146.861	281.932	280.106	271.215
00:40:30	19.065	20.986	18.331	52.307	54.475	58.566	156.042	153.489	146.276	280.007	276.414	273.379
00:41:00	19.154	20.742	17.976	52.991	54.506	56.216	155.089	155.565	144.594	280.695	272.805	274.934
00:41:30	18.506	19.546	18.369	51.288	54.852	58.197	153.806	152.166	145.524	276.317	274.659	273.662
00:42:00	19.406	21.453	18.311	51.512	53.246	57.736	155.13	151.965	147.368	282.269	276.175	271.948
00:42:30	18.744	19.911	18.545	49.923	53.699	55.599	155.801	153.135	146.554	281.654	276.443	274.837
00:43:00	18.162	20.055	18.269	50.381	53.316	55.522	157.517	148.31	141.251	278.668	273.84	270.731
00:43:30	18.65	20.013	17.555	53.39	53.19	55.342	152.611	151.425	145.361	283.356	273.253	272.382
00:44:00	17.957	19.612	18.495	52.557	53.746	55.818	154.008	153.39	145.685	279.56	274.326	276.255
00:44:30	18.197	19.514	17.833	50.568	52.121	55.817	157.644	151.393	144.991	279.255	275.044	277.719
00:45:00	18.181	20.824	18.154	50.357	51.537	56.56	154.536	152.462	145.263	277.369	270.955	272.29
00:45:30	17.137	21.146	18.323	50.082	54.587	57.06	154.253	153.849	144.92	281.616	273.253	270.281
00:46:00	18.151	20.366	18.68	49.739	54.239	55.562	153.527	152.726	142.664	275.976	274.394	271.72
00:46:30	18.439	19.398	17.558	51.252	52.246	55.522	154.781	151.406	146.776	279.569	274.279	275.416
00:47:00	17.106	19.506	17.334	50.967	53.215	53.839	152.33	152.133	144.797	277.056	274.617	273.152
00:47:30	18.102	19.685	18.271	50.702	53.857	54.291	153.905	151.327	144.721	281.139	272.308	269.154
00:48:00	17.649	19.309	17.996	50.516	55.447	54.186	152.172	151.492	144.236	280.826	276.073	267.364
00:48:30	18.01	19.338	18.115	50.374	51.972	53.755	153.04	150.417	144.05	275.14	272.411	271.912
00:49:00	17.331	19.501	17.658	49.373	50.552	54.875	152.221	154	142.038	281.765	275.112	275.717
00:49:30	16.9	18.901	18.105	49.022	52.997	54.475	150.707	151.829	145.445	278.989	276.548	273.67
00:50:00	17.089	19.564	18.037	51.189	52.062	53.947	152.319	151.681	146.164	280.359	271.301	271.198
00:50:30	17.298	19.294	17.362	47.978	51.942	54.354	152.903	150.789	146.394	282.66	274.226	271.256
00:51:00	16.111	19.174	18.175	48.124	51.319	55.61	151.045	149.823	142.37	279.336	269.806	268.472
00:51:30	18.053	18.936	18.264	48.051	51.856	52.924	150.196	151.389	146.412	276.826	271.967	272.383
00:52:00	18.413	17.871	17.788	47.413	49.42	52.607	148.881	148.612	141.233	278.216	271.479	269.029
00:52:30	16.909	19.704	16.646	50.095	50.574	52.894	151.749	151.629	145.662	274.963	272.394	270.75
00:53:00	18.489	18.934	18.189	49.279	51.672	53.328	151.282	150.184	140.34	275.724	269.637	268.711
00:53:30	17.036	19.192	16.531	49.148	49.674	53.638	152.937	151.127	144.953	272.251	271.887	268.473
00:54:00	17.423	18.452	17.37	48.824	50.678	52.986	150.721	149.923	142.649	274.486	273.888	266.805
00:54:30	17.79	19.768	17.865	47.8	50.212	51.421	151.176	148.542	142.298	276.151	268.958	270.499
00:55:00	16.662	19.785	16.832	48.722	48.995	53.616	152.658	151.43	142.489	278.824	273.646	273.209
00:55:30	17.505	18.825	18.345	46.6	52.035	54.438	152.78	147.548	140.88	277.055	272.311	271.867
00:56:00	17.116	18.337	18.251	48.475	51.147	52.903	152.571	149.898	142.149	276.82	270.346	269.935
00:56:30	17.813	17.654	16.335	47.821	51.074	52.923	151.968	149.438	141.89	281.12	271.876	269.799
00:57:00	16.796	19.692	18.602	47.314	50.781	53.15	150.177	148.608	142.129	278.626	268.268	268.912
00:57:30	17.431	18.573	17.464	47.058	51.928	51.212	152.192	147.617	144.053	275.954	273.525	267.499
00:58:00	17.823	19.063	18.414	48.588	51.709	52.954	151.684	154.172	143.455	273.724	273.796	272.479
00:58:30	16.139	19.029	17.565	47.59	51.534	52.281	148.004	149.295	142.562	276.949	269.772	266.393
00:59:00	17.251	18.551	16.723	48.2	51.309	52.815	151.676	151.438	142.162	274.34	270.368	267.114
00:59:30	16.944	16.988	16.932	47.383	49.108	53.21	152.12	148.561	142.513	276.429	269.221	269.255
01:00:00	16.817	17.724	17.623	48.66	49.42	52.478	151.678	148.374	143.464	274.069	267.758	269.059
01:00:30	17.274	17.839	16.732	46.77	51.748	52.359	152.506	149.316	140.213	275.557	270.407	268.188
01:01:00	17.27	19.06	16.384	46.291	49.434	51.312	150.073	148.69	141.674	275.471	270.019	268.821
01:01:30	16.772	18.141	16.779	49.038	49.149	51.71	152.751	148.985	141.336	274.544	271.673	268.062
01:02:00	16.576	19.132	17.124	46.076	50.174	50.837	149.426	149.633	141.202	275.657	273.667	268.116
01:02:30	16.534	18.03	17.383	48.197	50.27	51.594	149.452	149.711	143.411	276.812	268.746	269.303
01:03:00	17.177	19.031	17.421	46.599	50.237	50.082	152.394	150.712	142.84	272.927	270.657	268.487
01:03:30	16.36	17.823	17.315	45.677	48.981	51.78	150.312	148.681	144.251	272.561	271.596	266.062
01:04:00	16.77	18.201	17.5	47.132	46.577	51.532	152.059	146.709	140.516	272.62	266.402	265.359
01:04:30	17.661	18.133	17.036	46.979	48.818	54.151	147.279	147.616	140.237	277.468	267.255	267.735
01:05:00	16.32	18.732	17.424	46.124	50.35	51.311	150.305	150.732	142.505	276	271.737	269.422
01:05:30	16.917	18.097	16.44	45.351	48.378	52.131	149.673	150.106	142.401	272.023	269.247	265.53
01:06:00	16.582	17.772	17.372	46.298	50.089	51.793	150.019	148.304	143.265	274.069	264.703	265.277
01:06:30	16.793	18.245	16.945	46.981	47.31	49.912	149.233	147.209	139.53	272.394	266.247	265.523
01:07:00	16.624	17.946	17.359	47.456	48.733	52.583	149.983	146.118	139.817	276.394	272.564	268.064
01:07:30	16.26	17.25	16.73	47.082	49.043	49.425	150.722	149.729	142.757	273.107	272.129	266.724
01:08:00	17.333	18.2	17.672	46.077	48.495	49.803	151.367	150.76	141.75	276.96	268.086	272.557
01:08:30	17.283	17.542	16.703	46.503	48.753	50.567	147.084	148.808	141.265	271.906	268.245	265.752
01:09:00	16.944	18.079	16.822	46.092	48.617	49.755	147.988	149.204	142.69	273.434	269.57	265.319
01:09:30	16.568	18.796	17.11	46.404	50.347	50.89	149.2	146.854	142.359	275.006	268.243	268.791
01:10:00	15.81	17.789	17.13	45.415	49.386	50.73	145.786	149.031	142.592	274.881	265.641	266.182
01:10:30	16.534	18.073	16.756	45.032	48.37	49.926	148.825	147.005	142.129	275.018	265.918	263.926
01:11:00	17.345	18.141	16.637	46.481	47.814	49.712	149.481	148.386	139.667	273.866	269.783	265.29
01:11:30	16.934	17.755	17.407	45.034	48.362	48.655	153.129	150.405	142.792	273.099	268.305	272.777
01:12:00	17.391	18.508	16.548	45.598	47.589	48.822	148.249	148.496	140.062	273.873	271.216	269.11
01:12:30	16.81	17.516	17.412	44.154	47.663	50.246	148.674	146.698	140.702	273.606	267.267	266.35
01:13:00	16.728	17.079	17.295	45.533	47.394	50.054	148.145	147.587	142.04	273.754	271.587	269.894
01:13:30	16.223	18.076	17.184	44.184	48.463	50.811	149.708	149.642	140.084	274.323	272.594	272.343
01:14:00	16.886	17.472	17.313	46.587	47.722	49.344	147.723	146.517	138.997	276.274	265.948	266.886
01:14:30	15.509	16.776	16.998	46.681	48.783	48.451	148.786	147.067	139.308	271.689	266.954	264.94
01:15:00	15.73	17.828	16.16	45.582	48.035	49.135	147.542	145.049	140.931	274.43	268.61	262.806
01:15:30	16.723	18.024	16.267	46.414	45.668	49.213	148.344	146.797	140.506	271.505	269.066	265.75
01:16:00	16.887	17.312	16.583	45.859	48.018	50.332	148.244	147.42	140.038	270.022	264.971	266.261
01:16:30	16.662	17.738	16.438	44.793	47.978	48.136	147.673	147.433	141.951	272.148	267.248	267.313
01:17:00	16.521	18.05	16.131	45.187	46.487	48.107	149.696	151.02	140.858	269.585	268.031	266.574
01:17:30	16.797	17.918	16.427	44.728	47.226	48.803	149.428	147.105	140.212	276.218	269.264	264.975
01:18:00	15.897	18.267	17.522	45.091	46.135	50.099	147.334	148.32	141.143	273.042	269.409	264.357
01:18:30	15.784	18.305	17.213	43.854	47.952	48.451	148.899	148.142	138.901	272.377	264.028	267.032
01:19:00	16.4	17.92	17.76	43.957	48.044	48.241	150.254	145.852	139.879	272.679	268.156	266.876
01:19:30	16.819	17.36	17.364	43.179	46.187	48.196	148.395	146.78	142.179	274.435	265.58	263.461
01:20:00	16.754	18.233	17.081	45.174	48.285	49.554	149.385	147.106	141.34	274.76	267.559	264.889
01:20:30	16.74	18.169	16.621	45.725	46.634	48.886	146.01	147.238	140.101	272.226	267.464	267.039
01:21:00	15.537	17.582	16.404	45.419	46.618	47.964	147.8	146.203	141.78	275.723	266.318	265.372
01:21:30	16.493	17.455	16.913	44.973	46.71	48.865	146.743	147.076	139.363	269.589	267.413	266.26
01:22:00	16.752	18.077	16.588	45.461	47.618	48.492	146.355	145.78	140.936	271.865	267.106	265.195
01:22:30	17.322	17.568	17.252	43.089	46.782	50.072	147.865	148.396	139.502	272.496	266.413	266.114
01:23:00	17.037	17.85	16.582	44.395	47.289	49.787	148.492	148.406	140.799	274.54	269.758	265.137
01:23:30	16.889	17.551	16.144	44.012	47.847	48.081	148.349	147.344	142.255	272.591	265.652	266.283
01:24:00	16.962	17.534	16.323	44.229	45.744	49.624	147.914	146.015	139.675	274.279	266.595	262.014
01:24:30	16.038	17.71	17.065	44.749	44.578	47.183	147.283	144.206	139.23	274.896	270.701	262.068
01:25:00	15.954	16.764	16.466	44.433	47.016	47.553	149.168	146.974	140.912	270.175	268.39	262.901
01:25:30	16.469	17.07	16.775	44.17	47.175	47.414	148.816	145.933	138.687	271.525	265.3	262.212
01:26:00	16.127	17.124	17.003	43.602	47.672	47.694	146.959	148.268	140.617	270.095	268.165	268.83
01:26:30	17.008	17.748	17.537	44.981	44.69	48.652	147.233	146.525	138.415	273.001	264.18	264.732
01:27:00	15.95	16.903	17.164	44.585	45.051	49.342	148.118	146.285	140.844	277.6	271.024	267.386
01:27:30	16.867	17.287	16.594	43.284	46.414	48.849	143.891	146.822	138.739	271.393	265.353	265.514
01:28:00	16.756	17.767	17.9	43.435	47.402	48.717	147.972	145.831	138.726	273.196	268.291	263.405
01:28:30	16.563	17.982	17.625	44.805	45.049	47.904	149.261	147.438	138.356	272.82	270.188	265.109
01:29:00	16.033	18.6	17.423	44.935	46.31	47.702	147.66	146.685	139.874	273.969	267.381	263.747
01:29:30	15.651	17.953	16.683	43.722	47.395	45.936	146.17	148.439	140.595	273.865	267.568	260.792
01:30:00	17.148	17.138	17.171	43.415	46.621	47.127	146.776	144.872	140.626	271.651	264.534	261.298
01:30:30	16.516	16.847	16.93	43.022	44.881	47.691	151.399	143.613	138.049	272.634	264.077	262.642
01:31:00	15.742	17.09	16.534	43.136	45.387	48.136	148.919	147.282	140.912	270.021	265.53	265.164
01:31:30	16.745	17.739	17.38	42.426	46.204	47.28	148.436	146.407	137.46	265.992	264.396	262.688
01:32:00	17.347	17.257	15.808	43.01	45.149	46.801	146.821	147.969	140.023	270.801	265.224	260.784
01:32:30	16.667	17.804	17.207	44.305	46.429	46.525	146.717	147.362	137.407	272.001	266.275	264.107
01:33:00	15.143	18.092	15.662	44.947	45.927	47.224	145.854	144.422	139.086	273.727	263.388	264.553
01:33:30	16.569	18.4	16.387	44.234	45.933	47.924	143.571	144.051	138.577	267.146	266.329	261.223
01:34:00	16.547	18.167	16.651	43.615	45.512	48.363	145.215	146.314	139.27	268.127	266.566	265.682
01:34:30	16.223	18.031	15.923	44.369	46.018	47.722	146.495	146.77	139.875	271.122	264.677	265.397
01:35:00	16.116	18.185	15.802	43.523	45.26	48.61	146.458	148.318	139.437	272.164	268.119	264.158
01:35:30	16.292	17.531	16.963	44.926	45.408	48.016	148.485	146.709	138.787	270.325	266.947	264.564
01:36:00	16.625	17.312	16.654	43.573	44.79	47.626	146.132	146.238	137.623	270.565	266.961	266.369
01:36:30	16.769	17.417	16.395	44.707	45.978	48.407	147.504	144.459	139.715	267.929	263.64	264.167
01:37:00	16.919	16.868	16.319	44.297	46.109	48.248	146.713	143.985	138.78	269.864	265.956	263.667
01:37:30	16.851	17.431	17.029	44.857	47.035	47.77	147.34	145.038	138.462	272.395	268.898	264.34
01:38:00	16.952	17.295	17.087	42.378	45.27	47.18	146.971	146.285	139.051	268.025	266.193	261.404
01:38:30	15.844	17.164	16.63	42.869	45.691	48.245	146.599	146.731	138.764	267.273	262.562	260.172
01:39:00	16.177	17.525	16.147	44.157	45.922	46.783	145.622	145.733	140.565	270.089	263.608	264.353
01:39:30	16.509	17.253	16.219	43.895	44.146	46.171	141.884	143.873	136.717	266.06	262.047	262.209
01:40:00	17.418	17.889	17.117	43.359	45.004	46.62	145.873	147.453	136.944	271.247	266.215	261.093
01:40:30	16.391	18.085	17.7	42.775	45.511	48.025	145.861	145.292	139.738	270.629	268.609	264.346
01:41:00	16.127	17.159	17.037	42.296	45.172	46.67	149.06	146.172	141.372	270.21	265.323	264.337
01:41:30	17.312	17.149	16.782	42.539	45.049	46.194	145.883	147.249	139.112	269.465	265.86	258.923
01:42:00	16.353	15.916	17.071	42.341	46.725	46.328	146.909	146.118	138.987	268.724	264.729	262.825
01:42:30	17.514	17.298	16.776	44.364	46.576	46.452	145.922	146.529	139.008	272.096	263.099	260.283
01:43:00	16.432	18.091	16.59	42.772	45.795	46.144	146.705	143.969	137.311	268.805	259.413	259.136
01:43:30	16.012	16.991	16.42	43.154	45.288	46.918	147.391	149.782	138.684	270.029	261.898	263.628
01:44:00	15.956	18.086	16.139	43.305	43.901	47.206	145.625	143.884	136.574	271.187	265.273	260.061
01:44:30	16.403	16.436	15.946	42.28	46.319	46.813	146.45	145.274	136.69	271.84	265.629	260.076
01:45:00	15.86	16.084	16.819	42.982	45.259	46.533	144.472	144.124	136.509	268.363	263.027	261.119
01:45:30	16.357	16.988	16.062	43.004	44.392	47.471	146.86	145.736	140.346	268.7	267.046	261.508
01:46:00	16.651	18.219	16.384	41.907	44.383	45.974	145.623	145.417	137.474	269.706	265.108	264.891
01:46:30	15.817	17.091	17.267	42.179	44.081	46.691	145.679	144.497	138.196	268.5	263.099	260.133
01:47:00	17.386	17.535	17.294	42.392	45.08	45.426	146.444	145.467	138.005	271.286	262.656	263.063
01:47:30	16.053	17.491	16.99	42.862	44.304	45.33	145.919	147.037	139.123	269.052	266.801	260.939
01:48:00	16.488	17.099	15.882	41.84	45.324	46.651	147.591	144.993	135.566	270.402	265.512	260.157
01:48:30	16.999	16.443	16.827	44.106	44.817	45.889	144.906	143.308	135.05	270.533	266.012	257.897
01:49:00	16.433	17.739	16.963	41.19	43.861	44.797	145.832	141.807	135.731	266.798	264.087	261.871
01:49:30	15.685	17.987	17.712	42.956	41.981	46.471	145.408	144.227	137.264	270.632	262.365	263.895
01:50:00	16.434	16.682	16.43	41.376	43.402	45.843	144.075	143.711	136.512	273.354	263.549	259.45
01:50:30	15.856	16.983	16.836	42.695	45.701	46.608	145.224	145.622	140.026	265.616	264.453	258.914
01:51:00	15.913	18.341	16.336	40.574	45.155	46.316	145.677	142.453	137.345	271.467	262.391	260.727
01:51:30	16.538	17.367	17.401	42.008	41.834	46.659	147.276	147.357	138.425	270.327	261.285	265.534
01:52:00	16.214	17.268	16.249	40.951	44.544	45.338	143.526	145.607	139.354	270.097	263.781	261.149
01:52:30	16.392	16.723	17.842	43.258	44.388	46.245	146.247	144.929	139.366	268.657	262.139	261.966
01:53:00	16.209	16.911	17.016	42.545	45.143	46.451	145.036	146.125	139.599	267.136	266.043	262.517
01:53:30	15.404	17.401	16.437	42.432	44.044	46.768	144.233	145.029	140.59	265.87	264.874	263.49
01:54:00	16.224	17.301	17.094	42.06	43.981	44.725	146.216	144.507	137.528	270.789	262.642	261.616
01:54:30	16.008	16.723	16.993	42.492	43.972	47.495	145.274	144.614	137.721	269.905	265.662	259.26
01:55:00	16.655	17.412	17.471	42.652	43.99	45.798	145.64	142.648	140.051	268.199	263.555	260.411
01:55:30	17.197	16.737	17.055	41.613	43.226	45.278	145.823	144.274	140.017	268.438	264.015	259.118
01:56:00	16.803	17.392	16.05	42.774	44.535	46.607	145.429	144.21	137.946	268.371	263.648	258.923
01:56:30	16.858	17.388	17.083	41.553	43.768	43.681	147.485	145.096	135.612	264.659	260.397	261.868
01:57:00	16.498	17.3	17.974	42.235	43.937	45.051	145.887	144.948	137.239	270.05	261.755	262.632
01:57:30	16.437	17.348	17.132	42.324	43.475	44.172	145.352	143.726	138.123	267.636	263.601	263.176
01:58:00	16.597	17.722	17.527	40.758	44.457	46.763	145.064	145.519	137.377	269.458	260.571	257.136
01:58:30	17.113	17.264	16.286	41.283	43.974	45.855	146.603	144.611	136.236	269.632	263.618	260.067
01:59:00	16.202	17.23	17.122	41.852	43.511	43.598	146.036	144.225	138.49	268.259	258.141	261.769
01:59:30	16.279	17.676	16.638	42.767	42.877	45.747	144.23	145.403	136.512	266.014	263.87	259.146
02:00:00	16.102	17.612	16.834	42.82	42.721	44.819	145.232	145.225	138.364	269.606	262.147	263.18