Time	25_1	25_2	25_3	50_1	50_2	50_3	100_1	100_2	100_3	150_1	150_2	150_3
00:00:00	74.58	67.575	66.846	132.525	129.684	127.591	250.002	251.707	247.544	358.618	361.712	349.195
00:00:30	77.303	72.405	65.961	125.975	123.435	122.48	239.252	249.122	242.236	355.091	345.373	345.815
00:01:00	67.541	64.442	62.505	120.112	117.063	115.957	230.934	238.876	229.917	342.087	331.699	332.972
00:01:30	59.827	58.234	56.762	113.873	113.374	112.76	228.517	229.779	223.935	334.571	328.725	324.305
00:02:00	56.166	53.85	56.47	109.463	108.166	109.438	219.685	222.477	209.774	326.086	312.471	311.597
00:02:30	51.633	50.352	54.275	104.832	104.245	103.23	215.241	213.408	206.838	321.549	309.57	311.445
00:03:00	49.771	49.92	52.182	102.281	100.708	100.006	207.241	205.871	199.267	316.707	308.388	310.161
00:03:30	49.198	48.258	52.747	100.294	94.461	96.095	200.788	197.663	193.917	309.925	303.005	306.206
00:04:00	44.787	44.539	49.133	97.05	96.269	91.772	192.904	190.886	183.629	306.422	304.336	296.483
00:04:30	43.761	45.002	46.987	92.427	92.936	89.904	185.852	191.078	185.571	304.579	298.017	299.489
00:05:00	41.177	42.267	44.196	87.689	85.984	86.736	179.176	188.671	178.933	305.354	293.837	294.212
00:05:30	41.443	42.021	43.079	87.988	89.652	84.429	179.468	185.408	174.832	302.213	294.316	296.629
00:06:00	40.16	39.696	41.982	84.167	85.208	82.262	177.409	183.787	173.838	298.704	291.318	288.46
00:06:30	37.975	39.235	39.921	84.811	82.895	82.94	173.892	183.186	173.323	296.776	294.666	291.617
00:07:00	36.443	37.703	39.473	81.928	82.073	77.905	171.14	178.069	167.371	297.451	289.912	287.57
00:07:30	35.757	35.922	36.991	80.73	78.281	78.719	170.707	173.305	166.114	291.467	283.761	283.99
00:08:00	34.998	34.442	38.47	80.284	78.808	75.455	168.181	175.619	167.508	294.086	285.397	286.309
00:08:30	34.18	35.023	34.835	77.68	77.317	77.304	165.314	171.897	161.66	294.434	290.542	286.366
00:09:00	33.259	34.099	35.575	75.277	76.893	72.255	163.398	170.454	162.045	291.879	283.25	283.066
00:09:30	32.31	33.628	33.871	75.987	73.869	73.258	161.657	169.459	164.046	289.007	281.79	285.539
00:10:00	30.372	31.441	32.645	74.676	76.806	70.995	162.776	169.978	162.159	285.872	283.207	283.609
00:10:30	29.938	30.13	33.711	73.661	73.35	70.453	162.146	171.306	156.723	289.973	281.667	284.476
00:11:00	29.738	30.856	34.025	72.903	70.852	72.161	159.624	165.719	157.847	288.274	281.769	280.686
00:11:30	29.865	29.382	30.684	70.837	73.023	67.857	157.713	166.564	159.942	286.644	275.798	276.016
00:12:00	28.396	30.764	31.828	72.143	70.463	68.009	157.555	164.527	155.273	286.324	281.445	277.342
00:12:30	27.145	29.704	30.826	68.936	69.9	65.282	156.877	168.373	154.918	288.222	277.195	274.256
00:13:00	27.702	28.522	30.074	69.152	66.173	67.205	156.672	162.453	154.336	285.723	280.412	278.21
00:13:30	27.14	26.803	28.959	66.967	69.476	63.843	154.638	168.427	157.197	282.521	276.145	278.154
00:14:00	26.173	28.313	30.156	65.887	66.579	67.1	158.084	163.962	154.955	283.582	278.453	280.955
00:14:30	25.973	28.025	30.224	66.864	67.71	64.042	156.265	162.353	151.46	283.607	276.906	272.585
00:15:00	25.25	27.572	27.92	64.359	65.748	63.608	154.189	164.048	153.588	284.761	279.222	274.603
00:15:30	24.337	26.12	28.451	66.35	66.083	63.86	155.453	161.226	155.556	282.811	277.693	272.738
00:16:00	23.719	25.944	28.469	63.196	65.293	60.945	151.42	161.712	153.23	282.142	274.891	274.165
00:16:30	23.893	26.257	27.204	62.909	63.328	60.914	151.868	163.376	150.525	283.336	275.469	273.553
00:17:00	23.657	24.893	26.909	61.796	64.216	60.78	150.864	159.344	153.849	284.41	274.878	274.735
00:17:30	22.669	23.465	25.976	61.884	62.706	60.881	154.275	162.032	153.42	281.009	272.446	273.526
00:18:00	23.27	25.98	26.627	61.206	62.553	60.974	151.369	162.141	152.321	281.529	279.2	272.088
00:18:30	22.3	24.203	26.367	60.345	61.099	58.815	149.982	158.56	149.605	280.9	271.211	271.707
00:19:00	22.292	23.982	25.067	60.771	62.407	58.908	152.366	156.794	148.31	278.933	266.864	272.706
00:19:30	22.321	23.897	25.975	58.291	60.386	61.056	151.843	159.715	150.51	279.607	273.135	269.057
00:20:00	22.522	23.947	25.608	58.544	60.953	58.721	149.394	159.866	147.894	281.477	273.47	272.006
00:20:30	21.309	23.819	24.667	56.843	61.665	59.001	148.176	158.882	147.198	278.835	270.825	273.02
00:21:00	20.606	22.414	24.032	57.541	60.555	59.665	148.696	156.909	147.301	276.244	274.806	272.436
00:21:30	20.555	22.428	24.182	55.261	61.335	58.313	148.093	159.895	148.561	280.492	273.008	276.11
00:22:00	20.622	22.013	22.686	56.314	58.416	55.943	149.408	160.249	146.92	274.98	271.926	270.587
00:22:30	20.757	22.091	24.753	54.376	58.2	56.316	149.184	157.945	149.442	279.704	272.405	268.692
00:23:00	21.729	21.947	23.31	54.936	57.494	56.503	148.251	156	146.281	278.12	274.507	269.365
00:23:30	20.077	21.255	22.443	55.271	59.372	56.681	149.745	159.888	147.837	275.295	274.712	264.851
00:24:00	20.032	22.354	22.432	54.745	56.244	55.509	150.081	157.97	147.99	280.342	275.13	269.105
00:24:30	20.166	20.368	23.989	51.048	56.02	56.138	144.912	155.754	145.26	282.055	271.804	270.723
00:25:00	20.218	20.485	22.586	51.293	57.193	54.686	146.703	157.08	147.528	277.909	270.024	268.682
00:25:30	19.76	21.051	22.346	51.963	56.895	53.836	143.366	156.836	148.397	276.597	269.072	270.937
00:26:00	18.641	19.153	21.317	53.094	57.106	53.316	147.036	154.888	147.06	275.478	272.452	270.438
00:26:30	19.37	19.56	21.482	52.292	55.205	53.17	144.348	154.999	146.53	276.707	269.929	266.843
00:27:00	18.515	20.347	21.886	51.099	57.83	54.213	148.363	155.701	146.771	277.021	268.531	266.445
00:27:30	17.792	19.685	21.341	50.937	56.448	53.73	146.472	154.781	146.652	280.284	270.227	271.795
00:28:00	19.363	19.812	22.117	51.386	55.835	53.098	149.373	156.686	147.293	275.072	269.603	268.404
00:28:30	18.085	20.46	21.457	50.405	54.775	53.677	146.764	157.47	143.501	274.164	265.88	268.404
00:29:00	18.252	20.281	20.902	49.03	53.326	52.167	143.657	155.515	142.265	277.076	266.936	264.512
00:29:30	17.638	18.723	19.677	51.195	54.089	50.515	145.538	153.697	144.841	274.635	267.188	263.992
00:30:00	17.266	19.974	20.361	50.517	53.372	52.448	145.059	155.903	141.867	275.439	270.523	265.916
00:30:30	17.947	18.849	20.265	47.926	54.659	52.412	146.183	155.249	146.179	276.525	268.866	269.924
00:31:00	17.714	19.551	21.291	49.758	54.857	50.532	144.961	154.19	145.109	274.863	268.145	268.436
00:31:30	18.127	19.425	19.97	47.955	55.045	49.362	149.376	154.216	145.531	273.362	271.16	266.334
00:32:00	17.632	18.837	20.966	50.029	53.646	49.006	144.895	155.041	145.387	275.845	268.787	268.399
00:32:30	17.061	18.824	18.683	49.177	52.26	50.258	146.017	157.175	143.387	278.43	266.401	268.497
00:33:00	17.895	18.317	19.393	48.569	52.22	48.807	143.255	153.953	144.263	274.592	264.896	267.911
00:33:30	17.921	18.311	19.868	47.882	50.068	47	144.424	153.047	143.522	275.807	269.302	266.364
00:34:00	18.038	18.744	18.453	48.562	52.21	47.95	145.461	156.74	145.35	274.843	271.992	269.027
00:34:30	16.638	18.5	19.128	46.547	49.188	48.344	145.556	154.832	142.351	277.623	266.067	266.056
00:35:00	17.186	18.097	19.761	47.675	47.691	47.382	143.616	154.434	144.197	273.697	267.076	265.255
00:35:30	16.295	17.838	20.082	46.472	50.863	47.259	145.66	153.819	143.41	274.177	267.358	267.079
00:36:00	16.691	17.356	19.172	47.57	49.45	45.848	143.312	153.982	143.223	273.489	267.648	265.235
00:36:30	16.722	17.76	18.597	46.668	48.462	45.048	142.413	153.98	143.82	270.784	263.677	264.701
00:37:00	16.48	17.725	19.143	46.886	47.359	47.301	144.382	154.399	142.547	273.29	266.797	264.899
00:37:30	16.434	17.251	19.309	44.982	47.821	45.551	142.83	153.767	142.666	276.49	265.498	264.363
00:38:00	15.763	16.98	18.077	45.702	47.844	44.662	144.109	154.459	141.235	271.515	264.603	266.408
00:38:30	17.461	18.178	20.126	45.295	47.879	44.877	141.545	155.214	142.283	269.311	268.09	261.352
00:39:00	15.474	16.56	18.619	45.764	46.229	45.173	143.931	150.859	142.406	270.35	266.927	263.987
00:39:30	15.747	17.494	19.639	44.485	47.442	45.482	142.981	151.319	143.13	276.454	264.674	264.291
00:40:00	17.134	17.903	18.391	44.409	47.07	42.749	141.351	152.279	143.429	276.649	265.43	264.445
00:40:30	17.081	16.271	18.022	46.565	45.3	43.869	144.029	153.318	142.063	272.632	262.059	264.695
00:41:00	15.585	17.041	18.543	44.513	44.409	45.24	142.525	153.175	142.89	274.77	270.457	265.711
00:41:30	17.623	16.589	18.766	45.133	44.187	44.115	144.61	152.546	143.416	272.122	266.21	264.364
00:42:00	15.563	17.486	18.233	45.681	45.043	44.151	141.381	151.703	140.963	276.341	263.939	262.529
00:42:30	15.709	17.143	18.282	44.543	44.275	43.072	140.468	154.042	140.676	271.098	265.378	262.948
00:43:00	15.869	16.875	18.769	44.196	45.75	43.539	143.847	152.064	140.108	275.83	264.482	264.713
00:43:30	15.657	16.436	17.175	45.085	44.496	44.058	143.427	153.677	139.176	271.771	263.676	263.646
00:44:00	16.299	17.246	17.504	44.636	45.091	43.418	144.168	151.771	143.557	272.421	265.225	266.133
00:44:30	15.793	16.148	17.705	43.482	44.87	42.791	141.481	152.763	140.945	270.746	262.13	260.953
00:45:00	15.99	16.369	18.116	46.056	44.55	41.576	143.979	153.951	143.009	270.08	266.046	267.005
00:45:30	15.396	16.664	17.126	43.199	42.229	41.591	143.312	151.549	142.951	272.375	262.431	261.217
00:46:00	15.617	16.094	18.666	44.591	42.898	41.99	142.4	150.722	142.615	269.554	262.248	265.62
00:46:30	15.786	16.428	16.361	44.248	43.888	42.515	142.246	151.636	138.392	268.944	262.354	262.117
00:47:00	14.683	16.185	18.131	45.127	41.889	41.579	143.634	152.393	138.76	271.825	262.478	260.107
00:47:30	14.991	16.474	16.825	43.16	43.951	40.928	142.488	150.567	139.263	276.033	265.475	260.931
00:48:00	15.756	15.787	18.356	45.209	42.701	41.674	141.148	151.769	142.644	274.835	263.761	264.025
00:48:30	15.68	16.622	17.73	41.976	41.722	40.906	144.162	152.288	139.786	272.549	263.793	263.34
00:49:00	15.265	15.932	16.718	43.557	41.846	43.005	140.784	151.423	141.92	270.229	265.709	265.727
00:49:30	14.604	16.817	18.613	43.062	42.151	41.014	141.884	151.937	140.611	273.942	265.746	263.707
00:50:00	15.059	15.993	18.047	43.147	42.685	41.025	142.111	150.977	140.343	270.91	264.69	265.469
00:50:30	14.549	16.051	17.262	42.734	43.299	42.236	142.52	150.18	138.718	269.918	263.879	261.701
00:51:00	13.776	15.195	17.021	44.072	43.389	41.376	143.051	152.442	140.274	270.179	264.346	261.48
00:51:30	14.852	15.557	17.572	43.367	41.536	41.448	140.211	149.799	139.049	268.541	257.566	262.512
00:52:00	14.486	15.541	16.949	44.31	41.701	40.425	143.2	152.144	141.477	271.661	268	260.846
00:52:30	14.644	16.181	16.509	42.382	43.479	40.469	143.598	152.747	137.977	267.003	264.959	264.2
00:53:00	14.734	16.286	17.098	43.536	43.517	40.75	142.038	150.75	139.947	272.041	264.065	261.117
00:53:30	14.764	16.343	17.153	43.836	41.635	39.944	141.552	150.536	141.777	274.648	261.657	258.662
00:54:00	14.385	15.541	16.828	41.753	40.119	40.634	140.937	152.861	137.742	273.808	262.893	263.922
00:54:30	14.508	14.843	17.66	42.704	42.756	40.81	139.799	151.162	137.768	268.176	263.118	260.664
00:55:00	14.585	15.229	15.941	42.05	39.682	39.579	137.943	149.931	141.417	270.872	260.013	263.818
00:55:30	14.57	15.664	16.412	41.743	42.153	41.202	138.346	150.452	139.402	269.25	264.691	260.986
00:56:00	14.824	16.023	16.7	41.297	42.005	40.969	141.984	148.561	140.769	269.35	262.911	263.329
00:56:30	13.854	15.978	16.539	43.195	41.801	41.328	142.072	150.747	140.212	268.813	263.342	265.546
00:57:00	14.785	15.734	17.257	41.204	41.469	40.773	138.299	151.126	141.663	266.844	264.679	258.323
00:57:30	14.915	15.677	15.989	42.924	41.584	41.907	142.162	152.141	140.453	267.05	259.238	263.539
00:58:00	13.286	15.286	18.319	41.634	40.766	40.502	139.972	147.6	140.88	269.762	264.219	261.476
00:58:30	14.67	15.739	16.121	42.072	41.184	40.992	139.723	147.537	139.051	272.234	263.903	262.15
00:59:00	14.194	15.819	17.345	42.847	41.066	40.436	139.799	148.226	138.248	270.022	261.646	261.306
00:59:30	14.123	14.567	16.375	42.924	41.055	41.036	140.766	149.08	140.555	269.51	262.886	259.005
01:00:00	14.338	15.822	16.676	41.457	40.582	40.401	142.428	149.627	140.632	271.64	263.191	262.562
01:00:30	14.722	14.964	16.998	41.228	39.634	40.131	142.125	150.973	139.896	269.644	262.318	258.807
01:01:00	14.251	15.932	17.167	40.95	39.498	40.929	140.203	150.254	141.066	275.061	263.297	262.104
01:01:30	14.306	15.595	17.555	41.674	40.643	40.597	141.402	148.766	138.037	269.666	258.065	258.629
01:02:00	14.858	16.441	16.383	40.075	41.269	41.33	138.523	148.225	137.706	264.447	257.916	258.856
01:02:30	15.45	15.419	16.651	41.157	40.688	39.523	142.989	148.838	139.549	271.357	262.2	264.129
01:03:00	14.456	14.735	17.171	40.24	39.39	39.236	140.32	152.249	138.805	264.582	257.488	260.392
01:03:30	14.43	14.296	17.16	40.654	40.597	40.139	140.289	150.666	139.971	272.998	261.6	262.132
01:04:00	13.941	14.487	17.691	41.935	38.222	39.408	140.116	149.902	139.463	267.008	264.952	264.03
01:04:30	14.999	14.845	16.64	40.396	39.384	39.228	142.702	149.012	139.217	271.049	262.797	259.956
01:05:00	13.609	15.581	16.739	38.475	39.686	39.537	142.551	149.816	137.625	268.913	260.161	260.277
01:05:30	14.128	14.675	16.227	40.709	39.824	38.622	142.891	145.778	139.51	268.224	258.067	259.27
01:06:00	14.069	14.213	16.733	40.914	38.364	39.378	141.353	150.682	136.672	268.43	262.776	262.689
01:06:30	13.818	14.338	16.271	41.318	38.204	39.991	141.122	146.833	138.471	267.424	260.006	261.523
01:07:00	14.686	15.262	16.583	40.525	39.921	38.396	141.281	150.299	135.748	267.884	262.044	261.57
01:07:30	15.232	14.593	16.577	41.696	40.549	38.805	140.331	150.161	138.285	269.188	266.248	262.089
01:08:00	14.197	14.777	17.027	41.353	38.339	39.66	139.623	150.661	139.927	271.17	259.955	257.859
01:08:30	14.577	15.153	16.076	40.855	39.797	37.968	135.726	147.025	135.462	268.384	261.632	263.918
01:09:00	14.713	14.331	15.381	40.705	40.008	38.579	139.506	151.099	141.192	269.589	264.352	260.385
01:09:30	14	15.127	15.488	41.821	38.596	39.277	140.487	148.502	137.072	267.902	261.009	257.431
01:10:00	13.591	15.711	16.449	40.109	38.742	39.935	140.082	149.16	139.551	268.348	257.632	258.876
01:10:30	14.154	15.463	15.958	39.784	38.161	39.225	137.133	149.358	138.411	268.11	261.573	262.43
01:11:00	14.083	15.173	17.13	39.765	39.322	39.97	141.627	146.851	139.42	268.576	259.461	258.662
01:11:30	14.19	15.439	16.462	40.236	36.023	39.113	138.789	148.169	138.535	264.741	260.752	257.28
01:12:00	14.366	14.842	16.772	40.334	38.698	38.8	136.955	149.35	139.258	271.375	261.252	256.451
01:12:30	14.595	15.19	16.266	39.692	40.067	39.647	137.334	149.623	136.43	266.474	261.968	256.312
01:13:00	14.639	14.611	15.966	40.928	38.558	41.196	139.917	149.203	137.36	268.258	261.664	257.929
01:13:30	13.79	14.713	15.83	40.703	37.894	38.597	138.31	147.558	139.179	269.079	264.135	260.119
01:14:00	14.605	14.981	16.563	40.305	37.191	38.946	139.297	148.422	137.546	271.189	256.462	259.366
01:14:30	14.207	14.251	16.437	41.244	38.416	39.361	141.014	146.098	136.562	272.766	262.044	260.245
01:15:00	13.539	14.628	14.985	39.477	38.242	37.59	138.844	147.303	136.502	269.437	260.035	261.025
01:15:30	14.243	14.712	15.287	40.334	38.264	39	138.335	147.003	138.057	266.544	255.199	255.683
01:16:00	13.552	15.453	16.16	38.137	37.376	39.875	137.45	148.532	137.349	270.802	262.52	259.46
01:16:30	14.053	14.735	15.126	39.519	37.414	38.952	139.202	151.942	137.83	268.468	260.388	255.642
01:17:00	14.197	14.598	16.657	39.273	38.107	38.349	142.656	146.781	140.607	269.631	263.76	258.224
01:17:30	13.143	14.701	15.434	41.181	37.171	37.853	137.535	150.165	139.153	265.576	257.526	261.104
01:18:00	14.566	14.257	14.662	39.727	37.669	38.369	141.76	147.31	137.431	270.106	263.874	255.656
01:18:30	14.314	14.725	16.139	39.109	37.679	39.522	139.843	146.656	139.08	270.618	262.159	262.263
01:19:00	13.795	14.881	16.172	39.887	37.061	38.488	138.474	147.806	140.916	268.81	260.192	257.868
01:19:30	13.524	14.084	15.735	39.753	38.269	36.759	139.791	147.811	139.367	265.755	260.058	253.188
01:20:00	14.565	14.968	15.799	38.431	36.896	38.346	139.297	149.669	138.112	269.81	258.933	258.512
01:20:30	13.593	15.538	15.676	39.988	37.263	37.859	139.864	146.552	136.005	267.03	261.674	253.628
01:21:00	13.978	14.301	16.348	38.195	37.007	39.08	138.103	150.312	139.846	267.09	262.986	256.684
01:21:30	14.972	14.985	15.572	39.33	36.889	37.411	139.378	144.989	138.859	265.787	260.437	261.441
01:22:00	13.78	14.417	15.636	38.62	37.636	37.086	140.326	149.227	137.251	264.822	261.58	256.044
01:22:30	13.743	14.55	15.95	39.022	37.81	37.893	138.928	148.725	138.639	266.378	261.944	260.464
01:23:00	13.518	14.981	16.305	39.317	37.021	39.511	139.302	149.043	138.377	265.602	258.654	259.226
01:23:30	13.504	14.314	15.924	39.246	37.323	37.992	137.357	147.839	136.076	267.774	256.698	259.517
01:24:00	14.953	14.66	17.579	37.436	36.713	38.109	139.074	150.911	136.483	267.063	258.159	256.885
01:24:30	13.508	13.782	15.677	37.826	36.51	37.861	139.285	148.175	137.465	268.439	258.592	258.07
01:25:00	14.992	14.423	16.1	38.327	38.419	37.963	141.914	146.16	140.507	265.628	261.992	260.481
01:25:30	14.129	14.514	15.455	37.992	37.149	38.206	141.438	149.829	135.932	270.451	260.1	257.07
01:26:00	14.334	14.526	15.956	38.531	37.043	36.505	143.287	148.917	138.422	268.451	258.959	257.888
01:26:30	13.835	14.299	16.266	40.579	37.285	37.159	140.961	146.986	139.279	268.452	260.409	255.373
01:27:00	13.87	13.84	15.417	38.522	37.083	35.953	137.647	147.534	137.927	267.913	258.888	257.183
01:27:30	14.344	14.67	15.784	38.749	37.147	38.523	136.864	146.465	136.235	268.092	253.683	254.214
01:28:00	12.939	14.706	15.975	38.603	36.613	37.839	139.149	146.026	137.923	268.917	256.423	262.233
01:28:30	14.043	14.717	15.32	39.1	35.601	37.815	138.538	148.428	137.349	265.843	256.123	256.291
01:29:00	13.477	14.718	16.737	38.319	36.207	38.974	139.631	149.179	138.424	265.53	261.685	260.284
01:29:30	13.635	15.297	15.967	38.163	37.123	36.005	138.569	148.753	136.956	267.036	257.234	256.042
01:30:00	13.84	14.84	15.215	38.768	36.871	37.468	135.19	150.82	138.256	269.588	256.332	256.465
01:30:30	13.731	14.375	15.101	38.237	37.228	36.64	138.839	146.972	137.125	269.733	260.006	257.64
01:31:00	15.11	15.396	14.551	38.235	37.063	38.187	138.682	148.646	136.937	271.044	256.934	256.562
01:31:30	14.714	15.264	15.733	38.611	36.305	37.981	140.607	148.028	137.996	270.608	261.25	258.683
01:32:00	14.361	14.39	16.014	38.54	36.13	36.918	138.141	147.682	135.778	266.824	261.176	256.415
01:32:30	14.229	15.09	16.205	38.849	36.229	37.531	141.808	147.944	136.046	264.071	260.359	256.15
01:33:00	13.61	14.315	16.456	37.659	35.814	37.149	136.845	149.383	138.293	268.359	256.519	253.331
01:33:30	14.052	14.28	15.812	37.777	35.939	36.927	137.367	146.414	135.252	265.304	258.203	255.345
01:34:00	14.294	15.017	15.672	37.061	35.261	37.321	136.757	145.706	138.239	267.409	256.549	257.026
01:34:30	14.09	14.626	15.976	36.223	37.899	37.452	139.339	151.047	141.152	269.07	258.742	257.727
01:35:00	14.566	14.586	15.724	37.321	35.466	37.024	137.301	147.811	137.594	265.307	257.303	258.697
01:35:30	14.065	14.123	15.719	37.555	37.22	35.966	140.303	150.317	135.915	264.746	258.098	255.779
01:36:00	14.77	14.525	15.377	37.207	34.556	37.108	138.321	147.049	136.95	266.05	260.394	257.28
01:36:30	13.909	14.348	16.433	37.035	35.869	38.167	137.758	148.945	139.884	268.347	259.459	259.327
01:37:00	14.224	13.682	15.576	38.053	35.63	36.433	138.642	149.449	138.564	268.944	260.212	257.269
01:37:30	14.645	14.404	15.166	36.977	36.306	36.729	136.963	148.562	137.917	268.784	255.907	255.625
01:38:00	14.37	13.917	16.135	37.857	37.647	37.487	139.406	148.207	140.507	267.228	257.101	254.835
01:38:30	14.308	14.871	15.619	38.3	35.106	37.571	140.797	149.116	138.768	268.937	260.241	256.451
01:39:00	14.375	14.891	16.278	37.219	35.131	36.671	136.323	146.454	137.384	267.923	256.621	255.102
01:39:30	14.18	13.946	15.258	37.393	36.488	36.761	142.042	144.014	138.423	267.836	257.83	254.346
01:40:00	13.977	13.825	16.341	37.135	35.789	36.674	138.048	146.844	138.286	264.615	260.455	257.445
01:40:30	14.119	14.047	15.842	37.812	35.311	37.476	137.601	145.5	140.143	263.507	256.955	256.118
01:41:00	14.401	14.66	15.5	36.798	35.799	36.814	138.061	147.431	137.753	264.293	255.089	254.519
01:41:30	14.457	14.341	16.453	37.7	35.261	35.91	135.851	147.449	138.577	265.283	256.678	260.621
01:42:00	14.513	14.271	15.145	36.981	36.276	37.32	137.488	149.359	138.397	264.59	257.871	252.377
01:42:30	13.455	14.207	15.57	36.235	36.09	37.192	136.441	149.51	137.783	262.046	258.066	256.49
01:43:00	14.457	14.483	15.378	37.424	34.967	37.373	136.307	144.587	137.231	264.285	257.088	251.644
01:43:30	14.135	14.895	15.158	36.683	35.249	37.22	136.27	148.765	138.235	264.617	257.907	251.898
01:44:00	14.19	14.541	17.09	37.481	35.178	38.117	134.139	149.531	139.215	265.781	255.016	253.489
01:44:30	13.882	15.362	15.607	36.456	36.537	35.557	136.594	147.02	136.745	267.856	258.369	252.299
01:45:00	14.054	14.978	15.435	37.083	35.498	37.251	136.479	147.857	135.565	266.644	258.573	256.921
01:45:30	13.865	14.582	15.85	37.523	35.454	37.159	136.726	146.093	136.465	266.816	256.853	256.952
01:46:00	14.187	14.998	16.346	37.403	36.591	37.169	137.467	145.308	137.152	263.263	254.898	255.635
01:46:30	14.915	14.415	15.93	36.339	36.382	37.427	137.576	146.833	136.65	266.435	257.796	255.719
01:47:00	14.329	13.819	16.599	37.197	35.016	37.912	140.786	146.622	137.058	265.042	257.098	256.281
01:47:30	13.666	14.75	14.971	36.841	35.791	35.558	136.136	146.129	137.917	267.351	258.293	257.396
01:48:00	13.59	14.949	16.268	38.832	35.132	36.724	137.283	148.033	136.076	262.947	256.254	258.237
01:48:30	14.15	14.634	16.19	36.608	35.074	37.617	137.016	150.013	136.523	266.53	258.122	258.479
01:49:00	14.205	14.675	16.435	36.41	35.062	36.812	137.424	149.634	139.114	263.19	257.297	254.991
01:49:30	14.646	15.384	16.522	36.989	36.845	37.284	137.719	145.529	138.892	266.131	255.038	257.507
01:50:00	13.622	14.579	15.304	36.932	34.591	36.663	135.543	145.84	136.055	266.778	257.854	253.752
01:50:30	13.702	14.122	15.457	37.056	35.893	37.17	139.949	148.619	136.902	268.048	257.577	254.81
01:51:00	14.419	14.501	14.965	35.858	35.542	35.953	137.805	145.543	137.061	263.835	257.998	255.412
01:51:30	14.291	14.865	16.257	36.065	34.26	37.028	139.562	147.162	136.05	265.218	257.805	257.416
01:52:00	14.868	14.198	16.849	37.506	36.57	37.264	141.505	146.479	137.099	262.774	258.639	256.269
01:52:30	14.778	14.852	14.973	36.151	35.884	35.784	136.526	148.03	136.39	266.026	257.109	251.884
01:53:00	13.414	13.911	16.484	36.849	34.592	36.776	138.906	145.113	136.605	263.629	255.474	253.531
01:53:30	14.837	14.698	15.628	38.504	35.083	36.631	137.672	146.043	137.104	261.469	255.774	252.031
01:54:00	13.086	14.438	16.781	36.088	34.523	36.705	136.153	147.882	133.88	266.423	255.414	257.172
01:54:30	13.913	14.682	16.126	36.363	36.298	36.727	136.807	148.059	132.863	264.865	251.387	252.596
01:55:00	15.562	15.327	16.227	35.876	35.508	37.361	139.011	145.203	135.201	263.848	255.94	253.439
01:55:30	14.802	14.56	16.222	36.548	37.09	37.977	137.781	146.445	135.262	264.786	257.661	252.804
01:56:00	14.342	14.556	16.486	36.482	35.405	35.946	137.254	145.82	135.479	261.753	256.386	255.356
01:56:30	14.633	14.711	16.044	37.342	35.12	37.723	142.127	148.283	135.686	262.491	258.372	256.117
01:57:00	13.684	15.36	15.262	37.462	36.11	36.585	137.542	149.401	136.455	264.074	258.301	256.233
01:57:30	13.853	15.159	15.995	36.037	35.237	36.801	138.887	145.97	137.488	263.773	257.348	253.291
01:58:00	13.42	14.384	15.796	38.021	36.058	36.336	137.442	147.046	136.17	262.554	257.22	256.74
01:58:30	14.112	14.573	15.701	36.793	35.63	37.141	138.254	147.265	137.864	265.499	254.044	254.137
01:59:00	14.598	14.865	15.082	36.447	35.354	38.283	137.541	147.273	138.847	262.919	258.17	257.249
01:59:30	13.23	14.923	14.707	37.044	35.212	36.009	135.769	145.258	135.552	265.761	254.011	253.285
02:00:00	14.321	14.427	15.307	37.111	35.554	38.255	135.571	146.922	135.441	263.948	251.229	255.703