Time	25_1	25_2	25_3	50_1	50_2	50_3	100_1	100_2	100_3	150_1	150_2	150_3
00:00:00	79.443	79.87	88.473	127.724	144.543	139.959	253.694	247.122	245.833	357.395	363.99	363.394
00:00:30	79.767	81.413	87.293	123.541	131.498	123.559	236.983	241.633	242.149	347.701	352.215	352.183
00:01:00	71.069	71.617	80.435	114.652	115.466	114.487	228.9	234.263	230.305	333.711	333.084	338.602
00:01:30	65.407	63.845	73.543	111.203	112.565	108.634	216.408	224.065	220.406	321.052	321.893	325.175
00:02:00	60.274	55.022	65.923	107.729	111.106	105.513	214.608	215.735	217.49	313.4	312.003	315.49
00:02:30	56.74	55.589	57.428	102.086	107.154	105.479	209.858	211.372	206.926	310.556	309.59	311.411
00:03:00	54.921	51.507	54.141	96.927	104.093	99.22	201.445	200.959	202.39	301.43	309.753	308.234
00:03:30	51.549	50.983	52.928	94.846	98.906	100.454	195.611	199.82	195.589	299.892	300.164	303.544
00:04:00	51.665	47.716	50.731	91.357	97.437	97.278	187.758	191.25	185.687	298.386	300.812	296.423
00:04:30	48.487	45.711	47.164	87.489	95.145	95.96	183.076	187.257	181.564	290.522	295.116	298.96
00:05:00	46.156	44.522	45.813	85.904	92.435	91.575	179.862	183.363	181.895	293.66	297.931	297.128
00:05:30	43.435	42.529	44.817	83.08	89.221	88.843	177.588	180.087	176.28	285.652	291.528	291.917
00:06:00	40.891	42.29	42.912	80.971	85.077	87.451	172.774	177.611	173.71	287.398	289.633	291.821
00:06:30	42.145	41.273	41.699	81.139	86.566	87.112	172.461	174.839	170.995	286.128	286.508	288.342
00:07:00	39.924	38.583	39.768	78.707	85.272	83.807	167.122	171.543	170.724	285.402	288.85	288.429
00:07:30	38.846	35.506	38.785	77.387	86.094	81.787	166.766	171.382	170.348	282.957	285.744	287.85
00:08:00	36.762	35.239	36.773	73.112	80.045	80.702	162.537	167.792	167.886	278.625	286.023	287.77
00:08:30	35.819	35.057	36.867	74.166	81.096	80.412	163.649	170.231	168.607	284.2	285.398	288.498
00:09:00	35.531	34.107	34.464	73.369	79.516	76.445	160.382	162.674	162.321	277.052	283.439	282.714
00:09:30	34.619	33.443	35.142	72.556	77.804	75.96	157.461	163.872	164.495	275.274	279.457	278.44
00:10:00	32.944	33.289	33.312	71.96	77.592	74.093	156.283	166.111	163.195	276.789	280.085	287.425
00:10:30	32.503	33.447	32.244	69.712	75.366	71.294	156.721	158.356	158.644	276.13	276.821	282.499
00:11:00	31.402	30.526	31.725	69.156	73.766	75.55	156.299	164.054	161.504	272.574	280.486	281.274
00:11:30	30.052	30.347	31.116	67.235	71.541	71.743	158.573	159.717	157.603	276.099	278.958	278.508
00:12:00	30.388	28.581	30.549	66.783	71.357	70.379	153.903	158.815	157.344	272.926	274.094	277.488
00:12:30	30.43	29.968	31.423	66.579	71.38	70.082	154.048	159.125	157.165	273.447	271.339	279.805
00:13:00	28.982	29.687	29.844	67.576	70	70.026	150.666	155.737	155.014	271.293	274.03	276.051
00:13:30	27.764	26.836	28.093	62.495	68.426	66.101	154.173	157.046	153.519	270.41	268.882	276.126
00:14:00	27.721	26.407	26.585	64.17	69.313	66.168	151.046	155.371	157.776	270.434	274.306	275.48
00:14:30	26.332	25.58	25.557	63.209	68.164	64.804	146.301	151.774	154.913	269.015	273.18	274.242
00:15:00	26.812	26.313	27.507	62.287	65.895	63.701	150.674	155.818	156.403	271.974	277.225	279.376
00:15:30	26.788	25.522	26.041	62.027	64.981	64.444	147.572	154.27	153.797	268.917	269.443	276.099
00:16:00	26.631	24.586	25.323	60.716	65.431	63.363	149.169	153.902	154.94	270.324	267.612	270.634
00:16:30	24.702	25.973	26.663	59.581	64.01	63.397	148.35	150.887	152.571	268.83	274.835	274.717
00:17:00	26.227	25.283	24.978	59.832	64.812	60.855	148.958	150.306	151.671	270.715	269.239	272.283
00:17:30	24.295	23.476	26.004	56.629	61.776	61.674	144.862	151.901	148.754	267.937	269.995	268.835
00:18:00	25.314	23.132	24.591	57.699	62.784	59.183	145.956	150.143	151.812	268.138	272.215	274.413
00:18:30	23.851	24.555	23.78	57.885	62.474	59.477	146.979	151.984	147.836	265.357	268.079	270.876
00:19:00	24.031	23.721	23.312	58.278	60.845	60.227	145.087	151.616	150.199	267.919	271.177	271.866
00:19:30	23.569	22.719	24.016	58.109	59.154	58.529	144.418	148.001	146.737	264.062	270.938	272.337
00:20:00	22.725	21.735	23.262	56.923	60.164	59.251	143.701	149.854	148.678	263.975	270.834	271.267
00:20:30	22.495	23.009	22.523	55.401	58.762	56.523	143.216	147.403	148.244	264.589	266.119	268.096
00:21:00	22.326	21.241	23.27	56.376	58.829	59.062	144.411	149.937	146.596	264.749	266.891	270.667
00:21:30	22.391	21.629	21.933	53.923	57.803	56.423	144.18	148.679	149.804	264.912	272.264	272.211
00:22:00	21.692	21.719	21.896	54.111	58.096	57.169	140.289	148.134	148.294	264.318	266.287	269.989
00:22:30	21.451	22.322	22.648	54.489	57.733	56.871	144.82	146.646	147.309	263.173	269.256	264.929
00:23:00	20.883	21.99	21.158	53.536	56.973	55.897	141.724	150.263	148.35	266.394	264.374	265.78
00:23:30	21.876	20.702	20.842	54.411	55.152	57.77	140.806	148.246	147.416	264.044	266.867	265.665
00:24:00	21.059	21.291	20.977	51.474	54.686	55.788	144.775	148.333	145.753	263.032	269.949	269.311
00:24:30	21.365	20.212	20.585	52.134	54.476	54.754	139.542	148.966	147.865	264.214	266.181	265.694
00:25:00	21.713	20.128	21.074	50.878	55.071	52.535	143.95	142.699	147.613	263.667	265.74	264.923
00:25:30	20.76	19.073	20.978	51.15	54.862	54.812	143.817	147.687	147.236	268.557	266.128	269.449
00:26:00	20.345	20.975	20.285	50.188	52.745	53.693	144.01	143.596	142.432	264.205	263.229	265.479
00:26:30	20.575	20.575	19.849	49.855	53.056	54.117	141	146.319	145.383	259.064	266.043	262.674
00:27:00	20.254	19.924	20.267	49.932	52.379	52.907	140.231	147.074	144.069	263.823	264.99	265.377
00:27:30	19.819	20.463	18.984	48.452	52.068	53.054	138.958	145.341	142.945	263.744	263.121	268.854
00:28:00	18.445	20.081	19.524	46.813	50.553	52.382	140.026	147.146	142.612	259.804	264.324	267.984
00:28:30	20.055	19.403	17.937	47.766	52.848	53.1	139.134	142.632	144.357	257.928	262.339	266.16
00:29:00	18.665	19.784	18.955	47.144	49.307	52.512	141.242	145.363	141.796	261.94	266.896	263.478
00:29:30	19.015	19.556	19.748	46.567	49.74	51.598	140.336	145.303	140.309	261.104	263.525	265.737
00:30:00	19.445	18.666	18.625	46.939	50.315	50.972	141.704	144.906	145.957	258.244	260.847	262.261
00:30:30	18.797	18.719	18.989	47.378	48.856	50.597	139.604	146.093	143.68	261.844	263.314	263.782
00:31:00	18.789	18.908	18.211	45.585	50.764	51.497	137.835	143.807	146.947	259.538	262.23	264.302
00:31:30	18.29	18.433	18.151	44.719	47.86	50.803	138.846	146.43	143.91	258.586	262.614	266.115
00:32:00	18.998	18.966	18.696	43.342	48.23	50.561	140.957	143.529	144.393	261.002	263.474	264.9
00:32:30	18.425	18.318	18.589	46.727	49.022	48.311	139.867	145.662	143.917	262.982	261.474	265.838
00:33:00	18.488	18.407	18.75	44.962	48.049	50.383	137.97	141.889	144.386	261.916	263.331	263.065
00:33:30	18.149	19.086	18.532	44.576	48.585	50.776	140.228	145.704	145.467	257.081	262.731	264.934
00:34:00	18.614	17.859	17.496	43.331	46.838	50.219	133.526	142.029	142.846	258.871	262.227	263.198
00:34:30	17.276	18.251	17.245	43.579	46.689	48.961	142.604	145.421	141.055	262.34	261.702	262.504
00:35:00	18.009	17.205	18.105	43.751	45.316	47.608	137.733	145.468	141.677	259.202	257.653	267.195
00:35:30	17.398	17.818	17.382	43.147	46.164	48.642	139.213	144.146	143.898	261.81	261.132	267.528
00:36:00	17.152	16.752	17.687	41.865	44.291	48.704	135.193	142.329	140.753	261.476	261.302	264.263
00:36:30	17.474	17.905	18.246	43.519	45.378	49.05	135.52	141.94	141.859	256.4	258.159	264.004
00:37:00	17.095	17.272	17.408	43.817	45.453	48.405	136.34	142.393	143.271	264.989	262.267	264.198
00:37:30	17.392	16.749	16.778	41.942	44.222	47.717	139.015	144.638	143.88	260.593	263.268	262.83
00:38:00	18.182	16.939	16.547	41.746	43.33	46.86	136.309	141.376	143.02	260.151	263.402	261.612
00:38:30	17.133	17.281	17.861	42.481	44.39	48.825	138.87	142.741	144.592	258.1	256.584	264.03
00:39:00	17.66	17.839	16.928	40.966	44.611	47.502	136.008	141.547	140.999	259.997	261.612	263.228
00:39:30	16.191	16.27	16.768	41.733	43.296	45.444	136.391	142.619	141.728	258.81	261.042	261.25
00:40:00	16.136	16.621	17.575	42.491	42.737	49.384	135.493	142.813	139.869	254.878	262.229	265.625
00:40:30	16.763	15.698	17.462	39.809	43.337	47.975	137.45	141.338	141.689	258.35	258.371	259.822
00:41:00	16.573	16.448	17.885	40.633	43.406	47.776	138.154	142.304	140.516	264.134	260.874	264.927
00:41:30	16.38	16.024	17.153	40.687	41.91	47.218	136.766	139.041	143.97	259.688	258.681	262.172
00:42:00	16.547	15.814	16.567	39.756	42.872	46.608	136.786	142.098	140.617	259.155	259.202	259.799
00:42:30	16.545	17.064	15.8	39.861	44.111	47.247	137.536	139.622	140.539	252.987	261.113	260.841
00:43:00	15.917	16.121	16.545	40.25	42.265	47.977	135.81	143.409	141.867	259.13	261.079	261.235
00:43:30	15.866	15.535	16.781	39.767	42.665	46.343	136.357	139.913	138.499	256.446	259.073	262.337
00:44:00	16.24	15.787	16.087	40.203	41.946	46.593	135.62	143.329	140.414	258.97	257.676	260.055
00:44:30	16.021	16.308	16.502	40.1	41.393	45.787	135.473	139.236	140.265	256.307	260.624	261.119
00:45:00	17.004	16.017	15.099	38.999	41.809	46.187	135.536	142.209	141.33	252.737	254.049	257.603
00:45:30	16.008	15.533	17.201	38.548	41.622	47.662	135.407	138.752	139.873	254.089	258.398	259.824
00:46:00	16.519	15.882	15.548	38.148	41.275	43.806	135.46	139.223	139.766	256.367	258.75	258.676
00:46:30	16.067	15.658	16.17	39.784	41.772	46.5	134.733	139.682	140.939	257.53	260.631	259.468
00:47:00	16.358	14.957	15.915	38.623	40.266	44.96	133.346	141.833	138.833	255.889	256.858	257.486
00:47:30	16.105	16.1	16.635	38.732	41.594	45.8	136.249	140.26	136.725	259.041	257.382	257.56
00:48:00	16.89	15.751	16.554	39.234	41.179	44.628	135.491	139.852	137.295	256.781	254.567	263.293
00:48:30	14.991	15.459	15.815	38.626	40.888	43.499	136.749	141.468	139.554	258.628	261.823	261.242
00:49:00	15.842	16.196	15.763	36.406	41.17	44.828	136.348	140.96	141.294	256.909	258.698	256.964
00:49:30	16.258	14.768	16.617	38.146	40.513	45.587	132.837	140.237	140.64	253.625	258.753	260.204
00:50:00	15.836	15.996	15.418	38.817	41.826	44.986	132.868	140.011	139.089	254.874	255.069	259.997
00:50:30	15.939	15.808	17.191	37.364	40.079	43.747	134.448	138.911	139.939	258.293	255.437	261.635
00:51:00	15.497	15.378	15.571	37.026	40.714	45.144	137.266	137.25	139.026	257.449	256.411	260.389
00:51:30	15.979	15.762	15.954	38.059	40.723	43.991	134.422	137.695	138.243	251.975	255.45	259.127
00:52:00	15.366	15.145	16.295	36.057	40.981	42.666	136.914	140.243	139.419	258.248	257.5	258.698
00:52:30	14.788	15.861	15.711	37.347	40.479	44.391	132.911	138.98	138.107	255.886	260.029	259.802
00:53:00	15.47	15.572	16.356	37.129	41.493	42.831	131.973	139.744	138.043	257.544	255.161	257.853
00:53:30	15.856	15.909	14.863	37.346	40.498	44.923	133.82	140.401	139.808	256.064	256.815	256.31
00:54:00	15.581	14.497	16.266	36.025	38.919	44.205	134.429	138.14	140.538	253.146	255.741	257.522
00:54:30	15.472	14.951	15.502	36.428	39.444	43.535	136.189	139.155	137.086	257.685	259.445	260.121
00:55:00	15.842	14.701	15.597	36.413	38.982	42.15	131.339	138.741	137.865	253.647	252.541	256.756
00:55:30	15.598	14.327	14.446	37.319	40.27	42.276	134.559	139.114	137.706	257.947	253.425	257.159
00:56:00	16.028	15.126	15.616	35.836	38.962	43.019	136.756	141.202	140.852	254.003	255.986	258.853
00:56:30	14.749	15.652	15.145	34.645	38.966	44.206	133.426	142.676	140.271	254.226	251.857	257.076
00:57:00	15.783	14.252	15.039	36.124	39.666	42.099	133.915	138.976	137.919	253.776	256.992	258.459
00:57:30	15.297	16.012	15.782	36.089	40.482	42.817	134.657	140.188	137.374	255.392	258.443	258.366
00:58:00	14.217	15.177	15.157	34.772	39.62	42.039	134.103	137.242	139.071	254.553	253.647	257.597
00:58:30	14.605	14.707	15.321	35.389	37.685	43.347	133.858	139.121	137.286	250.946	256.754	258.612
00:59:00	15.745	14.808	15.639	35.633	38.3	42.111	133.637	138.848	136.362	252.958	257.72	256.972
00:59:30	15.538	14.575	15.416	35.547	39.593	42.47	135.429	136.704	137.215	253.405	256.326	257.55
01:00:00	15.389	15.217	14.411	35.364	39.604	41.841	133.821	138.147	138.639	252.173	257.914	256.409
01:00:30	15.011	14.221	15.592	36.321	39.294	42.136	133.219	139.588	140.671	254.06	256.392	258.541
01:01:00	15.767	15.855	14.268	35.535	38.664	42.126	132.459	135.856	134.969	255.086	256.475	255.844
01:01:30	15.505	14.737	15.477	35.748	39.101	40.647	132.369	138.497	136.112	253.491	253.505	261.226
01:02:00	16.044	14.745	14.853	35.161	39.263	40.953	132.292	137.868	138.618	254.417	254.364	258.219
01:02:30	15.117	14.667	15.642	34.556	39.321	39.972	135.755	138.084	138.763	255.541	251.291	259.449
01:03:00	16.151	14.591	15.178	35.819	38.836	40.442	133.11	138.766	139.901	254.043	259.444	257.25
01:03:30	14.699	14.607	14.916	36.28	39.059	39.768	131.98	138.61	136.47	256.005	254.869	257.097
01:04:00	15.222	13.975	14.461	34.997	38.155	39.268	132.844	137.065	135.172	255.441	254.551	257.165
01:04:30	15.16	15.083	15.498	35.146	38.754	40.123	133.519	137.731	137.399	255.225	254.031	254.546
01:05:00	14.263	13.448	14.931	35.232	38.915	39.77	132.957	137.323	137.81	252.159	255.763	256.29
01:05:30	14.028	14.48	15.011	36.2	38.279	40.077	134.438	139.802	139.199	254.848	253.129	259.474
01:06:00	15.184	14.614	14.135	33.943	39.631	39.808	132.932	134.877	136.333	254.202	254.851	256.399
01:06:30	14.549	15.023	15.418	35.06	38.577	39.982	134.154	138.231	137.847	253.934	255.183	260.773
01:07:00	14.232	14.836	14.569	33.578	38.386	39.695	133.303	136.857	137.311	252.926	254.027	257.364
01:07:30	15.611	14.946	13.894	34.622	38.001	39.268	133.355	139.406	134.376	258.349	258.753	256.404
01:08:00	14.98	14.38	14.435	34.259	39.091	38.572	132.182	136.904	137.318	257.272	252.861	255.696
01:08:30	14.869	14.271	14.939	33.971	38.565	37.865	131.074	136.728	134.993	253.454	254.138	254.953
01:09:00	14.68	14.429	14.643	34.27	37.818	37.916	133.142	137.389	138.055	251.348	253.178	255.123
01:09:30	14.582	15.168	15.493	35.163	38.125	38.382	133.689	139.249	138.939	252.282	253.199	259.401
01:10:00	14.369	14.634	14.936	34.513	39.177	37.622	131.283	140.024	137.258	250.419	252.565	256.763
01:10:30	15.054	14.701	14.191	34.193	37.982	38.645	130.349	138.459	138.671	255.92	256.655	260.655
01:11:00	14.327	14.779	14.525	34.166	36.5	37.07	132.599	138.732	136.408	252.223	255.207	255.526
01:11:30	14.612	15.275	14.439	34.797	38.332	37.097	131.097	137.733	135.719	254.174	253.419	253.661
01:12:00	15.37	14.332	14.471	34.011	37.898	38.241	134.002	139.326	136.565	251.915	256.469	256.132
01:12:30	15.227	13.898	14.616	35.017	38.261	36.932	133.622	138.659	136.779	255.573	257.18	259.487
01:13:00	14.828	14.121	14.975	33.448	37.094	37.753	132.513	137.986	135.79	251.44	256.348	259.204
01:13:30	14.348	14.513	14.782	34.246	37.367	37.488	131.57	136.497	137.933	249.906	251.048	258.415
01:14:00	14.262	14.596	14.441	33.911	37.725	38.389	131.481	135.481	138.123	253.236	255.077	256.199
01:14:30	14.916	14.322	14.628	35.183	36.568	35.27	132.559	139.012	138.469	253.964	251.213	255.101
01:15:00	15.389	14.191	15.186	34.462	37.912	37.158	132.17	136.531	136.291	254.576	254.76	254.264
01:15:30	14.339	13.567	14.617	33.837	37.08	37.155	130.469	137.835	135.55	252.903	252.655	256.304
01:16:00	14.298	14.631	14.876	34.088	37.55	35.849	132.213	136.659	138.508	255.263	253.096	259.573
01:16:30	14.409	14.848	14.676	34.044	38.263	38.114	131.459	135.525	136.408	257.032	251.414	255.583
01:17:00	14.921	15.126	15.098	33.117	38.017	36.882	133.422	136.531	135.808	254.842	256.975	254.073
01:17:30	15.709	14.604	14.116	35.671	38.187	36.574	133.016	135.879	136.157	254.605	253.443	253.528
01:18:00	13.991	14.002	14.814	33.09	37.197	37.408	132.15	136.282	135.188	252.465	253.586	254.552
01:18:30	14.935	13.755	15.286	34.58	36.659	36.564	130.985	138.298	134.237	248.633	249.689	256.421
01:19:00	15.155	14.394	15.03	33.875	36.962	37.096	131.649	134.401	136.634	254.845	254.562	251.836
01:19:30	14.861	13.937	13.748	35.156	38.127	36.186	134.716	134.778	134.478	252.732	253.728	252.83
01:20:00	15	15.125	14.22	32.761	38.971	36.488	131.417	138.226	138.763	249.79	248.882	253.539
01:20:30	13.65	13.996	13.936	33.75	36.941	37.157	131.41	135.754	135.026	254.371	254.114	260.431
01:21:00	15.424	14.438	14.206	33.188	36.778	36.104	129.67	136.12	134.753	249.749	254.246	255.202
01:21:30	14.654	14.082	13.582	34.487	36.624	37.569	130.638	136.23	134.425	252.442	253.812	254.812
01:22:00	14.219	13.857	14.591	32.871	38.849	35.415	129.467	135.723	134.81	251.734	250.218	252.954
01:22:30	14.247	14.19	15.006	33.555	36.626	37.099	130.18	137.266	136.804	249.407	251.086	253.128
01:23:00	14.377	14.297	14.849	33.832	36.559	35.146	135.201	138.516	136.079	254.163	252.429	252.672
01:23:30	14.737	15.183	15.3	34.415	37.703	35.609	133.887	136.997	134.81	254.922	254.293	252.356
01:24:00	14.373	13.99	14.161	34.295	36.727	35.969	131.161	137.901	138.034	251.042	257.531	257.235
01:24:30	14.449	13.851	15.494	33.55	37.505	35.92	130.297	136.692	136.621	256.125	256.233	252.895
01:25:00	14.071	14.209	14.929	33.609	37.457	36.69	131.394	137.437	137.164	256.23	251.876	253.794
01:25:30	13.577	15.64	14.61	33.624	37.381	35.495	132.648	137.691	136.91	254.969	254.398	254.499
01:26:00	14.608	14.602	14.218	33.555	37.494	36.002	133.005	136.848	137.042	249.921	253.98	260.961
01:26:30	14.917	13.621	14.655	34.938	37.425	36.532	130.985	136.323	134.283	249.255	254.853	254.831
01:27:00	14.836	14.008	14.108	33.844	37.778	36.324	132.054	137.961	136.728	252.599	256.096	254.081
01:27:30	14.531	13.853	14.584	34.48	37.235	36.022	130.879	136.274	134.783	252.833	252.089	254.681
01:28:00	14.819	14.652	14.583	34.341	36.2	36.846	130.37	137.622	135.621	251.36	252.484	253.313
01:28:30	15.367	14.184	13.943	33.133	36.124	35.909	132.28	135.834	138.624	250.108	252.525	257.882
01:29:00	13.393	13.951	13.594	32.569	36.301	36.688	131.837	134.464	134.565	249.985	254.964	255.663
01:29:30	14.275	13.736	13.894	32.879	38.114	35.016	132.172	135.846	136.844	255.28	253.039	254.404
01:30:00	14.361	14.835	15.678	33.021	38.529	36.267	132.003	138.546	137.085	254.048	253.707	259.043
01:30:30	15.098	15.158	14.364	33.608	37.062	36.396	133.256	136.233	135.21	251.497	252.979	252.484
01:31:00	14.264	14.586	15.065	32.98	36.558	35.525	131.166	134.865	135.47	250.718	249.985	253.426
01:31:30	14.817	14.421	14.581	34.42	36.774	34.688	130.33	135.548	135.92	252.614	254.381	252.101
01:32:00	14.641	13.485	13.936	33.603	37.116	35.598	131.505	136.176	136.285	251.116	249.019	256.222
01:32:30	14.433	14.081	13.17	34.636	36.676	35.989	132.405	136.098	137.547	250.062	254.743	254.043
01:33:00	14.923	13.526	15.597	33.089	36.904	36.072	130.361	135.935	135.448	250.259	254.69	253.139
01:33:30	14.17	13.008	13.346	33.071	36.086	34.24	130.247	134.09	133.939	248.74	250.564	256.711
01:34:00	14.623	14.503	14.594	34.007	36.402	33.126	133.103	132.729	132.851	247.272	255.265	251.358
01:34:30	14.096	14.297	14.522	33.598	36.22	34.812	130.436	137.218	134.062	250.954	248.433	253.362
01:35:00	14.352	13.57	13.723	33.451	36.11	37.004	130.892	135.912	134.529	249.28	253.535	256.591
01:35:30	13.746	14.231	14.633	33.413	35.921	35.213	132.107	136.955	137.576	249.982	254.697	251.065
01:36:00	14.642	13.938	14.391	33.648	35.965	34.637	132.84	134.645	137.454	254.583	251.089	254.61
01:36:30	14.491	13.923	14.59	33.857	37.956	35.032	130.251	136.998	137.246	253.548	252.831	253.592
01:37:00	14.194	13.993	14.734	32.884	35.482	34.618	130.701	137.461	133.814	251.18	251.258	252.142
01:37:30	15.014	14.797	14.539	34.854	36.239	34.641	130.953	136.626	137.189	251.721	255.344	254.739
01:38:00	14.891	13.235	14.191	33.354	37.651	35.014	130.642	136.023	135.152	250.67	249.718	253.787
01:38:30	14.253	14.557	14.025	33.38	36.328	36.276	131.725	133.972	136.661	250.452	248.683	252.04
01:39:00	14.231	14.69	14.225	32.943	36.37	36.425	131.74	134.4	137.73	249.205	250.061	256.252
01:39:30	14.686	13.946	14.889	34.49	36.708	35.807	132.139	136.989	138.277	252.104	252.803	253.703
01:40:00	13.89	14.088	14.253	32.475	36.956	35.709	130.044	135.176	135.077	249.512	254.196	251.386
01:40:30	14.988	13.186	15.614	32.955	35.806	35.383	129.488	139.534	137.609	250.824	248.83	251.302
01:41:00	14.929	13.702	15.02	34.039	36.417	35.272	129.811	136.312	135.541	253.199	249.669	252.826
01:41:30	15.228	14.127	14.951	34.648	37.252	35.347	134.025	137.205	135.142	252.246	251.802	255.897
01:42:00	14.812	14.358	14.377	33.423	36.357	34.954	131.63	136.583	136.43	252.745	250.874	255.194
01:42:30	13.898	13.825	14.894	34.089	36.458	36.151	130.348	134.325	134.34	250.158	254.245	252.633
01:43:00	14.088	13.281	15.151	32.301	35.788	36.558	131.457	135.306	135.071	250.242	252.206	254.688
01:43:30	14.563	14.238	13.357	34.335	37.109	36.194	133.591	137.422	136.672	250.769	252.609	255.231
01:44:00	14.06	14.966	13.859	33.752	36.731	35.623	129.453	135.251	134.388	248.674	249.925	251.875
01:44:30	13.784	15.141	13.387	32.488	36.756	35.365	130.144	136.937	136.718	250.489	252.071	253.518
01:45:00	15.441	14.635	14.545	32.272	37.191	34.788	131.289	136.685	135.693	250.668	249.664	252.278
01:45:30	14.096	14.075	14.929	33.316	36.295	36.218	132.49	137.79	137.829	251.812	252.328	251.471
01:46:00	14.52	13.533	14.927	33.514	37.392	37.106	129.885	135.76	134.472	248.808	248.197	251.837
01:46:30	14.619	13.904	14.14	32.625	35.662	35.176	131.626	136.623	133.214	250.001	249.925	257.497
01:47:00	14.214	13.875	14.743	32.174	36.263	35.385	133.287	134.619	131.905	248.095	251.847	253.68
01:47:30	14.443	13.59	14.68	32.369	35.948	33.923	130.583	132.95	134.913	250.595	248.959	248.609
01:48:00	14.574	14.21	14.395	33.312	36.52	35.273	129.034	136.458	135.843	250.196	252.344	253.355
01:48:30	14.18	14.583	14.149	32.733	36.576	37.492	131.038	135.042	134.4	250.37	249.91	255.18
01:49:00	13.449	13.271	13.751	31.662	36.495	35.849	131.56	135.364	135.252	249.087	250.037	250.919
01:49:30	14.563	15.12	14.129	33.314	36.214	35.777	131.436	133.983	134.801	252.322	251.727	253.456
01:50:00	14.555	13.643	13.956	33.156	35.139	34.838	129.449	131.437	132.675	249.283	251.722	249.133
01:50:30	14.307	14.056	14.469	34.104	35.656	36.319	127.822	132.655	131.616	250.482	249.92	253.634
01:51:00	14.309	15.251	14.564	32.399	37.768	34.644	132.334	135.524	133.875	247.657	248.929	251.997
01:51:30	15.341	14.775	14.836	32.931	36.69	35.803	130.824	135.834	133.743	248.708	251.663	252.268
01:52:00	14.321	14.378	14.717	32.353	36.01	35.209	130.951	135.099	133.669	248.498	250.093	251.867
01:52:30	14.467	14.317	14.386	33.549	35.972	34.994	129.573	134.563	135.522	251.317	253.7	253.842
01:53:00	15.065	14.304	14.928	31.84	37.378	35.903	128.991	135.747	132.414	251.598	249.749	251.487
01:53:30	14.018	13.952	14.29	32.519	35.836	35.641	129.015	137.766	136.831	251.342	252.182	253.224
01:54:00	14.079	13.819	14.767	33.044	36.773	36.596	131.088	134.728	136.294	250.117	249.803	251.966
01:54:30	14.345	14.024	14.443	34.035	38.193	35.826	127.317	132.972	133.304	250.775	246.168	250.265
01:55:00	14.442	14.182	14.503	33.678	36.025	35.073	129.37	135.752	133.608	252.36	250.938	252.156
01:55:30	14.318	14.374	13.877	33.109	37.044	35.038	128.563	135.877	135.088	247.68	249.592	248.596
01:56:00	15.101	14.982	14.661	33.449	35.934	34.776	132.067	136.755	135.263	248.439	250.952	253.293
01:56:30	15.028	14.192	14.26	31.578	35.621	34.066	131.006	134.869	134.153	246.806	250.694	250.58
01:57:00	13.781	14.277	14.799	33.237	37.342	34.068	133.219	135.132	136.25	252.205	249.389	252.603
01:57:30	14.102	13.848	15.384	33.293	36.744	34.921	128.669	135.356	131.532	249.03	252.331	249.023
01:58:00	14.635	15.521	13.656	34.47	35.953	34.34	129.606	133.783	132.945	249.357	250.919	251.993
01:58:30	15.414	14.281	13.538	33.927	37.141	35.714	128.62	135.353	135.834	246.924	249.031	250.07
01:59:00	14.547	13.99	15.458	33.079	36.481	35.025	128.464	134.624	132.804	247.782	245.968	249.998
01:59:30	14.295	14.432	14.879	32.174	35.951	35.126	130.598	135.199	134.02	251.081	249.781	252.92
02:00:00	14.41	13.492	14.849	33.777	36.175	34.703	130.607	135.386	134.37	250.008	248.916	255.572