Time	25_1	25_2	25_3	50_1	50_2	50_3	100_1	100_2	100_3	150_1	150_2	150_3
00:00:00	63.307	61.2	70.231	121.157	115.379	120.851	244.211	235.974	238.885	357.993	385.904	358.448
00:00:30	62.663	58.554	63.429	114.822	112.792	111.552	234.781	223.361	232.605	346.822	361.084	346.647
00:01:00	60.538	53.372	58.666	111.165	109.207	107.02	221.493	222.136	224.519	331.737	334.249	336.047
00:01:30	57.503	51.261	53.601	110.784	102.753	104.32	221.331	211.874	214.007	327.182	328.651	320.878
00:02:00	53.888	48.972	50.532	104.772	99.287	99.986	214.506	209.777	208.673	314.563	316.258	315.796
00:02:30	50.984	47.628	48.624	104.841	96.631	99.098	205.486	202.875	201.423	310.008	305.02	310.912
00:03:00	47.19	43.903	46.896	99.618	94.534	92.452	201.582	194.606	198.077	302.914	301.745	304.224
00:03:30	47.905	43.674	44.65	95.366	90.377	95.897	194.433	187.905	187.556	301.149	297.511	300.854
00:04:00	44.619	42.121	43.329	95.288	89.076	89.701	189.622	183.129	182.48	296.402	290.517	294.283
00:04:30	41.909	41.76	42.721	89.748	86.422	89.507	183.207	178.046	180.715	291.021	290.654	297.851
00:05:00	42.467	39.083	41.662	90.261	83.654	85.603	177.991	175.833	176.294	290.173	285.291	295.061
00:05:30	40.236	37.233	40.656	85.404	82.897	84.512	172.559	171.727	172.134	289.024	287.884	290.183
00:06:00	40.343	38.545	36.708	86.274	80.474	82.31	171.357	167.063	168.575	286.616	285.374	287.625
00:06:30	36.649	35.492	37.826	82.922	79.463	81.433	169.083	163.797	162.804	282.755	279.095	287.733
00:07:00	36.749	35.795	35.843	83.819	78.369	79.434	161.079	159.86	163.443	279.793	276.024	283.367
00:07:30	34.625	35.047	33.68	83.351	77.087	77.608	160.905	156.93	160.731	279.022	279.085	283.185
00:08:00	35.478	33.997	34.163	76.989	74.328	76.711	155.334	155.722	157.268	279.487	276.07	282.834
00:08:30	33.958	32.432	32.698	78.156	73.441	75.922	156.815	153.845	156.236	278.604	276.389	279.747
00:09:00	33.941	31.202	32.518	78.816	73.228	74.423	151.043	155.723	155.487	278.144	272.134	280.162
00:09:30	32.406	31.364	31.091	76.743	70.661	73.901	151.387	151.098	154.54	275.224	272.159	277.786
00:10:00	32.934	31.018	32.07	73.557	71.226	72.772	148.978	152.444	154.332	275.1	270.796	275.885
00:10:30	31.064	29.776	30.689	73.31	69.595	71.562	149.557	148.933	152.575	276.199	270.67	276.805
00:11:00	30.988	31.308	30.566	72.811	67.628	70.955	146.808	149.699	152.11	275.53	271.445	276.072
00:11:30	29.409	29.503	29.81	70.997	66.378	70.842	148.265	150.781	149.847	275.32	269.299	274.497
00:12:00	30.289	27.636	27.751	69.155	66.236	67.566	145.169	147.627	150.434	269.613	271.446	274.247
00:12:30	29.598	28.952	26.507	68.529	64.336	68.621	141.956	144.155	147.997	272.807	266.972	276.321
00:13:00	28.287	27.776	27.994	67.134	62.184	66.386	142.289	146.089	148.67	271.845	269.618	274.312
00:13:30	26.999	26.429	27.004	67.53	62.076	65.391	142.358	146.536	147.003	265.89	267.505	273.803
00:14:00	26.899	26.409	27.126	66.285	62.736	64.297	141.454	145.904	144.457	271.679	267.732	269.512
00:14:30	27.51	25.473	26.437	66.168	60.824	63.269	143.684	146.066	145.771	267.694	267.803	272.404
00:15:00	24.885	26.264	26.23	64.18	61.596	62.537	139.228	142.578	145.469	266.774	265.546	270.192
00:15:30	26.706	26.197	25.387	63.889	59.226	63.876	138.229	141.08	146.049	263.994	262.141	268.021
00:16:00	27.261	24.668	26.129	63.73	58.501	61.807	140.242	142.894	144.77	267.178	266.316	271.206
00:16:30	25.245	23.342	25.103	62.671	58.602	61.218	135.864	141.755	145.526	267.04	260.705	271.599
00:17:00	24.319	23.742	24.338	61.758	57.476	59.395	133.482	140.305	142.186	264.711	264.372	271.404
00:17:30	24.951	23.039	23.521	61.59	56.271	58.941	137.329	138.54	142.078	267.1	262.397	267.514
00:18:00	23.082	23.2	24.479	61.801	56.25	59.934	135.804	139.093	139.662	265.468	263.157	266.793
00:18:30	23.746	22.324	23.835	60.522	56.154	57.681	134.369	139.946	141.961	264.9	263.549	265.146
00:19:00	23.65	22.931	22.949	59.839	54.304	59.604	135.346	140.818	142.282	265.791	262.046	265.893
00:19:30	23.637	21.262	22.333	60.361	54.438	57.381	134.143	138.124	139.757	264.357	261.99	263.252
00:20:00	23.216	22.073	21.958	57.81	54.6	58.093	135.18	139.291	142.579	263.706	264.254	264.666
00:20:30	22.795	22.094	21.506	57.246	53.979	58.257	132.534	136.351	139.821	262.174	260.942	267.145
00:21:00	23.182	21.649	21.63	57.48	53.723	56.02	130.6	134.229	137.135	262.588	259.211	267.484
00:21:30	22.285	20.567	20.986	57.712	52.693	55.932	131.359	137.273	140.324	262.249	256.099	266.483
00:22:00	21.673	19.755	20.855	56.801	51.139	54.675	133.913	139.401	137.753	263.577	256.351	266.276
00:22:30	20.995	20.208	20.204	55.2	52.644	54.501	131.982	137.083	138.68	263.024	256.778	263.465
00:23:00	21.223	20.051	21.249	55.57	51.54	55.273	131.896	136.677	139.113	261.913	257.239	261.276
00:23:30	20.736	20.4	19.974	53.31	51.141	55.969	131.949	132.588	137.687	258.414	257.691	262.165
00:24:00	21.374	19.555	20.55	55.207	49.812	54.959	132.719	135.667	136.347	260.687	259.643	263.678
00:24:30	20.075	19.23	20.248	53.256	49.147	54.15	129.816	135.488	134.859	261.883	257.118	263.534
00:25:00	20.755	19.365	19.15	54.812	50.244	53.615	131.438	133.116	135.676	258.842	257.8	261.64
00:25:30	20.407	18.432	19.56	54.653	50.449	52.899	129.714	133.061	136.189	261.496	258.768	262.61
00:26:00	19.524	20.147	20.741	53.422	48.936	53.548	129.667	135.983	136.736	263.678	257.854	261.874
00:26:30	18.782	18.603	18.989	52.681	48.075	52	130.38	130.388	135.525	261.826	258.416	259.913
00:27:00	19.285	18.937	18.98	51.41	49.305	52.174	131.181	130.933	134.757	257.642	256	257.561
00:27:30	20.187	17.717	18.254	50.782	47.253	52.259	129.623	130.185	139.032	260.155	258.257	259.134
00:28:00	18.668	18.193	18.188	52.039	46.989	50.701	128.906	132.704	134.822	263.964	257.817	259.764
00:28:30	19.213	17.852	17.924	52.059	46.8	50.189	128.386	131.781	133.151	256.954	255.629	259.152
00:29:00	18.398	18.749	18.377	50.597	46.824	50.948	128.551	131.005	134.491	259.026	254.583	260.364
00:29:30	18.294	18.078	18.249	50.994	47.411	51.357	129.376	131.821	132.458	256.996	259.725	260.735
00:30:00	18.693	17.22	18.048	50.277	45.603	50.475	127.614	133.713	133.751	259.536	254.569	260.144
00:30:30	18.861	17.306	18.334	50.38	45.223	49.09	128.382	129.643	131.294	260.533	252.856	261.131
00:31:00	18.496	17.365	17.902	49.16	45.209	49.205	127.563	129.757	134.037	262.795	253.763	256.449
00:31:30	17.643	16.994	17.776	50.695	44.346	48.847	126.449	133.337	134.332	256.485	256.363	255.113
00:32:00	17.452	16.365	16.895	50.307	44.974	49.359	127.09	131.116	133.729	256.575	254.259	255.998
00:32:30	17.406	15.937	16.989	48.694	45.216	50.024	129.557	129.86	131.052	256.1	255.403	261.492
00:33:00	17.998	17.184	18.379	47.27	44.886	49.42	127.098	129.411	130.692	259.508	256.602	255.929
00:33:30	17.016	16.524	17.602	48.129	43.001	47.883	125.047	128.482	131.831	258.089	253.228	259.18
00:34:00	17.869	16.731	16.596	47.872	45.084	48.789	126.512	129.755	132.92	258.992	257.171	260.449
00:34:30	17.704	16.693	17.415	46.416	43.479	47.244	126.604	129.676	131.604	258.119	252.255	254.613
00:35:00	18.21	17.488	16.497	47.383	42.385	46.88	126.233	129.024	130.326	253.54	249.857	254.526
00:35:30	17.475	16.825	16.654	48.112	44.059	48.623	125.298	130.773	131.538	256.837	252.244	254.19
00:36:00	17.347	14.772	17.155	45.935	43.946	48.102	126.457	131.92	130.407	254.06	254.304	256.876
00:36:30	17.857	16.644	16.682	47.782	41.748	47.66	126.948	128.429	131.605	254.262	249.685	257.997
00:37:00	17.409	16.227	15.79	47.738	43.758	47.499	126.875	129.227	134.056	256.234	256.826	256.519
00:37:30	17.085	15.503	16.455	44.793	42.416	47.133	125.15	131.072	131.372	254.925	253.454	259.229
00:38:00	16.487	15.847	16.286	45.563	41.902	47.531	123.274	127.4	130.988	255.042	252.371	257.665
00:38:30	16.329	15.616	15.873	44.996	42.664	46.785	124.845	128.225	130.965	258.7	252.707	255.561
00:39:00	16.369	16.626	15.709	45.245	42.78	45.085	124.24	128.565	128.099	254.72	250.889	257.822
00:39:30	16.447	15.881	16.334	45.683	42.72	45.881	127.976	128.443	132.479	257.634	256.493	261.017
00:40:00	15.26	16.641	16.086	44.968	43.272	45.227	124.953	127.996	133.768	256.412	249.422	254.991
00:40:30	17.013	14.964	15.778	44.947	42.493	45.352	125.479	126.835	129.69	255.198	253.383	254.316
00:41:00	16.862	15.614	16.229	45.2	41.407	46.181	123.168	130.832	132.405	253.325	255.143	258.848
00:41:30	16.131	14.666	14.861	44.116	41.42	45.705	124.949	128.246	127.398	254.99	251.818	256.033
00:42:00	15.914	15.288	15.677	43.227	40.892	43.573	123.675	127.128	129.3	256.431	251.826	254.192
00:42:30	15.804	14.687	16.564	46.1	40.033	45.897	126.114	126.668	130.036	255.189	251.248	255.6
00:43:00	15.643	14.768	15.318	43.109	42.061	44.971	122.643	128.038	127.151	253.115	252.626	256.203
00:43:30	16.653	15.141	15.199	44.129	40.11	43.293	122.167	128.707	128.616	254.621	249.834	254.462
00:44:00	16.187	14.852	15.298	44.16	40.755	46.059	124.025	127.839	127.921	253.087	250.667	255.384
00:44:30	15.72	14.37	16.15	43.889	41.285	45.392	121.512	126.187	131.993	254.045	248.832	255.156
00:45:00	15.626	14.58	15.136	42.624	41.343	43.859	121.2	126.39	128.745	252.983	250.961	254.139
00:45:30	16.043	16.003	15.101	42.81	41.165	44.642	123.911	126.395	131.732	252.737	252.079	254.811
00:46:00	16.091	14.756	14.711	42.869	40.752	43.947	123.433	127.097	126.021	256.503	248.406	253.272
00:46:30	15.956	15.067	15.383	42.86	39.59	44.254	123.252	125.595	127.666	255.232	250.091	251.356
00:47:00	15.968	14.927	15.676	42.21	40.126	42.878	119.821	128.478	129.356	254.878	252.873	254.584
00:47:30	15.503	14.88	15.735	43.108	39.521	43.11	123.834	125.969	126.938	256.277	249.148	252.264
00:48:00	15.346	14.903	15.741	42.678	40.422	45.106	122.327	128.18	128.687	249.708	245.496	253.451
00:48:30	14.791	14.929	14.951	42.947	39.497	42.52	122.998	125.851	129.311	250.35	248.929	255.501
00:49:00	15.454	14.089	14.796	41.464	39.885	42.87	122.821	124.051	128.847	253.142	249.156	253.03
00:49:30	15.701	14.783	14.654	42.205	39.694	43.721	122.339	126.894	128.354	251.142	248.988	254.603
00:50:00	13.577	13.545	14.632	42.882	39.158	43.545	123.903	126.844	130.745	254.432	247.397	253.329
00:50:30	16	14.698	15.091	41.597	40.104	43.069	122.681	125.276	128.372	250.653	250.816	251.447
00:51:00	15.364	14.231	14.723	42.305	38.194	41.769	120.713	123.838	127.061	252.766	249.708	252.227
00:51:30	14.816	14.809	14.856	41.895	39.735	42.249	122.471	126.648	128.594	252.512	249.289	253.478
00:52:00	15.126	13.909	14.492	42.303	38.279	42.217	123.784	123.458	127.425	253.318	248.359	250.71
00:52:30	15.747	14.022	14.782	40.747	39.128	41.523	123.669	127.365	128.775	249.576	251.733	256.238
00:53:00	14.489	14.261	14.176	42.382	37.786	40.693	121.184	123.928	128.634	251.095	253.194	252.701
00:53:30	15.511	13.78	14.202	39.657	37.288	40.279	122.241	124.241	127.782	252.15	250.358	249.715
00:54:00	14.891	14.787	14.491	41.999	37.631	42.192	120.016	126.197	126.152	252.681	249.208	250.867
00:54:30	15.078	13.691	14.727	39.724	39.472	42.061	121.237	124.907	129.732	251.506	250.566	247.98
00:55:00	14.505	13.637	14.476	40.277	38.086	41.802	122.724	126.003	128.047	253.08	249.383	251.99
00:55:30	15.158	14.097	14.629	39.755	37.85	41.904	121.791	124.829	127.045	251.598	250.34	251.841
00:56:00	15.683	14.168	13.888	39.821	39.128	41.477	120.742	127.02	125.805	252.318	249.788	250.135
00:56:30	14.602	13.899	14.025	40.708	38.132	40.993	122.496	125.612	129.381	254.36	250.819	258.445
00:57:00	14.882	13.236	14.957	40.144	38.238	41.397	123.661	122.465	125.122	251.785	249.082	254.065
00:57:30	13.59	13.197	13.254	40.68	36.622	40.186	119.552	124.871	128.056	251.443	246.663	253.282
00:58:00	13.812	13.563	15.082	40.631	38.039	40.269	120.6	123.578	128.068	252.022	248.162	249.664
00:58:30	15.469	12.954	14.605	39.621	35.935	41.356	122.542	123.461	125.373	251.885	249.631	250.342
00:59:00	14.069	13.429	15.097	41.34	36.552	39.782	119.031	124.832	125.125	250.025	248.463	251.532
00:59:30	15.278	13.749	13.873	40.28	36.808	40.65	120.631	126.097	128.19	252.793	250.299	255.399
01:00:00	15.631	13.347	14.326	38.895	37.235	40.914	120.249	125.372	126.625	251.762	248.121	252.756
01:00:30	14.422	14.079	13.813	39.205	37.164	40.423	119.15	126.996	127.055	249.971	248.204	252.728
01:01:00	14.16	13.433	14.051	39.798	36.738	41.699	120.737	124.504	126.54	251.054	249.03	248.175
01:01:30	14.003	13.656	14.496	39.684	37.994	40.15	119.527	124.027	129.086	248.624	248.613	250.759
01:02:00	13.701	13.663	14.027	39.745	37.687	40.99	122.403	124.161	126.529	251.551	249.419	252.332
01:02:30	14.886	13.45	13.91	39.208	37.001	40.04	120.505	122.539	125.34	252.613	247.831	248.261
01:03:00	14.313	13.441	14.355	38.58	36.441	38.196	123.115	122.735	127.223	251.532	242.816	250.462
01:03:30	14.426	13.538	14.06	39.909	37.096	41.04	118.85	122.176	124.539	250.445	247.019	249.679
01:04:00	15.473	14.155	13.993	39.817	37.202	40.44	119.292	126.399	127.795	250.97	246.964	251.454
01:04:30	14.906	13.602	13.989	37.196	36.012	38.945	122.243	123.237	126.15	251.104	244.6	249.908
01:05:00	13.383	13.828	14.397	40.225	38.225	40.848	120.607	123.952	125.526	249.011	244.522	249.737
01:05:30	15.037	13.336	13.93	39.762	37.623	40.633	119.978	124.708	125.695	251.117	248.399	249.004
01:06:00	14.151	12.643	13.942	36.935	36.374	38.494	120.192	125.672	127.305	250.963	246.684	250.328
01:06:30	13.693	13.831	13.552	37.905	35.774	39.327	117.422	121.1	126.218	247.216	249.894	251.225
01:07:00	13.862	13.173	13.539	37.974	35.816	38.547	118.522	124.769	126.711	250.19	245.286	254.467
01:07:30	14.527	13.287	14.016	39.269	36.304	38.757	121.277	121.826	124.371	250.829	249.853	249.542
01:08:00	13.85	12.572	13.183	39.03	35.047	38.64	117.249	122.727	125.899	248.772	246.906	250.315
01:08:30	13.836	12.948	13.298	38.424	35.059	38.996	120.711	124.243	124.474	251.96	247.389	253.469
01:09:00	13.94	13.322	13.469	38.73	35.3	38.978	118.319	123.003	125.88	248.703	247.601	251.071
01:09:30	13.861	12.571	14.472	37.803	34.675	39.252	118.882	122.126	122.716	251.964	245.261	248.658
01:10:00	14.462	12.646	13.716	39.739	34.606	38.571	120.079	124.879	125.001	250.907	248.458	250.669
01:10:30	13.326	12.857	13.193	37.898	35.088	37.354	115.336	121.809	124.687	250.231	245.029	249.725
01:11:00	13.599	13.524	13.146	38.038	35.4	37.988	118.75	121.575	125.387	248.327	246.05	247.255
01:11:30	14.146	12.915	13.733	36.795	36.158	38.743	116.777	122.827	126.733	247.837	245.941	251.132
01:12:00	14.287	12.821	13.738	38.315	34.04	39.356	118.24	120.068	126.238	247.914	247.722	250.681
01:12:30	15.142	12.818	13.877	37.613	35.373	38.929	117.416	122.841	125.002	248.857	247.93	246.867
01:13:00	14.691	12.079	13.534	38.059	35.71	39.773	119.635	122.836	125.724	245.69	244.657	245.736
01:13:30	14.289	12.634	13.679	38.28	35.739	37.81	120.232	124.265	126.09	249.18	245.625	248.07
01:14:00	13.509	12.702	14.86	38.293	34.748	37.138	118.113	127.145	125.83	248.567	243.492	249.989
01:14:30	13.529	13.117	12.5	37.342	34.693	38.622	117.918	122.684	124.006	248.093	247.378	248.338
01:15:00	13.874	12.414	12.879	37.064	34.135	38.581	119.524	124.412	125.813	248.48	247.757	250.618
01:15:30	13.238	13.071	13.302	37.593	35.693	38.151	117.005	122.173	125.807	252.002	246.147	249.097
01:16:00	13.927	12.489	13.237	38.082	36.66	37.268	115.993	120.429	123.283	245.796	245.314	248.787
01:16:30	13.728	12.348	13.823	36.691	35.98	37.122	119.32	123.138	124.749	247.841	246.085	248.586
01:17:00	13.555	12.957	13.586	38.154	36.064	39.656	117.922	123.917	126.772	247.849	242.434	250.048
01:17:30	12.952	12.893	13.009	37.64	33.916	35.745	117.856	123.109	122.823	244.909	245.069	247.485
01:18:00	13.66	13.287	13.789	37.943	33.999	37.651	119.573	122.925	124.136	246.312	247.099	249.114
01:18:30	13.578	12.731	13.438	38.558	35.594	38.554	116.95	121.881	124.674	246.923	245.47	248.499
01:19:00	13.342	13.645	13.297	37.379	34.568	36.856	115.73	120.845	125.95	247.282	243.909	250.596
01:19:30	12.919	12.525	13.217	36.983	33.565	37.92	118.772	121.548	126.9	246.971	239.685	248.818
01:20:00	13.266	12.599	13.79	36.969	33.465	36.593	115.138	120.983	124.467	248.537	243.719	245.952
01:20:30	14.343	12.427	12.94	37.621	34.708	38.297	119.946	123.057	127.254	251.799	245.82	249.555
01:21:00	13.83	13.183	13.479	38.823	33.531	37.186	117.457	123.424	125.39	249.787	243.635	245.963
01:21:30	12.767	12.362	13.198	38.275	32.159	37.79	118.436	122.592	125.276	247.739	242.657	249.35
01:22:00	12.946	13.029	13.995	36.726	33.361	36.468	118.092	122.031	125.681	248.6	244.202	247.758
01:22:30	13.239	13.562	13.007	37.598	33.231	37.015	119.024	122.38	125.716	247.526	243.517	248.317
01:23:00	12.44	12.836	14.08	37.288	32.928	37.082	118.469	120.936	125.153	248.485	242.675	242.471
01:23:30	13.224	13.978	12.987	35.572	34.499	36.103	116.859	121.294	120.768	248.131	244.097	250.128
01:24:00	13.873	13.586	14.515	37.793	33.323	37.964	116.967	124.605	124.233	244.551	247.042	246.616
01:24:30	13.553	12.26	13.469	35.943	32.556	35.442	117.78	122.242	124.261	249.433	245.543	248.998
01:25:00	13.481	13.693	14.519	36.787	32.589	36.533	119.103	123.292	123.391	250.317	243.514	246.331
01:25:30	14.441	13.011	13.257	36.624	32.568	36.558	118.907	122.949	122.607	243.572	243.869	249.233
01:26:00	14.038	12.244	13.307	35.866	31.962	38.317	117.901	121.123	125.229	248.25	244.908	246.068
01:26:30	12.304	11.839	13.443	35.45	33.168	37.304	115.714	123.354	122.169	247.657	245.796	247.549
01:27:00	14.006	13.179	14.195	37.453	32.495	38.039	118.426	122.043	124.664	247.032	247.02	246.505
01:27:30	13.722	12.771	14.408	36.145	32.863	35.69	116.921	122.774	124.979	244.681	245.739	244.263
01:28:00	14.02	12.918	13.571	35.807	32.862	37.938	117.921	121.002	124.295	245.373	244.027	247.356
01:28:30	14.148	12.8	12.987	36.545	30.724	36.7	117.57	120.559	125.68	243.856	244.736	245.83
01:29:00	13.505	12.382	13.247	35.864	33.137	37.277	116.815	120.547	122.448	245.712	243.403	247.14
01:29:30	14.376	12.342	13.191	36.074	31.253	36.142	116.469	120.754	125.666	245.672	243.073	247.718
01:30:00	14.45	13.032	12.681	36.806	32.343	36.861	117.161	121.145	124.564	250.442	246.505	249.214
01:30:30	12.755	12.261	13.675	36.581	30.688	36.889	117.127	121.71	125.897	245.8	238.652	243.68
01:31:00	14.21	12.945	12.854	36.222	30.128	36.968	116.231	121.573	123.274	248.577	245.765	247.108
01:31:30	14.2	12.558	12.815	36.341	31.14	35.823	118.292	123.88	125.116	247.268	246.603	248.484
01:32:00	13.186	12.821	13.532	37.564	30.482	34.983	118.317	124.681	127.418	249.317	245.407	247.185
01:32:30	13.557	13.028	13.311	35.765	30.225	37.263	117.654	118.956	124.939	243.399	243.407	241.8
01:33:00	13.07	12.496	13.037	35.631	30.262	37.283	120.081	121.512	123.317	245.277	244.866	247.982
01:33:30	13.34	13.73	12.565	34.186	30.983	36.854	119.176	120.337	122.71	248.573	247.093	247.977
01:34:00	12.758	12.671	13.692	36.182	32.453	35.783	117.507	119.854	125.225	246.972	246.151	248.638
01:34:30	13.453	13.138	12.46	36.164	30.459	36.351	120.959	120.636	123.072	246.061	240.488	245.755
01:35:00	13.764	12.422	12.986	36.028	31.568	35.416	118.506	122.99	124.342	247.989	244.297	248.637
01:35:30	13.331	12.914	12.77	36.232	31.15	37.002	117.472	120.184	120.507	248.57	242.801	244.956
01:36:00	12.941	11.866	14.309	35.824	29.722	36.845	116.505	121.008	124.391	243.108	244.352	242.62
01:36:30	13.783	13.062	12.966	34.478	29.886	35.909	116.136	123.342	125.231	246.773	243.221	246.136
01:37:00	14.152	12.514	12.564	36.3	31.099	36.388	116.999	121.099	125.252	244.7	243.295	244.988
01:37:30	12.985	12.441	12.19	36.071	31.116	35.676	116.365	119.851	122.025	241.744	243.587	246.125
01:38:00	13.15	12.153	12.927	34.731	29.748	37.417	119.098	122.898	123.643	245.465	244.57	241.892
01:38:30	12.39	12.532	13.589	35.599	30.053	33.821	114.868	122.582	123.808	242.744	243.854	243.481
01:39:00	13.368	11.728	13.118	35.191	31.292	34.809	115.958	122.043	124.367	249.527	238.266	249.027
01:39:30	13.348	13.094	13.972	35.074	30.399	37.215	118.649	121.588	124.848	246.055	246.956	249.161
01:40:00	13.11	13.057	13.404	35.182	29.69	35.269	116.1	119.672	123.815	244.719	241.967	245.625
01:40:30	13.401	12.661	12.787	35.026	30.346	35.861	117.771	123.17	123.702	246.201	242.861	245.015
01:41:00	13.612	12.289	13.153	36.105	32.117	34.86	116.9	121.101	123.518	246.448	244.418	245.89
01:41:30	13.883	12.047	12.414	35.953	30.843	36.56	115.314	119.406	122.107	243.282	243.563	244.2
01:42:00	13.057	12.481	12.14	35.162	30.833	36.353	118.099	121.529	124.899	246.75	247.963	246.858
01:42:30	13.114	13.03	13.558	35.07	30.596	36.22	114.185	120.501	123.426	243.499	241.579	247.029
01:43:00	13.526	12.411	13.086	36.214	29.454	35.335	117.394	118.945	121.644	244.473	243.286	248.832
01:43:30	13.905	12.832	13.35	34.535	30.912	35.059	115.193	121.707	123.264	242.468	243.233	247.334
01:44:00	13.604	12.585	13.549	33.8	31.36	36.062	117.989	120.581	122.425	248.403	241.491	245.496
01:44:30	13.95	13.065	12.506	36.164	29.608	36.352	116.771	120.211	125.892	246.18	244.892	243.962
01:45:00	13.182	12.739	12.684	34.736	30.64	34.913	115.974	120.401	124.612	240.526	241.277	248.068
01:45:30	13.857	12.898	12.19	36.081	29.886	34.736	116.679	119.48	124.241	243.688	237.542	246.53
01:46:00	13.597	12.348	13.493	34.909	31.444	36.707	116.922	122.171	122.515	244.169	242.396	244.309
01:46:30	14.628	12.251	13.144	35.842	30.469	35.34	117.03	121.359	125.889	246.665	242.422	241.709
01:47:00	14.05	12.945	12.643	34.268	30.785	35.33	115.738	120.334	124.365	246.589	246.979	248.672
01:47:30	13.02	11.903	13.192	34.931	30.627	35.335	118.21	119.686	124.166	247.688	240.858	245.465
01:48:00	13.392	12.546	12.684	35.681	31.042	36.218	118.353	121.765	124.809	248.617	243.199	246.361
01:48:30	13.345	12.19	13.054	34.944	30.611	35.009	118.991	122.156	122.074	246.993	245.024	244.424
01:49:00	13.373	12.821	12.854	34.255	29.87	34.817	113.509	118.411	125.143	243.12	242.34	247.113
01:49:30	12.889	12.63	13.843	34.257	31.433	34.177	116.865	121.822	122.663	242.842	241.329	242.352
01:50:00	13.343	12.697	13.377	35.746	29.279	37.042	114.416	121.294	125.824	246.987	240.495	245.796
01:50:30	13.511	13.314	12.693	36.575	30.444	35.238	117.718	120.203	123.956	245.122	243.098	247.103
01:51:00	13.574	12.562	13.245	35.657	30.418	34.673	117.829	120.122	122.802	243.912	238.458	244.281
01:51:30	13.138	12.452	13.541	35.047	31.385	34.144	117.066	123.413	123.713	244.6	240.761	244.814
01:52:00	14.288	12.594	13.041	34.484	30.321	35.295	115.035	121.582	123.766	242.957	238.25	239.762
01:52:30	13.895	13.034	12.46	34.577	29.55	35.401	115.279	122.08	123.697	245.648	242.139	244.471
01:53:00	12.886	12.95	13.229	35.519	30.507	35.196	117.571	120.742	123.521	245.518	246.163	245.961
01:53:30	13.644	13.323	12.88	34.238	29.873	35.343	116.874	122.902	122.068	248.039	242.051	249.014
01:54:00	13.781	12.79	13.539	36.098	30.37	35.055	117.814	120.862	123.933	246.913	240.8	247.15
01:54:30	12.703	12.971	12.753	36.21	30.831	35.82	119.015	121.576	123.286	245.56	244.437	246.787
01:55:00	14.307	12.245	13.11	34.492	29.703	35.178	116.145	119.79	126.086	246.749	243.966	245.746
01:55:30	13.164	12.404	13.418	35.938	29.684	36.671	118.716	123.992	121.788	245.472	243.069	244.64
01:56:00	13.339	12.226	13.054	35.429	29.704	33.625	115.536	121.654	121.405	250.91	240.8	244.34
01:56:30	13.796	13.041	12.788	35.304	29.287	34.328	117.126	119.23	123.807	246.042	242.845	244.128
01:57:00	13.806	11.458	14.564	34.789	29.663	35.704	114.969	119.675	125.533	247.311	245.17	243.093
01:57:30	14.199	12.992	13.151	35.117	31.49	34.429	114.952	118.749	121.664	241.849	242.224	241.44
01:58:00	13.71	12.381	13.426	35.47	30.573	35.005	117.056	119.792	123.312	244.854	246.077	242.313
01:58:30	13.036	12.43	13.363	36.638	30.909	34.423	115.892	119.692	123.836	244.741	243.041	242.582
01:59:00	14.063	12.326	13.935	35.073	29.059	35.401	114.865	121.238	124.148	247.4	241.893	246.938
01:59:30	12.541	12.756	12.647	34.15	29.217	34.422	114.218	121.961	121.52	240.765	240.165	241.988
02:00:00	13.424	12.562	13.745	35.386	29.1	34.794	116.231	118.881	121.311	243.733	240.428	243.514