Time	25_1	25_2	25_3	50_1	50_2	50_3	100_1	100_2	100_3	150_1	150_2	150_3
00:00:00	64.97	63.623	63.861	125.826	132.536	135.772	248.749	239.546	239.096	361.24	362.511	354.628
00:00:30	66.128	60.493	59.222	117.222	116.454	121.819	237.23	232.15	234.244	348.393	352.682	343.649
00:01:00	57.62	55.707	54.628	113.304	107.204	114.288	227.968	220.902	224.882	333.07	337.387	329.429
00:01:30	49.848	51.265	51.544	109.446	103.89	110.413	217.521	211.596	214.927	323.796	325.398	308.366
00:02:00	47.235	48.573	47.062	104.248	100.284	104.529	211.629	207.06	208.011	314.004	312.326	298.067
00:02:30	45.098	46.542	46.224	101.471	96.321	102.582	207.426	200.339	202.438	306.791	310.766	289.635
00:03:00	41.585	44.208	44.806	99.479	93.829	97.718	198.944	194.515	195.036	304.774	301.674	284.523
00:03:30	39.321	44.489	44.426	97.801	93.042	97.187	193.734	189.221	190.029	303.09	294.724	276.158
00:04:00	37.688	42.68	42.34	93.812	89.373	93.162	188.368	184.886	184.609	297.762	292.663	271.424
00:04:30	36.506	40.174	40.801	91.475	87.289	92.505	182.882	179.309	182.185	296.73	284.374	271.094
00:05:00	35.242	39.595	39.577	87.555	85.824	92.157	177.94	174.65	178.722	289.786	281.719	266.401
00:05:30	33.995	38.961	39.212	85.124	82.619	85.843	174.918	170.12	168.888	285.195	281.593	268.617
00:06:00	33.223	37.662	37.934	85.083	81.87	84.696	171.086	163.66	169.374	291.768	285.009	262.565
00:06:30	31.052	36.338	35.837	82.362	77.38	83.717	171.166	163.767	165.276	289.262	281.471	259.428
00:07:00	31.059	35.321	34.321	81.314	77.5	85.283	165.159	162.588	162.263	284.303	279.292	257.61
00:07:30	28.992	35.822	34.373	78.508	76.02	81.582	165.505	158.4	161.083	284.092	280.691	258.04
00:08:00	28.38	33.908	33.707	78.906	72.573	79.832	163.58	154.443	161.966	281.051	279.605	257.666
00:08:30	28.267	34.315	33.626	77.444	72.407	76.468	161.34	156.926	159.4	277.562	279.165	258.184
00:09:00	26.649	31.723	32.367	74.789	69.781	75.997	158.411	154.1	157.815	276.747	279.499	249.546
00:09:30	25.683	31.501	31.373	73.211	69.694	75.427	161.309	154.224	157.286	278.133	275.716	253.912
00:10:00	25.389	31.376	30.413	73.084	68.404	74.983	157.314	154.489	152.221	277.481	274.561	251.58
00:10:30	25.172	28.983	29.204	69.292	68.06	73.278	155.546	149.68	151.766	275.861	273.467	253.347
00:11:00	23.589	29.056	29.044	70.973	67.73	70.849	154.023	149.333	155.175	272.891	272.828	248.189
00:11:30	24.674	28.321	29.379	71.734	66.011	68.925	152.019	148.828	150.217	270.543	270.147	246.66
00:12:00	22.737	27.935	28.072	67.508	63.394	68.434	150.8	144.699	151.802	273.476	271.215	245.767
00:12:30	22.069	26.558	26.566	65.989	63.864	70.494	149.565	147.79	151.719	272.554	273.666	247.484
00:13:00	21.37	27.605	27.823	65.963	60.266	66.757	149.989	144.383	148.806	269.314	268.079	247.602
00:13:30	21.148	27.196	25.573	64.416	61.856	66.845	149.181	144.104	147.176	273.095	267.486	249.701
00:14:00	20.344	26.088	25.821	66.417	61.04	64.99	146.481	145.618	151.035	270.209	269.131	247.805
00:14:30	21.015	24.076	25.377	63.146	60.39	65.088	149.255	141.94	144.401	271.228	267.075	244.519
00:15:00	19.987	25.495	24.889	63.424	58.98	63.913	149.033	144.043	144.444	270.721	271.994	249.692
00:15:30	19.671	24.278	24.945	61.806	58.646	65.162	143.247	140.271	146.927	272.705	270.617	243.908
00:16:00	20.076	24.695	23.655	61.819	56.806	63.008	144.328	138.246	145.393	269.92	265.29	242.049
00:16:30	19.361	24.129	23.542	62.153	56.586	61.486	144.084	142.163	144.922	268.815	264.246	243.202
00:17:00	18.36	23.392	24.175	59.184	57.284	61.95	146.205	143.199	143.129	263.598	270.406	242.904
00:17:30	18.415	22.227	23.606	58.549	57.397	58.671	142.211	138.945	143.042	268.528	267.359	246.095
00:18:00	17.078	22.42	22.671	60.267	55.255	59.629	144.375	140.779	144.458	266.472	265.572	242.364
00:18:30	16.824	22.845	22.371	59.528	53.918	58.911	143.352	140.428	141.022	266.34	262.226	243.68
00:19:00	17.657	21.493	22.703	57.094	54.673	58.378	144.52	140.049	142.984	269.713	265.733	240.02
00:19:30	16.627	21.91	20.968	56.742	55.275	58.993	144.214	136.697	141.31	264.329	266.369	242.52
00:20:00	16.896	21.335	20.5	57.46	53.02	57.759	141.48	136.949	142.563	264.877	260.787	243.397
00:20:30	17.815	20.541	21.118	57.152	51.617	57.259	142.682	135.52	141.383	264.841	260.881	237.893
00:21:00	16.996	20.676	20.577	56.098	50.625	57.927	144.502	138.19	143.016	263.822	265.404	243.289
00:21:30	16.527	21.215	21.165	53.844	51.631	56.133	140.118	135.401	142.573	265.932	263.338	237.017
00:22:00	15.76	20.929	20.855	53.973	50.223	53.841	141.395	137.343	138.495	264.385	261.371	238.271
00:22:30	16.18	19.507	21.041	56.364	49.58	52.689	140.21	134.304	140.576	263.218	256.945	239.095
00:23:00	16.366	19.996	20.761	54.029	49.401	54.253	138.128	135.006	141.03	264.694	261.381	239.043
00:23:30	15.789	20.202	19.829	53.292	49.021	53.478	142.221	135.512	139.152	266.377	261.662	239.086
00:24:00	16.147	19.64	21.051	53.971	49.959	53.292	141.818	135.137	140.445	261.142	262.62	236.611
00:24:30	16.043	20.584	20.357	53.484	47.481	51.754	141.289	135.62	139.612	262.377	260.195	239.769
00:25:00	15.436	19.632	19.702	53.542	47.725	51.993	140.699	133.753	138.752	260.557	262.219	237.711
00:25:30	15.864	19.149	19.346	52.659	47.651	52.138	140.573	133.274	140.854	264.966	258.921	238.165
00:26:00	15.387	18.584	18.946	51.41	46.556	51.492	139.512	133.856	136.304	268.284	260.656	240.701
00:26:30	15.631	17.902	20.025	50.099	47.964	51.417	138.775	133.602	137.699	261.46	258.372	240.663
00:27:00	14.735	20.542	18.656	51.5	46.131	50.536	138.826	134.585	140.825	260.897	261.485	236.537
00:27:30	14.071	18.748	18.856	51.553	47.648	49.28	138.441	135.35	138.502	261.732	260.433	240.016
00:28:00	14.925	19.73	18.353	50.226	46.731	50.334	138.538	133.639	136.386	260.249	259.88	235.916
00:28:30	14.542	17.891	18.315	51.229	47.071	51.443	137.769	133.825	137.765	262.305	260.064	235.816
00:29:00	15.271	17.445	19.145	51.061	45.179	50.547	138.71	132.653	138.354	262.743	263.311	236.607
00:29:30	14.693	17.855	17.492	49.835	46.843	49.695	138.291	133.066	136.461	258.066	260.766	236.61
00:30:00	14.049	17.389	17.179	49.922	45.469	49.621	139.719	131.111	135.931	263.448	258.685	238.705
00:30:30	13.834	18.044	17.206	50.259	44.635	47.721	137.411	132.622	136.439	260.788	262.038	234.945
00:31:00	14.128	18.715	17.929	49.131	45.658	50.629	138.41	132.913	136.113	260.459	258.089	234.574
00:31:30	13.029	17.068	17.272	47.681	45.372	49.211	135.359	132.587	138.54	259.812	258.873	239.396
00:32:00	13.449	17.008	17.356	49.348	44.63	48.961	136.369	128.575	136.79	259.919	256.798	236.942
00:32:30	14.425	17.403	17.682	48.283	43.773	47.371	139.955	132.861	136.493	263.535	261.813	235.709
00:33:00	13.433	16.535	16.653	48.72	44.205	47.028	137.543	130.465	136.428	258.691	260.742	235.776
00:33:30	14.306	17.139	18.012	48.582	44.788	48.216	137.362	132.744	135.616	265.837	263.791	235.851
00:34:00	12.581	17.867	16.523	48.718	42.984	48.624	133.752	132.138	135.774	257.668	259.899	239.299
00:34:30	13.309	17.025	17.213	46.189	43.125	48.2	137.658	132.511	134.943	263.766	259.326	235.961
00:35:00	13.751	16.296	16.947	47.389	43.689	46.683	138.037	131.513	136.386	258.33	258.534	236.735
00:35:30	13.447	17.193	16.649	45.984	44.164	46.174	136.307	132.064	137.465	259.415	260.898	236.839
00:36:00	13.75	17.2	17.439	46.184	42.589	45.859	136.692	131.352	134.005	260.471	258.479	236.221
00:36:30	12.94	17.013	17.085	45.931	43.005	45.932	136.512	130.166	137.293	254.472	256.727	231.998
00:37:00	13.492	17.077	16.482	46.514	42.257	46.29	136.704	130.425	134.672	256.89	256.457	239.212
00:37:30	13.136	16.663	16.979	45.757	42.076	46.737	136.792	130.763	135.105	259.411	257.06	236.769
00:38:00	12.471	15.959	16.256	46.921	41.841	43.574	137.891	127.788	134.302	260.326	258.732	234.57
00:38:30	12.652	16.355	15.762	45.996	43.127	45.463	140.165	131.4	134.453	258.78	259.394	237.968
00:39:00	12.989	15.931	16.335	45.61	43.051	44.903	136.301	132.371	133.076	259.593	256.701	232.921
00:39:30	12.611	16.315	16.526	46.67	43.137	44.641	137.694	132.09	131.548	258.701	259.398	237.431
00:40:00	13.628	16.57	16.626	47.506	42.152	44.195	134.254	130.244	135.39	257.943	259.276	236.386
00:40:30	12.602	16.115	15.985	46.745	41.593	45.151	136.525	129.678	134.853	260.348	257.866	232.758
00:41:00	12.685	16.785	16.481	45.264	41.945	44.758	135.948	131.439	136.514	263.503	253.803	233.697
00:41:30	12.246	16.452	15.388	45.759	41.784	40.891	135.381	129.486	132.563	259.596	259.331	231.872
00:42:00	12.117	14.859	15.559	43.891	42.535	42.369	134.092	129.005	133.148	256.288	257.446	232.462
00:42:30	12.638	15.894	15.409	44.76	41.247	42.908	135.948	128.134	135.829	256.115	256.044	232.252
00:43:00	12.889	16.39	15.207	45.053	40.492	43.574	135.231	129.61	135.95	262.211	256.893	232.717
00:43:30	12.448	15.738	16.27	44.776	41.378	42.453	135.57	131.742	135.161	259.649	254.527	234.916
00:44:00	12.253	15.518	15.227	46.302	40.875	41.773	134.242	128.916	136.084	259.744	257.792	235.97
00:44:30	11.743	15.357	15.832	44.906	41.716	41.756	134.575	130.345	133.587	255.624	254.89	234.185
00:45:00	12.727	14.832	14.806	44.983	42.118	42.455	136.003	129.63	133.223	256.681	259.2	230.486
00:45:30	12.743	16.231	15.642	43.501	40.62	42.814	135.187	130.341	135.131	255.524	255.076	235.422
00:46:00	12.969	16.587	15.31	43.592	40.893	42.321	133.589	129.871	134.884	255.729	255.389	233.498
00:46:30	12.802	15.687	15.649	44.122	40.183	40.473	133.757	127.653	133.145	257.54	256.935	234.801
00:47:00	12.75	14.835	15.722	42.7	39.234	40.904	131.379	129.067	132.044	256.862	255.704	230.288
00:47:30	12.289	15.111	15.56	43.519	40.873	42.752	135.208	129.702	133.905	254.619	256.286	230.297
00:48:00	12.001	14.875	15.601	43.997	40.469	40.914	134.852	129.009	134.793	258.062	256.9	232.918
00:48:30	12.639	14.944	15.45	42.218	39.775	40.217	135.414	128.672	134.745	258.104	253.523	233.084
00:49:00	11.896	15.104	14.929	43.068	39.302	40.064	134.225	128.868	132.411	256.195	255.451	231.384
00:49:30	12.213	14.417	15	43.681	40.007	39.646	132.206	129.227	131.595	257.695	253.502	235.016
00:50:00	11.661	15.054	15.106	42.193	39.137	41.747	133.976	130.385	131.539	256.284	254.941	234.494
00:50:30	12.144	14.34	14.969	42.667	40.234	42.143	133.405	126.847	134.852	254.787	253.314	233.269
00:51:00	11.902	14.86	15.216	41.47	40.324	40.654	132.895	128.078	130.218	254.895	251.119	231.501
00:51:30	13.229	16.652	15.58	43.433	39.282	42.084	134.129	127.549	130.752	256.412	252.371	232.094
00:52:00	11.983	15.087	15.389	42.66	39.869	40.214	133.868	127.7	128.902	254.056	253.13	232.969
00:52:30	12.57	15.377	15.058	41.36	39.142	40.31	133.597	129.82	132.645	258.651	256.525	232.705
00:53:00	12.184	14.972	14.913	42.563	40.264	42.612	134.344	130.072	132.214	254.38	255.677	232.081
00:53:30	11.65	13.73	13.891	43.336	39.946	40.757	134.899	127.663	130.205	254.407	254.188	232.497
00:54:00	12.439	15.604	15.304	41.46	38.185	41.114	133.973	126.046	132.519	257.926	252.234	228.085
00:54:30	12.611	14.469	14.963	41.656	39.008	40.852	132.16	127.501	134.043	257.13	255.417	233.41
00:55:00	12.7	15.366	15.027	42.489	37.605	41.428	131.916	127.64	133.005	255.275	252.265	230.164
00:55:30	11.426	14.587	13.841	42.396	38.771	40.284	133.301	127.412	131.022	256.35	254.868	231.153
00:56:00	12.152	15.087	14.8	40.69	38.425	39.452	133.075	128.058	133.573	253.597	253.437	233.402
00:56:30	11.749	14.524	13.882	40.27	37.743	39.856	134.183	126.153	130.365	254.451	251.965	230.421
00:57:00	12.455	13.676	14.491	40.469	38.097	40.419	132.752	127.495	134.062	255.643	253.483	229.332
00:57:30	11.586	15.54	13.708	41.881	38.864	39.744	134.58	126.982	132.196	256.978	253.115	230.126
00:58:00	12.067	15.61	14.285	42.114	37.939	38.02	131.987	129.675	132.868	253.646	251.855	231.47
00:58:30	11.712	13.32	13.516	40.305	39.281	39.602	132.099	129.295	132.487	253.843	253.421	230.314
00:59:00	12.157	15.439	14.336	40.878	38.208	41.946	135.101	128.037	132.427	255.597	253.337	231.244
00:59:30	11.196	14.758	14.532	40.988	38.18	40.018	130.192	127.028	132.248	254.143	251.658	231.054
01:00:00	11.594	14.409	15.128	42.466	38.399	40.465	132.413	127.892	132.608	252.577	254.501	231.547
01:00:30	12.086	15.062	14.498	42.663	39.243	39.737	135.387	128.406	133.565	252.469	259.034	233.452
01:01:00	12.254	14.64	15.397	41.655	36.905	39.894	132.086	126.575	131.851	257.259	253.396	232.503
01:01:30	11.087	14.157	14.211	41.293	39.259	40.222	133.219	129.588	132.95	257.3	255.222	231.062
01:02:00	12.826	14.551	14.397	41.429	39.544	39.536	133.263	128.76	132.31	253.534	253.876	233.436
01:02:30	11.967	14.71	14.707	42.301	39.346	38.584	131.581	128.235	131.205	256.678	258.489	227.245
01:03:00	11.518	15.153	14.491	42.212	37.942	39.516	136.236	130.573	130.057	258.8	257.203	235.447
01:03:30	11.814	14.309	14.129	40.668	38.947	39.954	132.475	127.934	132.095	256.986	252.972	230.787
01:04:00	11.432	14.072	15.157	40.946	37.215	40.19	132.785	127.472	133.415	252.976	252.13	229.431
01:04:30	11.685	14.178	14.681	39.988	37.778	39.194	131.363	126.948	131.853	254.329	252.454	228.589
01:05:00	11.652	14.74	13.976	41.259	38.312	38.941	131.777	125.187	129.572	254.717	255.489	230.856
01:05:30	12.162	14.651	13.746	40.535	37.676	38.686	131.489	130.275	132.056	254.772	251.772	231.698
01:06:00	11.899	14.798	15.492	40.034	36.931	39.829	131.235	124.732	130.039	251.364	254.001	232.769
01:06:30	11.826	14.522	13.767	40.259	38.069	39.037	130.424	126.249	134.525	253.575	254.648	233.51
01:07:00	12.477	14.581	13.97	41.328	37.474	38.254	130.133	124.949	130.222	251.173	251.635	228.185
01:07:30	11.643	14.36	15.124	41.126	37.525	39.668	134.623	130.194	131.909	254.972	252.881	233.037
01:08:00	11.595	14.677	14.096	41.305	37.584	39.543	133.013	126.794	134.587	253.743	251.681	230.992
01:08:30	11.888	14.212	14.103	40.307	37.218	39.312	132.135	127.133	131.434	251.674	254.28	232.956
01:09:00	11.954	14.778	14.82	41.073	37.638	38.379	131.523	124.951	130.105	257.289	248.872	231.252
01:09:30	12.153	14.481	14.525	40.198	36.763	38.349	132.913	125.429	131.609	256.153	250.764	225.315
01:10:00	11.615	13.963	14.622	40.717	36.448	39.025	129.616	126.649	130.846	254.129	255.991	227.722
01:10:30	12.162	14.133	15.625	42.548	37.974	39.241	131.604	127.83	129.681	254.804	250.967	231.372
01:11:00	12.79	13.974	13.734	40.223	37.698	38.752	129.557	126.155	129.513	254.382	250.058	232.022
01:11:30	11.645	14.39	13.49	39.379	36.639	38.603	130.036	127.179	131.348	251.217	249.893	230.242
01:12:00	12.043	14.552	13.668	40.165	36.726	39.606	134.243	128.939	130.22	253.41	252.717	230.299
01:12:30	11.972	13.498	14.265	41.065	38.143	39.517	132.956	125.766	131.135	257.627	250.502	231.552
01:13:00	10.89	15.248	14.218	40.4	38.798	40.201	132.126	127.634	131.989	256.016	252.414	232.743
01:13:30	11.655	14.081	14.572	40.877	38.21	38.461	129.542	128.766	131.183	256.403	252.712	230.033
01:14:00	11.027	13.777	14.574	40.24	38.506	39.196	131.341	126.226	131.819	254.408	254.45	234.513
01:14:30	11.019	14.238	13.185	40.713	37.206	39.667	133.307	127.156	129.449	256.259	252.459	228.31
01:15:00	12.743	14.117	14.347	39.961	38.132	39.014	133.541	129.375	132.179	257.363	256.23	229.806
01:15:30	11.487	13.631	14.95	40.225	38.542	38.537	130.203	125.823	129.982	252.767	251.094	228.21
01:16:00	11.606	14.705	13.754	40.464	39.647	39.042	132.139	126.772	131.405	253.731	252.739	231.472
01:16:30	11.773	14.486	14.537	39.278	36.852	39.421	133.982	125.742	133.709	249.728	254.295	229.081
01:17:00	11.498	14.535	14.359	40.626	36.632	39.328	133.71	128.017	129.539	257.22	253.35	236.207
01:17:30	11.979	13.894	13.947	40.921	36.486	38.148	134.731	128.236	130.699	253.663	251.236	231.142
01:18:00	11.52	14.804	14.33	39.848	37.447	38.392	130.245	127.347	129.598	255.627	249.029	230.644
01:18:30	12.492	14.607	13.93	40.372	37.54	38.763	128.874	127.307	130.005	253.379	250.69	231.136
01:19:00	11.643	15.629	14.112	40.766	36.446	37.939	132.65	127.762	130.235	249.485	247.306	230.824
01:19:30	12.277	14.067	13.868	40.833	36.423	38.711	131.841	126.05	128.361	251.161	251.24	226.804
01:20:00	12.266	14.294	14.692	38.542	36.418	38.89	133.024	126.158	130.919	250.734	249.01	227.696
01:20:30	11.903	13.829	13.633	40.761	36.477	38.92	129.932	124.756	129.561	253.384	252.623	227.023
01:21:00	12.17	14.444	14.146	42.659	36.736	38.844	128.602	125.773	131.278	251.105	249.406	230.766
01:21:30	11.302	15.02	13.868	38.656	36.736	39.231	130.239	125.639	130.457	250.186	252.195	229.302
01:22:00	12.251	14.023	14.835	40.579	37.069	36.342	127.293	124.995	130.776	251.41	250.12	226.775
01:22:30	11.894	14.634	13.303	40.716	36.947	37.487	132.956	127.052	130.187	248.214	255.572	231.808
01:23:00	12.32	14.636	14.077	40.453	37.157	38.663	133.288	125.16	131.057	255.148	251.063	230.965
01:23:30	10.865	13.801	14.13	41.385	38.464	39.661	132.521	126.833	129.415	255.644	254.196	227.515
01:24:00	11.721	14.074	15.2	39.553	37.562	38.822	132.558	127.947	133.07	255.115	252.161	225.997
01:24:30	11.239	13.862	14.016	40.79	37.935	39.176	130.828	127.361	130.631	255.389	252.486	228.27
01:25:00	11.882	14.9	14.173	40.513	37.117	39.207	128.945	125.993	130.055	251.685	252.788	227.61
01:25:30	12.481	14.582	14.722	40.343	37.261	39.644	132.382	128.062	130.46	255.538	251.705	231.938
01:26:00	11.551	14.714	14.962	40.298	36.911	38.124	131.514	127.252	129.545	253.422	253.459	228.835
01:26:30	11.331	13.499	14.188	40.251	36.026	38.575	131.694	126.057	131.416	252.34	251.381	227.848
01:27:00	11.258	13.507	14.024	40.8	36.883	38.361	132.802	126.852	133.711	259.214	247.974	230.795
01:27:30	11.536	14.622	14.724	38.626	36.025	38.937	130.944	126.04	132.013	253.739	252.418	229.15
01:28:00	11.742	14.365	14.255	39.73	37.38	38.899	130.728	124.952	131.239	254.629	251.644	227.674
01:28:30	12.033	14.628	13.589	41.893	36.012	39.657	132.17	127.945	129.242	252.919	254.035	229.046
01:29:00	11.726	13.698	13.967	40.343	37.386	39.747	130.741	127.543	128.62	253.105	254.434	231.492
01:29:30	12.215	13.791	13.865	41.045	36.239	37.553	132.588	122.562	131.147	248.402	252.075	230.066
01:30:00	11.949	14.915	14.332	40.815	36.962	39.273	133.703	127.503	132.441	255.752	251.818	231.979
01:30:30	12.204	14.074	14.802	39.128	36.816	37.244	129.298	124.15	128.164	251.765	250.262	228.646
01:31:00	12.26	13.979	14.032	39.757	36.366	38.98	130.192	125.609	131.439	253.474	250.572	226.482
01:31:30	12.296	13.576	14.907	39.772	36.048	38.577	130.851	128.805	129.786	251.589	248.635	233.192
01:32:00	12.077	14.059	14.751	40.198	36.981	37.055	129.139	126.197	130.237	257.712	250.077	233.738
01:32:30	12.064	13.916	14.413	40.335	37.506	38.274	131.585	124.928	131.141	253.112	253.651	229.216
01:33:00	11.735	14.519	13.484	39.79	37.443	38.151	132.274	126.171	129.343	252.954	250.085	231.12
01:33:30	10.974	14.011	13.732	40.32	37.554	36.622	130.15	125.617	128.968	249.906	252.576	228.027
01:34:00	12.18	14.109	13.599	40.068	35.907	38.178	130.994	124.683	126.62	253.766	250.018	229.334
01:34:30	12.743	14.057	14.313	38.999	36.914	38.415	129.964	125.679	131.302	252.284	249.681	228.501
01:35:00	11.567	14.397	14.475	38.802	36.063	38.527	131.006	128.357	129.883	254.847	250.953	227.547
01:35:30	11.634	14.555	15.756	40.434	36.892	37.15	130.269	127.491	131.44	255.22	252.546	232.013
01:36:00	11.571	13.908	14.171	39.522	36.523	37.721	133.35	126.678	134.258	251.526	252.353	230.307
01:36:30	12.052	14.623	13.26	41.7	38.542	38.665	132.154	127.287	127.722	253.082	254.986	231.543
01:37:00	11.477	14.48	14.125	41.138	36.249	39.564	130.706	127.238	129.369	252.801	250.646	229.333
01:37:30	11.427	14.538	13.889	38.963	35.507	37.867	127.897	125.499	129.81	254.229	254.033	225.854
01:38:00	12.125	15.077	13.344	39.911	37.059	38.119	130.613	126.436	128.175	248.986	253.576	229.388
01:38:30	11.946	14.689	14.515	39.357	36.52	38.667	131.144	124.598	131.194	253.749	251.082	224.789
01:39:00	11.93	15.084	13.844	39.809	36.871	37.781	130.677	126.724	128.831	253.793	249.415	227.269
01:39:30	12.649	14.406	14.235	38.856	36.219	38.834	130.219	125.927	131.347	254.706	253.317	227.99
01:40:00	12.675	14.81	14.117	39.896	37.232	37.86	131.286	125.198	130.546	249.681	246.791	228.914
01:40:30	12.128	14.445	14	40.619	36.801	37.372	130.391	124.384	128.182	252.376	250.406	226.149
01:41:00	12.556	14.652	14.126	40.232	36.207	37.963	132.107	125.246	130.979	253.279	249.134	228.362
01:41:30	11.96	13.831	13.85	40.203	37.132	38.26	131.124	128.206	129.457	252.681	250.77	226.813
01:42:00	11.822	14.154	13.941	40.41	37.438	39.367	134.022	126.535	128.987	255.138	252.39	230.615
01:42:30	11.746	14.788	13.425	39.524	36.369	39.157	130.164	125.638	130.083	251.36	251.708	228.264
01:43:00	12.463	14.391	13.591	40.924	35.222	37.978	133.599	126.956	130.871	250.897	248.196	225.629
01:43:30	12.283	13.769	14.225	41.445	37.09	38.057	131.701	125.097	130.021	253.872	250.743	231.165
01:44:00	12.63	14.961	14.252	39.283	37.051	38.664	130.378	125.469	128.233	251.681	251.124	227.93
01:44:30	11.437	13.666	14.481	38.75	34.954	38.415	132.306	125.202	129.014	248.679	249.186	228.839
01:45:00	12.124	13.78	13.758	39.707	36.425	37.962	131.899	126.759	130.116	253.756	247.589	226.842
01:45:30	12.286	14.365	14.392	38.584	35.825	37.943	129.985	126.182	132.343	254.662	247.258	229.809
01:46:00	12.386	14.309	14.184	39.918	37.417	38.368	129.471	124.114	128.586	252.532	251.452	226.262
01:46:30	12.408	14.356	14.293	40.895	35.837	37.827	130.133	127.211	131.497	253.74	250.318	228.422
01:47:00	12.24	14.831	13.585	39.897	38.782	37.664	131.451	125.094	127.522	253.299	244.547	228.734
01:47:30	11.936	14.458	14.867	40.032	37.213	38.201	131.184	123.807	129.11	248.197	249.821	228.057
01:48:00	12.686	14.691	14.17	39.504	36.951	37.389	128.722	125.595	129.141	249.992	247.391	227.221
01:48:30	11.981	15.154	14.624	40.244	36.75	39.353	130.114	126.836	130.454	254.826	254.904	228.211
01:49:00	12.1	14.664	14.057	40.132	37.621	36.946	132.037	123.415	127.45	251.057	248.522	224.557
01:49:30	11.574	14.585	14.8	39.218	36.679	39.109	131.064	124.968	130.646	252.842	257.485	231.718
01:50:00	12.34	14.569	14.564	39.076	35.195	38.785	129.287	125.546	128.322	249.872	248.141	226.97
01:50:30	12.932	14.791	14.967	40.846	36.867	37.351	130.409	122.751	128.33	248.967	250.705	226.382
01:51:00	12.652	14.342	13.729	39.312	36.618	38.582	130.423	120.853	129.333	252.064	248.651	225.747
01:51:30	12.378	14.199	14.058	38.126	38.534	39.147	127.346	127.948	131.227	251.891	250.531	228.073
01:52:00	12.304	14.36	14.289	38.385	35.179	38.505	127.935	123.242	128.32	250.933	253.133	232.117
01:52:30	12.005	14.056	14.284	40.269	35.858	38.836	129.378	126.244	130.484	253.793	249.771	225.038
01:53:00	13.02	15.402	14.474	38.531	36.267	38.794	131.379	126.361	130.172	251.94	250.76	227.8
01:53:30	12.463	14.739	14.785	38.689	36.829	38.325	131.219	125.889	130.928	248.422	249.753	229.84
01:54:00	12.562	14.438	13.501	41.311	35.725	38.932	130.54	125.601	127.518	253.117	250.098	228.743
01:54:30	12.995	15.378	15.221	38.716	35.467	38.487	127.773	126.178	129.899	251.188	248.438	225.743
01:55:00	12.175	14.651	14.184	40.954	36.502	37.418	128.81	125.776	128.375	249.661	249.485	229.29
01:55:30	12.604	14.114	14.226	40.481	38.11	38.678	129.347	124.466	130.332	254.061	248.264	225.886
01:56:00	12.841	14.325	14.336	40.238	36.667	38.878	130.812	125.396	128.66	248.808	249.353	229.154
01:56:30	12.799	14.685	14.104	39.356	37.748	38.302	130.739	123.913	126.413	246.83	246.788	228.106
01:57:00	12.114	13.707	13.925	39.625	36.364	39.012	129.952	126.382	131.223	249.311	249.198	227.58
01:57:30	12.261	14.846	13.562	39.203	35.693	37.856	129.38	124.734	128.91	250.054	249.123	225.051
01:58:00	12.27	13.908	14.477	39.865	36.287	37.457	129.415	123.832	130.016	247.718	249.102	227.545
01:58:30	12.247	15.011	13.866	40.717	37.695	38.148	128.935	124.056	129.464	250.993	245.516	226.278
01:59:00	11.452	14.122	14.206	38.463	37.155	37.985	131.819	125.011	127.752	249.042	247.851	225.023
01:59:30	12.613	14.965	14.898	39.858	37.295	38.603	129.588	126.701	131.299	251.604	248.284	228.868
02:00:00	12.663	13.727	14.352	39.422	36.179	37.471	130.63	125.352	131.251	250.467	247.962	227.785