Time	25_1	25_2	25_3	50_1	50_2	50_3	100_1	100_2	100_3	150_1	150_2	150_3
00:00:00	60.302	63.445	64.194	129.991	131.596	139.601	249.794	241.968	231.248	361.834	357.64	354.044
00:00:30	58.464	60.076	57.918	121.175	121.041	125.378	234.593	234.691	226.444	351.016	347.085	338.078
00:01:00	53.529	55.906	56.667	115.526	113.534	116.907	231.754	227.736	216.087	337.717	329.209	324.695
00:01:30	52.221	52.611	52.158	109.048	109.174	111.101	220.403	215.978	206.934	321.998	320.016	312.698
00:02:00	49.276	50.055	49.853	108.734	107.752	108.134	214.399	209.618	196.286	312.253	309.759	307.566
00:02:30	47.561	48.521	46.693	102.871	103.487	104.689	208.803	201.467	190.899	308.238	307.936	298.374
00:03:00	45.759	47.429	44.998	99.521	100.96	99.937	197.336	196.778	186.601	301.701	302.272	294.323
00:03:30	44.442	46.711	45.163	97.783	98.873	97.462	189.986	192.982	182.057	300.839	298.357	293.295
00:04:00	43.903	44.447	41.215	96.029	94.76	95.121	189.79	186.311	175.179	296.604	294.476	289.81
00:04:30	40.862	43.176	41.48	93.669	93.582	93.82	184.999	180.837	171.185	291.93	289.724	283.624
00:05:00	39.327	41.039	40.515	89.92	89.63	90.804	183.635	175.144	168.253	291.748	284.873	284.305
00:05:30	38.457	40.098	38.716	88.464	87.798	86.092	174.633	171.54	168.4	292.588	286.849	280.842
00:06:00	37.661	38.409	39.459	86.613	85.099	85.393	174.801	169.149	163.545	285.711	286.295	280.589
00:06:30	36.723	37.903	35.851	83.874	83.532	83.651	168.979	169.769	161.527	288.484	286.846	276.72
00:07:00	34.489	36.973	36.007	81.389	81.658	83.976	168.213	168.548	157.933	285.293	279.332	273.527
00:07:30	35.032	35.676	34.859	80.897	78.239	79.642	167.88	165.766	155.649	285.421	283.832	273.865
00:08:00	33.127	34.008	33.472	79.167	77.395	79.034	165.556	162.557	153.471	283.962	278.833	271.683
00:08:30	32.492	34.027	33.558	78.66	77.452	77.213	164.811	165.019	154.873	289.797	285.855	276.432
00:09:00	32.772	33.897	33.301	75.822	76.092	78.106	165.376	161.788	153.817	283.167	274.957	268.267
00:09:30	31.57	31.495	31.263	74.557	73.597	76.525	162.856	159.033	152.668	280.56	275.999	269.578
00:10:00	31.162	30.705	31.105	72.859	73.987	73.269	158.971	152.897	150.774	280.093	277.433	267.147
00:10:30	29.184	31.61	31.346	73.808	73.048	72.969	158.613	157.298	149.088	280.424	272.847	272.034
00:11:00	29.303	31.932	29.138	72.528	72.358	71.221	157.799	155.195	147.723	277.38	273.889	266.672
00:11:30	29.862	29.733	29.684	70.432	70.561	69.853	158.552	154.919	146.283	276.496	275.283	263.989
00:12:00	28.055	28.223	27.678	68.936	67.195	69.157	154.407	152.742	146.187	277.947	274.768	264.434
00:12:30	28.436	28.731	28.033	66.078	67.737	68.265	154.687	156.218	148.398	271.49	271.214	265.73
00:13:00	26.484	27.618	27.966	66.899	67.875	67.874	152.802	151.158	145.317	273.178	271.677	263.884
00:13:30	26.121	26.481	27.563	66.43	65.468	65.809	153.056	153.338	142.695	280.084	272.766	262.04
00:14:00	26.66	27.45	27.519	67.62	66.511	64.705	153.389	151.711	143.86	277.542	273.605	265.08
00:14:30	25.994	26.209	26.418	64.498	65.276	64.414	150.063	149.989	144.088	271.43	271.141	261.382
00:15:00	25.552	26.962	25.938	64.346	64.663	65.402	152.987	147.485	144.049	273.432	270.155	263.158
00:15:30	24.044	26.595	25.314	63.224	62.25	63.486	147.937	146.902	143.252	272.578	274.618	266.384
00:16:00	26.915	26.172	25.104	64.037	61.806	63.021	151.714	146.548	138.064	272.782	266.261	260.599
00:16:30	24.831	24.723	24.751	60.715	60.36	61.821	151.511	146.816	141.087	274.13	269.917	258.358
00:17:00	23.1	24.803	23.269	62.158	61.643	63.189	151.065	149.13	139.76	272.526	267.952	257.648
00:17:30	23.752	24.7	22.824	60.676	61.87	60.931	148.58	146.762	138.257	269.06	266.38	255.78
00:18:00	24.463	24.554	24.26	61.042	57.303	59.378	148.403	149.365	139.808	271.262	267.46	260.053
00:18:30	22.942	22.736	22.528	59.861	58.405	60.096	147.156	145.69	140.906	268.219	266.09	257.247
00:19:00	22.336	23.544	23.021	58.92	56.777	57.948	149.23	146.355	138.797	269.005	264.057	260.275
00:19:30	20.792	22.809	22.923	58.507	59.425	56.652	145.781	144.997	137.013	266.431	262.744	257.021
00:20:00	21.274	22.852	21.854	58.172	57.125	58.131	147.418	143.858	140.576	270.125	265.01	258.493
00:20:30	21.449	21.781	21.608	56.588	55.846	56.433	146.482	143.045	136.643	267.338	260.499	251.935
00:21:00	22.314	21.646	20.467	56.395	55.387	56.494	144.367	144.565	136.805	264.583	266.026	254.17
00:21:30	20.584	21.007	20.754	55.285	55.866	55.22	146.385	144.19	135.659	263.375	262.304	256.666
00:22:00	20.942	22.264	21.143	54.477	53.503	57.046	144.657	144.07	134.536	266.147	260.336	253.957
00:22:30	18.81	21.77	20.453	55.132	53.353	54.858	149.654	142.477	137.888	263.395	262.505	256.502
00:23:00	19.671	21.74	20.167	54.168	53.551	54.453	145.711	142.009	136.066	267.457	264.564	256.173
00:23:30	19.527	21.398	20.928	53.016	52.627	56.124	145.44	141.105	136.59	263.979	263.589	255.268
00:24:00	19.756	21.174	19.786	53.865	53.552	54.108	144.103	141.911	138.133	263.492	263.156	253.556
00:24:30	20.916	20.487	19.893	54.847	52.616	54.188	143.295	141.773	135.089	264.518	260.272	254.782
00:25:00	19.333	20.101	20.58	52.693	52.42	52.833	142.285	143.105	133.138	264.303	263.373	259.345
00:25:30	20.09	20.587	19.551	53.324	50.741	54.848	142.929	142.423	135.518	268.247	262.528	254.227
00:26:00	18.472	19.923	19.255	52.07	51.334	52.023	141.79	141.93	132.016	263.384	261.574	254.392
00:26:30	19.284	19.623	18.913	52.811	52.824	51.639	141.818	143.081	133.698	260.939	262.007	255.635
00:27:00	18.764	19.241	19.091	51.662	49.809	52.134	144.62	141.562	135.767	266.309	261.486	256.048
00:27:30	18.513	18.372	18.267	50.898	50.144	50.966	142.521	139.601	133.426	264.92	262.712	251.75
00:28:00	18.817	18.677	18.535	49.862	49.916	50.595	142.1	139.776	133.772	262.689	256.728	252.615
00:28:30	18.456	18.198	18.842	51.654	50.372	52.354	141.759	140.779	132.659	267.74	260.602	256.325
00:29:00	17.902	18.893	18.37	51.865	49.036	51.127	142.35	139.262	134.891	261.167	259.704	251.171
00:29:30	18.94	18.672	18.137	50.129	49.462	51.128	141.777	138.574	132.553	266.186	261.66	251.946
00:30:00	17.719	18.673	18.511	50.525	48.114	50.447	142.564	142.864	132.737	262.988	259.414	252.356
00:30:30	18.542	17.879	17.415	48.569	49.388	50.199	142.683	139.413	133.093	262.31	256.476	251.825
00:31:00	17.419	17.912	17.758	48.778	48.136	49.638	141.615	138.835	133.837	263.234	261.245	250.097
00:31:30	18.273	17.004	18.185	49.032	48.372	51.404	139.174	138.541	133.149	263.872	261.236	257.328
00:32:00	18.244	18.314	17.212	47.689	47.868	48.997	140.507	141.019	133.864	260.602	260.493	255.569
00:32:30	16.386	17.106	18.667	48.044	47.411	49.276	140.503	137.748	132.357	263.381	259.447	251.512
00:33:00	16.805	16.941	18.016	47.515	46.147	50.786	142.462	138.012	129.433	263.307	263.548	253.054
00:33:30	16.996	18.167	17.116	46.796	47.844	49.35	140.143	139.996	132.303	264.977	260.321	251.844
00:34:00	16.154	18.187	17.504	47.844	46.393	49.766	139.705	137.745	133.509	266.811	262.924	252.591
00:34:30	16.41	17.746	16.56	48.229	47.453	47.896	141.85	137.562	131.538	260.735	258.968	255.025
00:35:00	16.67	16.978	16.954	46.689	45.923	48.311	142.34	139.692	129.206	264.426	257.625	247.756
00:35:30	16.375	18.427	17.002	46.351	45.941	48.798	141.325	138.899	131.292	262.308	260.369	253.692
00:36:00	16.672	17.028	17.295	46.696	46.304	46.921	139.971	136.937	129.998	261.126	257.232	252.788
00:36:30	17.065	16.896	16.764	46.502	44.771	46.047	138.697	136.67	130.202	261.824	255.892	248.135
00:37:00	16.477	16.489	16.83	45.1	44.384	46.528	142.122	137.239	127.814	256.954	258.163	248.291
00:37:30	16.136	16.639	16.194	45.477	43.216	47.045	139.56	138.614	130.116	262.32	257.588	251.797
00:38:00	16.577	17.23	16.417	46.378	43.861	46.888	140.339	136.887	129.007	264.959	256.797	250.209
00:38:30	16.051	16.797	16.978	45.406	44.65	46.242	139.969	137.573	130.528	262.305	257.862	253.45
00:39:00	15.676	16.441	16.457	45.435	44.161	44.827	140.035	135.727	131.054	259.01	254.215	250.039
00:39:30	15.821	16.939	16.813	45.345	44.678	45.953	137.563	139.342	129.204	265.027	259.538	249.265
00:40:00	15.332	16.054	17.147	45.764	42.801	46.078	138.894	135.706	129.618	260.775	255.451	249.293
00:40:30	16.742	17.186	16.058	46.714	43.568	44.776	141.152	134.675	129.214	262.075	256.173	248.935
00:41:00	15.44	16.068	15.72	45.68	42.897	43.591	140.5	139.207	130.663	260.081	258.239	252.624
00:41:30	16.183	16.519	15.199	45.325	44.037	45.754	140.147	136.045	130.283	261.535	259.969	248.063
00:42:00	15.924	15.511	15.381	45.207	41.602	45.051	139.806	136.764	129.276	258.251	254.955	247.807
00:42:30	15.026	16.162	15.474	45.212	41.488	46.467	136.717	134.811	127.929	261.125	253.579	251.125
00:43:00	14.962	15.774	15.309	44.094	42.323	44.689	139.316	133.937	128.62	258.407	256.594	250.965
00:43:30	14.624	17.419	15.911	44.213	41.917	43.607	138.788	136.113	129.31	258.914	258.489	251.874
00:44:00	14.463	16.015	15.139	43.936	41.979	44.575	138.72	135.729	132.42	258.249	256.269	251.19
00:44:30	15.733	14.944	15.284	44.401	41.065	44.116	135.839	135.218	127.08	256.722	257.915	249.809
00:45:00	15.173	14.7	15.998	44.431	42.035	42.954	137.99	137.21	130.046	259.137	253.891	246.058
00:45:30	14.699	15.511	15.202	43.305	39.984	45.086	135.855	135.468	126.643	262.796	253.316	251.488
00:46:00	15.545	15.099	15.758	42.994	41.387	42.451	137.136	136.841	131.224	259.046	253.941	249.296
00:46:30	15.058	15.469	15.07	43.425	40.835	44.182	138.469	133.547	127.139	257.616	254.09	247.595
00:47:00	14.872	15.812	15.373	43.766	40.162	43.248	137.302	133.329	129.24	255.801	255.09	244.104
00:47:30	15.444	15.501	15.553	41.984	40.251	43.108	135.172	138.366	128.842	258.992	253.502	248.254
00:48:00	15.277	15.168	15.425	42.52	39.533	43.564	136.791	134.993	126.708	261.954	255.094	251.17
00:48:30	15.648	14.984	15.583	42.094	41.607	43.212	136.515	135.685	132.886	256.838	256.137	249.833
00:49:00	15.035	15.231	14.658	43.256	39.02	42.934	137.896	134.045	127.85	255.18	254.489	245.089
00:49:30	15.196	14.638	15.085	42.995	39.522	42.783	137.816	135.26	130.715	257.02	254.163	248.25
00:50:00	14.941	15.559	14.751	43.423	37.542	43.118	137.025	137.478	126.213	259.817	257.591	250.035
00:50:30	15.158	15.237	15.282	43.204	38.473	43.52	137.745	134.903	126.772	256.143	253.378	247.654
00:51:00	15.216	14.636	14.888	43.45	38.528	43.017	137.947	134.662	127.702	257.69	250.656	247.267
00:51:30	14.478	16.037	14.97	41.322	38.088	42.087	135.331	135.039	128.816	253.821	252.694	247.876
00:52:00	14.648	15.617	14.445	41.498	37.793	43.376	136.658	131.322	128.762	256.313	254.438	247.408
00:52:30	15.624	15.295	14.389	42.615	38.412	42.494	137.268	133.139	126.123	256.138	253.335	247.564
00:53:00	14.976	15.153	13.586	41.287	37.435	42.601	135.132	135.326	127.036	259.718	251.243	246.044
00:53:30	14.646	14.475	14.522	41.622	36.87	41.703	136.66	133.29	125.151	256.709	253.705	246.832
00:54:00	13.868	14.625	14.476	41.534	37.932	41.159	133.903	134.157	128.497	259.894	255.947	248.952
00:54:30	15.298	15.273	14.477	41.569	37.189	43.3	133.615	135.554	129.289	256.214	256.336	248.295
00:55:00	13.976	14.968	15.344	42.637	38.314	42.364	136.626	132.992	127.493	257.909	256.188	243.379
00:55:30	14.77	15.139	14.701	40.482	36.336	42.883	136.728	135.337	126.817	259.914	250	248.939
00:56:00	14.337	15.859	14.655	41.25	36.579	41.954	137.457	136.879	126.705	255.231	254.8	248.523
00:56:30	14.014	15.156	14.556	41.713	36.687	42.111	136.472	134.172	125.685	257.292	253.902	247.064
00:57:00	14.429	15.584	14.673	41.687	36.145	41.022	135.805	133.741	126.25	257.212	252.404	246.306
00:57:30	13.771	14.428	14.123	42.833	36.737	41.877	136.596	134.02	125.499	257.356	253.362	250.895
00:58:00	14.792	14.684	14.521	43.616	35.979	40.487	135.398	132.126	125.755	254.061	253.724	246.128
00:58:30	13.76	14.877	14.253	40.496	37.732	41.949	134.176	134.065	123.586	257.811	254.572	243.572
00:59:00	14.42	14.691	15.378	41.033	37.553	42.517	137.019	135.251	125.931	256.908	256.631	249.578
00:59:30	13.92	15.031	14.674	41.453	36.803	40.737	135.149	134.14	129.864	255.912	253.814	243.841
01:00:00	13.418	15.251	14.989	40.404	35.851	40.763	135.63	132.271	124.44	257.414	256.295	243.602
01:00:30	14.108	14.512	14.36	41.962	36.523	41.499	138.168	135.034	128.654	261.345	255.427	249.609
01:01:00	14.655	14.063	13.551	41.316	35.367	41.206	135.083	133.718	127.726	253.068	254.539	245.875
01:01:30	14.172	14.648	14.637	41.499	34.733	39.786	134.468	133.707	125.186	260.519	253.106	247.03
01:02:00	14.458	14.632	14.791	41.679	37.412	41.343	135	132.146	126.82	257.185	250.219	245.419
01:02:30	13.796	14.282	13.824	42.274	37.332	39.527	135.025	135.529	128.999	259.857	251.817	246.222
01:03:00	13.753	14.651	14.481	41.25	34.876	41.261	134.475	134.321	127.162	258.924	254.883	248.305
01:03:30	14.558	15.194	13.638	40.12	35.93	40.799	133.31	130.277	127.665	254.146	252.279	242.961
01:04:00	14.764	14.381	14.106	40.205	35.38	39.89	136.935	133.122	125.815	258.38	251.736	244.809
01:04:30	13.648	14.081	14.405	39.97	35.4	38.342	135.212	131.429	126.682	256.724	250.836	246.158
01:05:00	13.955	14.002	13.783	40.851	36.152	38.864	134.89	131.537	125.421	258.387	250.652	246.494
01:05:30	13.886	14.847	13.882	39.179	35.072	40.124	135.08	131.914	124.614	257.238	250.362	248.654
01:06:00	14.617	14.807	14.532	40.958	35.374	39.006	132.843	134.959	124.25	257.759	253.982	245.8
01:06:30	14.042	14.373	14.363	39.778	34.987	38.934	135.735	134.793	124.918	257.497	254.196	247.225
01:07:00	13.63	14.87	13.649	40.314	35.904	38.169	133.513	132.943	126.41	257.095	247.979	245.539
01:07:30	14.792	14.497	14.593	40.29	34.931	39.762	134.87	133.834	125.446	252.839	254.469	244.671
01:08:00	14.594	14.279	14.44	39.955	35.709	38.614	134.578	130.837	124.558	256.568	251.325	243.389
01:08:30	14.216	13.437	14.219	42.798	35.28	38.884	134.706	130.493	123.393	256.44	252.029	245.119
01:09:00	14.266	13.538	14.555	39.13	34.362	39.543	135.148	132.752	123.036	258.293	252.348	244.192
01:09:30	14.238	15.166	14.251	41.078	34.076	38.478	133.391	131.374	125.442	252.381	251.025	246.606
01:10:00	13.501	13.913	14.127	39.964	35.399	37.682	134.661	131.459	124.235	254.027	253.046	243.641
01:10:30	13.718	13.968	14.169	41.131	35.593	37.972	134.616	135.067	127.295	252.969	254.16	245.187
01:11:00	14.342	14.076	15.059	39.464	34.821	38.585	134.152	131.633	124.168	254.331	253.187	243.477
01:11:30	14.058	14.535	13.594	40.39	35.755	38.532	134.556	134.002	126.284	255.032	252.303	247.302
01:12:00	13.96	15.216	14.377	40.631	34.449	38.758	134.916	133.476	127.762	256.088	251.15	244.714
01:12:30	13.512	14.543	13.119	39.375	34.108	37.77	131.5	133.142	125.08	255.678	250.025	247.888
01:13:00	13.432	14.498	15.198	42.5	34.966	35.467	134.345	134.693	124.277	255.581	248.694	247.83
01:13:30	13.288	14.609	14.646	40.458	35.077	36.776	134.687	130.83	124.479	256.186	249.817	243.766
01:14:00	14.128	13.733	13.164	40.528	34.295	37.171	132.462	133.95	127.19	254.516	250.28	246.31
01:14:30	13.774	14.277	14.578	39.644	35.513	36.928	133.95	130.086	127.075	255.268	249.725	245.876
01:15:00	14.16	13.891	13.209	40.796	33.756	37.164	137.998	130.993	126.511	256.744	249.336	246.426
01:15:30	14.242	14.219	13.664	40.324	33.055	37.502	135.436	130.305	124.037	253.7	249.147	244.558
01:16:00	13.907	14.036	13.526	40.275	35.166	37.304	133.636	131.6	126.404	254.62	253.113	242.743
01:16:30	14.207	15.238	14.964	40.037	35.12	36.697	134.264	134.061	128.322	256.47	253.536	247.031
01:17:00	13.784	14.974	13.776	39.091	34.13	37.424	134.32	131.449	126.885	256.064	253.418	246.134
01:17:30	13.558	14.91	14.513	40.863	34.537	36.893	134.951	131.901	122.891	252.257	253.478	243.223
01:18:00	14.671	13.992	13.734	39.045	34.882	36.614	136.285	133.747	126.148	253.457	254.208	242.282
01:18:30	13.045	14.969	13.521	39.941	34.609	35.667	134.136	131.392	126.354	255.107	249.703	242.491
01:19:00	14.75	15.418	13.725	40.604	33.927	36.133	135.147	127.95	121.887	256.134	251.791	242.176
01:19:30	13.733	13.96	13.424	40.142	33.102	37.56	134.144	129.451	125.156	252.613	247.652	242.75
01:20:00	13.163	14.096	12.657	39.174	32.853	35.198	134.92	132.129	124.206	252.57	250.733	240.799
01:20:30	13.824	14.174	13.553	39.08	35.461	35.708	133.895	132.656	124.959	251.481	250.661	246.298
01:21:00	13.402	13.958	14.168	40.351	33.688	36.237	132.27	132.683	122.836	255.058	248.298	243.33
01:21:30	13.853	13.952	14.517	39.594	34.868	36.584	134.9	132.443	125.087	252.497	249.231	243.529
01:22:00	14.02	13.734	14.045	38.505	33.783	34.862	135.294	132.199	124.465	254.332	251.639	242.941
01:22:30	14.398	13.935	13.647	38.755	33.139	35.296	135.683	131.322	124.968	255.747	251.911	244.512
01:23:00	13.897	13.839	13.708	40.297	34.974	36.226	135.234	133.975	124.203	254.876	249.865	243.559
01:23:30	13.756	13.671	14.253	39.469	33.789	36.585	134.787	132.48	126.422	253.329	245.854	242.776
01:24:00	14.494	13.753	15.024	40.121	34.956	36.663	135.465	131.586	126.802	254.759	246.563	246.848
01:24:30	13.274	13.97	13.554	38.74	32.833	36.275	132.165	133.472	127.2	258.221	251.805	243.81
01:25:00	13.754	14.166	14.672	38.502	33.6	36.367	132.024	132.75	125.687	254.056	250.411	246.013
01:25:30	13.97	14.397	13.676	39.317	34.3	35.629	134.201	133.903	125.262	256.995	253.581	244.31
01:26:00	13.898	14.699	13.557	38.961	33.583	35.911	132.707	132.936	123.64	255.874	251.05	241.639
01:26:30	14.022	14.264	14.274	39.27	34.735	35.185	134.569	134.157	124.215	251.247	251.016	243.875
01:27:00	12.721	14.008	14.964	38.676	33.249	35.436	133.073	130.783	124.316	257.829	248.619	240.336
01:27:30	13.069	13.962	13.062	36.712	33.742	34.978	131.184	132.186	122.972	255.084	251.019	242.646
01:28:00	13.092	13.735	14.445	37.745	34.282	36.216	132.765	132.596	127.049	255.262	251.708	244.924
01:28:30	13.388	13.049	13.533	38.741	34.388	36.548	134.222	130.253	124.163	249.44	252.638	246.928
01:29:00	13.777	14.443	14.459	40.396	32.645	34.356	135.755	130.601	123.901	254.085	252.18	242.071
01:29:30	14.206	14.528	13.295	40.896	34.475	34.54	131.253	131.334	126.396	252.857	247.733	239.208
01:30:00	13.805	14.475	14.504	38.285	35.894	35.19	137.329	133.564	126.831	257.104	248.803	244.537
01:30:30	13.622	13.991	13.657	38.188	33.919	35.168	132.828	130.83	124.177	258.146	251.645	245.267
01:31:00	13.985	14.421	13.37	40.069	34.484	34.047	131.458	132.208	124.28	251.067	249.48	240.602
01:31:30	13.452	14.088	13.449	39.702	34.065	34.383	132.264	132.611	124.92	254.301	247.844	243.035
01:32:00	14.671	14.147	13.949	39.232	34.906	34.458	134.008	129.377	123.772	252.955	247.405	244.131
01:32:30	13.346	13.353	13.747	38.594	33.845	34.577	133.1	131.457	123.118	255.058	251.263	242.577
01:33:00	13.654	14.626	13.544	38.825	33.973	34.856	132.828	131.304	124.34	256.037	247.55	242.666
01:33:30	14.005	13.911	14.076	39.068	34.727	35.388	134.292	130.944	126.008	251.445	250.51	242.179
01:34:00	14.257	13.674	14.073	39.176	32.828	36.394	132.04	130.212	124.852	254.263	247.859	243.002
01:34:30	12.987	13.416	14.079	39.09	34.075	35.193	132.981	128.9	125.747	253.683	248.285	240.648
01:35:00	13.927	13.926	14.414	37.543	34.649	34.886	134.814	130.733	122.38	252.279	249.865	243.721
01:35:30	13.617	13.639	13.774	38.354	35.388	35.854	134.193	131.59	125.743	253.598	253.081	243.892
01:36:00	13.68	15.775	14.238	39.777	34.18	34.545	133.922	133.096	125.417	256.422	251.612	248.011
01:36:30	13.443	14.112	14.084	37.479	33.796	34.706	134.633	132.656	124.576	254.746	251.709	245.233
01:37:00	13.931	14.756	14.206	37.522	33.214	35.915	131.16	131.081	126.243	250.285	251.624	244.941
01:37:30	13.117	14.831	13.734	40.142	34.722	35.185	133.469	132.203	123.445	256.048	253.82	244.649
01:38:00	14.603	13.412	13.314	40.279	34.317	35.474	133.753	131.523	121.996	255.611	251.48	243.415
01:38:30	13.774	14.394	13.329	39.605	34.098	33.22	130.661	131.116	122.491	252.007	249.777	246.339
01:39:00	13.835	14.418	13.917	38.974	33.044	34.705	134.692	132.257	125.337	251.733	246.537	244.271
01:39:30	13.476	13.655	14.829	40.176	34.909	34.735	131.888	129.93	126.946	252.759	248.25	243.578
01:40:00	13.075	14.28	13.683	39.423	34.263	35.538	132.221	131.134	127.955	251.101	252.038	243.947
01:40:30	14.36	14.604	13.96	39.133	33.728	35.949	131.747	129.473	123.654	251.189	248.424	242.039
01:41:00	13.801	14.048	14.38	38.369	34.086	35.391	133.28	129.294	123.606	253.175	249.916	243.45
01:41:30	14.511	14.086	13.879	41.101	35.393	35.633	133.12	130.855	125.707	252.74	246.597	241.664
01:42:00	14.664	15.013	13.813	39.004	33.112	35.558	133.313	131.277	124.238	253.728	252.026	243.341
01:42:30	13.536	13.714	13.475	38.549	34.022	34.449	134.473	131.729	123.571	253.004	249.255	241.147
01:43:00	14.513	14.941	13.965	38.861	34.1	35.331	133.307	131.35	123.683	254.334	248.652	243.262
01:43:30	13.596	13.998	13.428	40.582	33.773	35.132	132.541	134.552	124.524	252.897	252.186	245.396
01:44:00	13.081	13.409	14.176	38.541	34.016	35.28	129.161	130.276	123.775	249.415	248.997	239.9
01:44:30	13.803	14.695	13.92	40.468	33.023	34.629	129.891	132.079	124.533	253.686	248.944	241.646
01:45:00	13.501	14.484	13.263	39.052	34.954	35.107	132.284	130.597	122.769	253.695	246.126	241.647
01:45:30	13.783	14.495	13.092	38.315	32.361	35.126	132.934	130.557	126.671	252.401	248.781	243.062
01:46:00	13.044	13.478	13.092	38.931	33.94	35.805	132.433	128.872	124.606	251.974	249.951	239.797
01:46:30	14.227	14.06	13.225	40.16	34.348	35.539	132.606	131.774	121.26	253.12	249.152	237.244
01:47:00	14.573	14.658	13.458	39.283	33.819	36.235	126.586	129.003	122.02	253.22	246.558	238.137
01:47:30	13.708	14.095	13.95	36.952	33.426	35.083	134.535	131.275	121.663	249.767	246.749	240.358
01:48:00	13.535	13.757	13.719	38.318	34.619	35.298	132.556	131.809	125.069	248.114	245.653	242.429
01:48:30	13.743	14.682	13.737	39.448	34.696	35.212	130.8	129.443	125.4	251.579	248.117	242.035
01:49:00	13.831	13.937	14.179	39.571	33.669	34.346	131.812	131.785	123.142	253.84	249.058	240.269
01:49:30	13.711	14.185	14.197	37.778	31.775	33.462	132.792	129.684	123.984	251.112	249.236	243.426
01:50:00	13.712	13.897	14.033	39.692	33.919	34.24	134.947	131.816	123	247.665	246.425	241.524
01:50:30	13.124	14.257	14.071	37.463	34.197	35.43	132.314	131.702	125.82	252.783	251.373	243.816
01:51:00	13.569	14.365	13.857	38.926	33.403	35.008	131.395	127.889	124.827	250.413	249.88	237.878
01:51:30	14.006	14.061	13.977	38.147	33.645	33.906	131.974	129.909	122.657	252.957	251.95	240.508
01:52:00	14.844	13.67	12.871	39.473	34.172	35.243	132.015	128.129	124.53	251.107	250.731	242.412
01:52:30	13.737	14.428	14.28	39.952	34.187	35.532	131.229	130.707	124.047	248.257	248.269	239.656
01:53:00	14.232	14.115	14.72	38.667	34.034	34.103	131.82	135.012	126.077	253.136	248.576	243.039
01:53:30	13.831	13.962	13.53	38.048	33.956	34.428	131.428	129.393	122.416	249.283	249.541	239.255
01:54:00	14.009	14.484	14.282	38.852	33.797	35.117	132.999	129.136	124.74	249.518	248.072	241.795
01:54:30	14.344	14.214	13.968	39.116	33.098	33.764	130.594	131.936	122.832	255.245	247.459	239.066
01:55:00	14.314	14.207	15.061	39.077	33.432	34.72	129.644	129.885	125.071	251.468	251.25	243.864
01:55:30	13.71	13.875	13.375	38.963	32.995	34.917	132.145	128.839	124.3	249.583	247.241	243.47
01:56:00	13.288	13.791	13.585	39.108	34.463	34.834	132.52	129.394	124.349	255.147	246.146	241.304
01:56:30	13.271	14.296	13.644	37.175	33.281	34.779	132.18	130.759	123.585	250.673	248.556	241.485
01:57:00	13.715	14.237	13.567	38.585	33.08	33.698	133.693	129.934	127.794	250.482	243.992	238.647
01:57:30	13.866	14.685	13.282	39.807	33.722	34.726	131.72	129.519	122.817	251.968	249.265	238.003
01:58:00	13.312	14.087	14.416	38.117	32.7	34.987	132.688	129.086	122.304	253.598	247.566	242.805
01:58:30	14.305	14.377	13.877	38.446	33.069	34.999	131.406	129.902	122.537	253.658	246.677	241.117
01:59:00	13.764	14.331	13.668	37.725	34.146	34.601	132.603	128.385	122.121	250.154	245.873	237.132
01:59:30	14.33	14.707	13.614	38.165	34.415	34.968	131.096	126.912	121.958	254.213	248.776	242.142
02:00:00	14.299	13.704	14.225	38.972	34.148	33.589	131.84	128.999	121.842	254.314	249.599	237.173