Time	25_1	25_2	25_3	50_1	50_2	50_3	100_1	100_2	100_3	150_1	150_2	150_3
00:00:00	67.047	71.95	82.038	140.39	150.425	128.21	237.589	222.96	240.803	350.967	349.835	337.919
00:00:30	62.476	73.794	82.123	121.141	126.066	114.237	221.043	218.281	234.679	335.72	334.217	334.197
00:01:00	58.232	67.904	73.108	109.098	112.685	112.239	214.204	209.816	227.518	323.455	322.885	322.379
00:01:30	54.242	61.575	66.876	107.812	106.881	108.661	209.884	203.762	220.289	311.313	308.236	310.855
00:02:00	52.599	53.764	60.894	105.87	104.862	104.613	205.968	199.228	214.582	305.827	301.118	304.951
00:02:30	49.264	52.932	54.105	99.423	101.864	100.557	199.822	192.363	205.337	297.044	288.411	296.518
00:03:00	48.264	50.585	52.468	96.616	99.745	98.271	196.272	183.294	204.849	292.518	282.592	289.962
00:03:30	48.019	49.241	49.505	94.005	94.642	95.379	189.34	184.447	198.241	293.525	278.471	288.518
00:04:00	44.792	46.551	46.834	91.779	92.746	94.045	180.263	178.361	190.306	287.014	271.064	284.436
00:04:30	44.454	46.582	44.664	89.25	90.509	90.674	180.503	176.8	190.399	279.813	269.064	281.544
00:05:00	42.462	44.538	42.653	86.247	90.212	90.627	179.391	168.668	185.329	283.488	270.177	283.45
00:05:30	39.498	41.46	41.521	85.041	86.989	87.735	176.153	164.8	179.745	277.051	269.328	275.234
00:06:00	39.564	41.683	40.816	85.275	85.462	83.678	174.076	163.542	177.227	278.109	263.16	273.416
00:06:30	38.334	39.424	40.199	83.121	84.126	83.449	170.529	157.112	175.043	275.358	264.825	276.398
00:07:00	38.4	38.471	38.778	80.396	81.331	82.041	166.345	156.659	171.244	271.869	260.958	271.986
00:07:30	36.003	37.541	37.052	78.986	80.064	78.663	159.308	154.394	162.197	272.435	261.215	270.866
00:08:00	35.877	36.992	34.42	77.855	81.987	78.646	156.645	150.015	163.439	269.477	258.232	267.456
00:08:30	33.496	35.585	36.071	74.597	79.642	76.177	153.788	153.13	163.511	268.85	258.503	270.388
00:09:00	34.641	34.296	33.853	75.75	76.009	78.067	153.451	149.915	161.738	271.714	259.666	265.988
00:09:30	33.715	34.714	34.263	74.862	75.224	77.696	153.032	146.745	161.335	269.668	259.705	267.551
00:10:00	33.271	31.611	33.043	74.034	71.851	74.679	147.124	147.528	159.967	266.477	258.705	264.058
00:10:30	30.886	31.764	31.736	71.72	73.091	74.288	146.278	145.946	155.838	266.507	256.865	263.959
00:11:00	31.289	32.543	31.978	69.081	70.013	72.973	144.235	140.896	153.507	265.361	255.764	263.59
00:11:30	29.748	30.77	30.259	70.401	71.134	72.831	144.999	141.025	155.177	262.541	255.178	263.337
00:12:00	30.186	29.137	30.435	69.228	69.737	70.207	141.972	142.483	153.779	262.768	252.725	260.975
00:12:30	30.024	28.948	29.196	67.601	67.16	69.245	138.909	142.554	151.22	263.595	250.409	259.206
00:13:00	30.143	29.404	28.874	64.714	67.12	68.119	139.507	141.454	149.353	262.996	248.567	257.022
00:13:30	27.562	29.692	27.495	67.013	66.397	67.258	137.021	140.746	151.377	259.078	251.709	254.947
00:14:00	26.679	28.146	26.87	64.674	67.357	64.93	137.042	140.766	152.522	261.667	250.134	258.794
00:14:30	27.027	27.164	26.745	62.28	65.078	65.017	135.18	140.518	149.96	256.567	251.748	252.632
00:15:00	26.904	27.287	25.8	65.222	65.428	65.506	134.235	141.698	148.107	257.038	247.451	259.169
00:15:30	26.054	27	25.849	60.785	62.725	65.517	136.36	135.639	147.061	258.233	251.266	256.162
00:16:00	24.381	26.775	25.946	59.722	65.914	62.86	134.283	138.072	146.502	256.674	248.865	253.638
00:16:30	24.501	26.072	25.373	60.899	61.14	63.721	129.94	136.679	145.669	256.912	246.508	252.485
00:17:00	25.23	24.903	24.355	58.054	58.97	60.459	134.21	136.555	145.225	258.334	246.94	254.763
00:17:30	24.736	24.399	24.927	58.896	59.985	61.666	134.69	133.531	142.909	258.061	244.385	251.505
00:18:00	23.795	24.16	23.262	57.957	60.011	58.574	133.135	134.119	145.156	252.09	246.503	251.945
00:18:30	23.025	23.288	23.64	56.295	58.94	58.387	132.254	135.018	143.229	255.314	245.689	253.689
00:19:00	23.177	23.094	23.734	56.68	58.483	58.906	129.562	133.201	142.536	257.113	245.498	253.821
00:19:30	23.434	23.41	22.735	56.619	56.11	57.252	128.962	132.753	145.125	254.427	244.62	253.741
00:20:00	22.282	23.541	23	54.816	56.641	58.189	130.453	131.349	143.217	254.131	246.726	254.689
00:20:30	22.775	23.518	22.657	56.512	56.978	57.983	127.948	129.477	142.793	253.153	244.161	251.015
00:21:00	22.92	22.378	21.668	54.371	57.458	57.17	130.511	130.287	140.883	253.129	241.977	248.926
00:21:30	22.398	21.631	21.666	55.046	57.646	56.382	129.542	130.741	143.606	254.099	244.977	254.242
00:22:00	21.058	21.61	22.105	56.092	56.021	55.102	127.768	130.494	142.712	250.38	244.831	250.349
00:22:30	22.209	20.446	21.232	56.183	53.384	55.283	126.733	132.231	139.214	254.044	244.387	248.456
00:23:00	20.896	21.232	22.25	52.393	56.157	54.984	127.002	133.111	142.437	252.361	241.121	249.059
00:23:30	20.975	21.265	21.082	52.332	53.709	55.568	124.893	128.939	136.9	251.322	243.9	245.968
00:24:00	20.202	21.009	20.595	52.874	55.455	54.07	126.612	127.312	139.844	249.531	246.601	249.191
00:24:30	19.397	20.533	19.949	51.675	54.716	54.393	126.499	130.345	140.659	249.744	243.685	246.243
00:25:00	19.847	19.165	19.977	51.712	52.751	53.409	124.254	127.881	138.6	249.378	244.016	251.431
00:25:30	19.395	19.678	19.55	51.356	54.946	55.019	125.67	130.473	140.856	253.1	243.126	249.555
00:26:00	19.579	19.951	19.934	51.578	54.464	54.253	125.411	128.69	140.423	249.062	246.564	251.493
00:26:30	19.682	20.299	19.08	50.962	52.689	53.432	122.64	125.868	138.23	250.713	237.42	247.733
00:27:00	19.728	19.081	19.698	50.922	51.131	52.754	125.996	127.087	139.491	247.253	240.245	247.254
00:27:30	20.454	19.516	20.156	49.742	51.258	53.035	123.833	129.178	139.23	248.226	243.919	244.433
00:28:00	19.831	19.714	19.115	49.743	51.728	51.972	124.466	128.886	138.305	250.998	241.892	245.218
00:28:30	18.179	19.04	19.426	47.876	50.691	53.563	123.56	129.475	139.502	250.259	241.46	246.184
00:29:00	19.02	18.176	19.225	48.606	52.095	52.999	124.408	127.707	138.87	249.392	240.347	246.236
00:29:30	19.236	19.325	17.652	49.187	50.679	52.241	122.83	126.284	136.393	249.043	241.332	244.209
00:30:00	19.261	18.907	19.977	47.958	50.86	49.716	122.746	124.777	137.196	250.946	238.55	249.863
00:30:30	18.408	18.819	17.735	50.379	48.235	49.938	123.095	123.865	136.626	250.793	239.909	242.472
00:31:00	18.594	18.233	18.069	48.611	50.577	49.941	122.78	128.087	137.604	249.084	239.699	244.266
00:31:30	18.265	18.507	17.916	48.065	49.38	49.748	122.707	125.703	136.916	249.185	240.488	247.875
00:32:00	18.241	17.753	17.337	50.289	47.955	50.386	119.455	126.974	135.847	248.526	239.797	246.038
00:32:30	17.197	17.832	17.56	48.384	49.696	51.06	123.069	125.856	135.736	251.745	240.671	243.655
00:33:00	17.771	18.917	18.874	47.246	48.347	48.748	122.101	123.38	135.674	247.528	241.206	242.001
00:33:30	18.405	18.332	17.002	48.865	46.48	48.319	121.749	125.22	136.103	247.136	240.546	242.351
00:34:00	17.92	16.701	17.979	47.348	46.939	47.779	120.773	125.554	134.221	246.907	239.92	247.214
00:34:30	17.097	17.403	17.614	46.583	46.502	47.336	123.396	126.132	134.698	246.617	244.548	245.24
00:35:00	16.82	16.841	16.722	46.154	46.766	47.027	120.861	122.901	137.138	242.635	233.372	242.87
00:35:30	17.116	17.408	17.903	46.654	47.821	49.099	121.847	125.714	135.509	248.34	239.494	242.076
00:36:00	17.52	16.87	17.321	45.737	46.536	46.754	120.904	127.599	137.057	247.015	244.066	243.784
00:36:30	17.134	17.538	17.511	45.683	44.633	46.974	121.337	125.143	135.019	245.081	237.943	244.886
00:37:00	16.43	16.682	16.508	45.914	44.804	46.626	119.001	125.285	134.407	250.094	237.811	244.063
00:37:30	15.94	17.217	17.137	45.783	42.757	45.106	117.807	123.406	133.663	245.462	237.083	239.911
00:38:00	16.301	16.659	17.673	45.06	43.864	44.78	118.728	125.489	135.108	244.1	240.487	246.203
00:38:30	16.758	16.535	16.205	45.086	45.403	44.797	120.242	123.128	136.015	244.112	240.248	243.415
00:39:00	15.532	16.575	16.486	46.264	44.119	44.722	119.679	123.845	132.51	243.104	235.723	241.258
00:39:30	16.132	16.561	17.088	45.211	42.732	45.955	117.456	123.19	136.343	248.129	241.541	243.177
00:40:00	15.275	17.206	15.922	45.905	44.454	44.086	118.593	121.443	134.584	246.206	237.45	240.417
00:40:30	16.538	16.282	15.662	44.624	44.224	44.438	119.134	123.594	135.941	245.277	238.485	239.71
00:41:00	14.725	16.46	15.708	44.998	44.045	43.804	121.36	124.312	138.493	243.366	239.992	244.997
00:41:30	17.006	15.642	17.019	44.327	44.882	44.779	122.084	122.235	134.066	244.806	241.566	245.695
00:42:00	14.694	15.553	16.592	45.374	44.262	41.992	120.499	122.065	133.439	249.067	235.726	243.763
00:42:30	15.547	16.66	16.649	44.734	43.959	43.167	119.915	124.308	133.684	249.001	239.24	239.57
00:43:00	13.989	15.731	15.559	43.907	43.201	42.168	119.904	122.094	131.321	246.098	237.407	244.387
00:43:30	16.317	16.646	15.774	45.042	43.529	44.281	118.513	121.037	130.053	245.201	239.026	242.238
00:44:00	15.822	15.828	15.472	44.319	41.313	41.832	118.421	124.662	134.496	244.509	235.082	242.948
00:44:30	14.772	14.238	15.713	45.206	43.963	40.95	118.013	121.901	132.433	246.106	237.154	241.722
00:45:00	15.828	16.283	15.955	43.547	41.724	41.538	115.42	121.741	134.106	243.314	236.431	244.939
00:45:30	15.048	16.125	15.333	43.803	40.504	42.303	117.246	122.76	131.507	242.763	237.393	246.1
00:46:00	15.535	15.881	15.719	41.422	42.397	40.598	116.106	122.145	129.721	244.416	234.956	242.819
00:46:30	14.621	15.814	15.465	43.752	42.2	41.484	118.531	121.96	134.286	242.23	234.595	241.854
00:47:00	15.559	15.672	16.144	45.453	42.141	42.157	119.556	124.11	133.127	244.49	234.713	245.373
00:47:30	14.292	15.595	14.818	42.393	42.976	42.573	117.468	121.227	129.796	247.143	236.104	241.318
00:48:00	14.792	15.401	15.432	44.409	41.334	41.685	116.858	123.137	130.7	244.379	234.696	240.809
00:48:30	15.016	15.648	16.047	42.421	40.699	41.172	118.222	123.109	129.579	241.577	236.065	244.572
00:49:00	14.461	14.913	15.646	42.873	40.761	40.895	115.439	119.675	130.962	248.018	236.012	236.608
00:49:30	14.33	15.293	14.513	42.442	43.471	42.139	117.725	121.501	133.15	243.442	234.689	239.76
00:50:00	14.581	15.04	15.638	41.566	41.79	40.567	115.622	122.461	130.288	247.352	239.158	239.406
00:50:30	14.783	14.536	15.128	42.843	42.843	41.871	116.254	121.969	132.776	243.777	234.448	241.863
00:51:00	14.194	15.66	14.831	43.153	42.191	41.413	116.79	121.108	131.465	243.814	236.041	239.187
00:51:30	14.332	15.738	15.161	41.634	40.576	39.716	117.86	121.663	133.053	245.081	237.122	238.605
00:52:00	15.34	14.626	15.457	42.923	40.262	41.489	116.547	119.178	128.596	243.683	236.179	243.328
00:52:30	14.573	15.029	15.386	43.423	40.746	41.752	116.324	119.557	131.982	245.399	231.769	242.942
00:53:00	14.483	14.526	15.411	41.097	40.205	39.405	116.888	120.216	132.183	242.836	233.41	241.783
00:53:30	13.839	15.018	14.733	41.046	40.056	41.132	115.446	119.324	130.15	239.945	236.292	239.66
00:54:00	15.37	14.815	14.864	40.737	41.036	40.569	118.861	120.88	131.64	240.485	235.029	244.159
00:54:30	14.057	14.45	14.457	41.517	40.847	40.402	114.859	122.802	130.373	240.441	236.85	241.196
00:55:00	14.233	14.326	14.738	40.98	40.54	39.977	117.44	121.579	132.521	245.997	238.762	239.886
00:55:30	14.171	14.846	15.347	40.674	41.09	39.077	115.83	123.09	130.224	245.484	237.159	241.134
00:56:00	14.909	14.922	14.669	42.082	40.765	39.873	115.961	122.175	129.819	244.915	235.946	238.89
00:56:30	14.233	15.456	15.539	41.555	40.369	40.41	117.803	123.703	132.104	245.171	232.404	243.845
00:57:00	13.804	14.094	14.485	40.53	38.209	39.176	116.676	120.373	131.975	241.116	234.403	239.214
00:57:30	14.17	13.918	14.569	41.194	39.824	40.266	117.849	119.407	129.907	243.675	237.139	240.458
00:58:00	13.586	14.75	14.779	40.105	41.129	38.878	114.754	121.742	130.559	243.798	232.063	238.779
00:58:30	14.23	14.452	14.655	40.123	38.801	40.556	117.462	121.413	130.569	240.791	232.715	236.576
00:59:00	12.998	15.118	15.769	40.087	37.944	37.853	115.75	120.348	131.54	241.098	233.815	240.763
00:59:30	13.058	14.853	13.558	39.156	39.395	39.015	115.64	119.051	130.866	244.711	233.852	241.697
01:00:00	11.897	13.844	14.513	40.629	39.755	39.16	115.731	119.989	131.225	240.212	234.71	238.271
01:00:30	13.766	14.148	14.76	40.067	39.455	38.567	116.858	118.665	130.936	242.827	239.216	237.203
01:01:00	13.313	14.476	14.231	38.921	39.541	39.248	117.557	120.379	131.778	241.586	237	240.296
01:01:30	13.206	14.862	14.797	39.788	38.772	39.575	119.48	119.416	130.707	244.063	237.699	237.51
01:02:00	14.133	14.885	14.821	40.371	39.39	39.777	114.775	120.463	130.885	239.759	235.942	240.852
01:02:30	13.751	14.596	14.365	39.272	38.709	38.353	113.925	119.272	132.682	245.19	237.237	239.512
01:03:00	14.142	13.953	14.203	39.516	38.182	38.228	116.115	119.104	131.511	241.848	234.978	239.926
01:03:30	14.222	14.393	15.082	41.321	38.449	39.067	115.932	117.164	129.112	243.666	234.932	237.46
01:04:00	12.913	14.232	15.021	40.073	40.562	37.764	115.096	119.818	132.52	244.071	234.436	241.124
01:04:30	13.322	14.711	14.381	39.796	38.338	37.335	112.005	122.17	130.266	238.605	233.913	236.72
01:05:00	13.602	14.423	14.067	39.756	38.097	37.247	115.32	117.466	130.687	240.424	231.8	236.92
01:05:30	13.416	13.782	14.589	39.174	38.838	39.187	113.095	118.978	129.366	242.826	235.509	239.434
01:06:00	12.389	14.044	14.321	39.376	38.646	37.87	117.712	119.092	127.833	242.473	236.534	237.549
01:06:30	13.212	15.167	14.107	39.446	36.422	37.731	115.82	120.829	133.234	240.569	236.033	236.713
01:07:00	12.35	13.926	14.474	37.78	36.838	39.477	114.684	120.78	131.042	243.074	235.351	239.278
01:07:30	13.206	13.913	14.674	38.902	38.495	38.993	116.337	121.469	131.761	239.112	233.158	237.322
01:08:00	13.621	13.451	14.001	38.088	38.184	37.868	115.113	118.517	126.735	242.707	234.548	238.032
01:08:30	14.152	13.951	13.928	39.245	37.379	36.313	112.696	118.921	129.734	239.378	237.094	239.515
01:09:00	13.179	14.264	13.961	39.419	37.489	37.488	115.187	119.301	129.213	239.936	231.677	238.385
01:09:30	12.735	13.432	14.757	38.526	37.211	38.152	115.986	120.436	128.523	238.548	232.781	237.469
01:10:00	12.64	14.048	14.648	39.573	35.932	37.317	116.8	119.094	131.734	244.215	234.223	237.074
01:10:30	13.052	14.152	14.502	38.399	37.507	36.701	113.935	116.793	128.056	238.04	233.453	235.52
01:11:00	13.392	13.662	14.41	39.907	38.109	36.836	115.703	116.946	129.238	241.729	232.992	232.957
01:11:30	13.217	14.401	14.918	38.564	36.271	37.008	115.006	118.753	130.615	242.1	233.557	235.571
01:12:00	12.727	14.192	14.167	40.468	35.756	37.191	115.272	120.363	127.771	241.249	231.776	239.711
01:12:30	12.114	14.009	14.625	38.834	36.721	36.351	115.056	119.364	129.795	242.952	237.573	233.276
01:13:00	12.179	13.854	14.31	37.386	38.275	36.485	112.314	119.909	128.521	240.612	231.476	236.805
01:13:30	11.947	13.865	13.729	39.209	34.854	36.505	113.692	119.658	128.712	238.128	232.572	234.426
01:14:00	12.895	13.323	13.985	38.497	36.342	36.258	112.875	119.463	128.414	241.7	233.981	235.311
01:14:30	13.018	14.334	13.859	38.572	36.247	37.138	115.35	118.617	130.229	239.982	232.357	238.388
01:15:00	12.805	14.692	13.27	38.844	35.619	35.08	114.924	120.12	129.388	242.025	237.686	234.088
01:15:30	12.811	13.536	14.523	38.404	37.774	36.441	115.513	119.478	130.443	234.966	230.14	237.207
01:16:00	13.026	13.877	14.273	39.689	36.879	36.899	112.309	118.814	127.851	239.313	234.582	238.37
01:16:30	12.603	14.103	14.242	38.746	36.083	36.247	112.951	119.083	130.902	236.85	232.831	234.264
01:17:00	12.215	13.35	14.916	38.06	35.439	37.496	114.453	118.261	128.919	242.994	231.613	238.171
01:17:30	12.076	13.559	13.587	36.445	35.287	35.556	112.403	116.804	125.748	240.357	229.567	233.573
01:18:00	12.614	13.712	14.723	38.648	34.804	36.338	116.574	116.891	129.067	240.699	229.656	236.481
01:18:30	12.897	13.892	13.769	37.378	33.495	36.051	111.307	118.155	126.767	242.634	233.127	237.385
01:19:00	11.983	13.535	14.193	36.776	34.331	35.183	113.222	119.711	127.436	240.282	232.448	238.316
01:19:30	12.678	12.742	13.489	35.971	35.242	36.239	112.531	118.739	126.741	239.751	235.448	237.864
01:20:00	12.064	12.935	13.658	37.072	35.519	35.239	115.041	120.043	127.568	240.748	236.329	234.447
01:20:30	12.486	14.366	14.343	36.392	35.592	35.733	111.873	118.34	127.293	239.655	233.226	239.502
01:21:00	11.948	13.964	13.054	37.565	34.997	35.571	113.613	117.058	126.809	240.778	231.822	235.291
01:21:30	11.726	13.709	13.654	35.282	35.11	35.143	113.611	117.53	128.026	238.099	234.044	237.462
01:22:00	11.328	14.389	13.841	35.417	35.058	35.788	114.039	118.183	126.899	240.437	231.8	235.05
01:22:30	12.691	14.26	14.094	34.678	33.429	36.062	113.037	114.782	126.802	238.335	234.602	236.774
01:23:00	11.736	13.817	12.975	36.81	34.959	35.924	112.684	119.107	126.422	241.33	231.19	236.842
01:23:30	13.541	14.41	13.258	34.791	33.23	35.301	114.043	117.575	128.179	242.353	230.116	235.463
01:24:00	12.599	13.534	13.64	34.028	34.197	35.968	113.52	118.37	129.234	239.625	231.678	236.077
01:24:30	13.218	14.291	13.828	35.477	33.727	34.699	113.181	117.84	129.769	237.036	229.471	235.135
01:25:00	12.527	14.462	14.417	35.389	33.337	36.294	114.339	117.995	128.215	237.581	235.773	234.906
01:25:30	12.972	14.517	13.92	33.81	33.054	35.029	115.299	117.543	126.569	238.51	228.595	235.565
01:26:00	11.768	13.459	13.733	33.434	32.14	35.283	114.138	118.057	127.791	238.295	230.174	235.273
01:26:30	12.703	14.203	13.441	33.616	32.906	35.055	114.174	119.345	127.909	238.231	229.709	234.012
01:27:00	12.646	13.904	14.126	33.799	33.765	36.835	112.602	115.779	126.842	236.796	228.732	234.55
01:27:30	11.908	13.149	13.444	35.819	33.221	34.339	111.724	114.979	127.735	238.761	233.043	233.701
01:28:00	12.389	14.755	13.683	34.345	32.81	35.052	112.871	116.733	128.939	237.995	231.489	235.796
01:28:30	12.078	14.138	15.066	34.598	33.948	35.183	112.981	114.206	127.382	237.333	227.238	234.565
01:29:00	12.185	13.549	13.873	34.63	34.254	36.266	111.014	117.423	125.402	239.015	230.196	233.591
01:29:30	12.854	13.217	14.013	33.358	34.191	35.378	113.807	117.66	126.87	236.272	229.195	235.739
01:30:00	12.576	13.893	13.376	34.153	34.331	35.226	113.52	119.584	129.733	239.938	230.572	237.519
01:30:30	12.994	13.74	13.392	33.874	33.467	34.559	113.811	117.434	127.767	237.928	229.752	235.275
01:31:00	11.64	14.086	14.358	33.512	32.42	35.033	111.667	119.101	129.205	237.668	231.986	233.472
01:31:30	12.222	13.889	13.468	33.711	31.75	34.905	115.009	117.537	127.906	237.377	230.709	235.522
01:32:00	12.238	13.519	14.253	34.762	32.292	34.166	115.134	117.255	127.494	240.089	230.134	236.524
01:32:30	12.758	12.966	14.15	33.389	31.562	35.046	114.851	116.721	128.136	239.23	230.126	232.362
01:33:00	12.496	13.538	14.28	32.675	34.878	36.708	112.737	115.453	128.814	235.96	232.388	238.983
01:33:30	12.69	13.944	14.2	33.086	33.227	35.264	112.296	117.21	124.699	240.345	231.045	232.627
01:34:00	11.718	14.112	14.123	33.877	32.465	34.947	109.735	117.901	127.322	239.892	230.953	233.346
01:34:30	11.834	13.963	13.981	34.753	34.402	35.185	113.864	117.619	129.429	238.222	227.754	233.31
01:35:00	12.239	14.312	14.375	33.364	32.708	35.314	113.4	117.074	123.743	236.131	231.252	232.865
01:35:30	12.135	13.097	13.335	33.01	32.388	34.21	112.471	117.597	127.58	238.38	231.566	236.542
01:36:00	11.301	13.28	13.24	33.213	32.875	34.273	113.34	115.974	124.798	233.425	227.624	235.673
01:36:30	12.86	13.904	14.348	32.38	33.258	34.13	112.823	119.032	128.092	238.969	231.226	233.834
01:37:00	12.756	13.271	13.467	32.983	32.955	35.411	112.291	117.852	128.401	235.325	232.898	230.781
01:37:30	11.487	13.641	13.155	32.828	33.336	33.876	112.851	116.696	126.576	237.848	224.806	234.083
01:38:00	11.479	14.146	14.257	31.686	33.1	32.942	110.845	115.688	129.682	238.859	229.901	233.407
01:38:30	12.601	13.774	14.699	31.57	31.694	33.959	113.266	115.795	127.556	236.212	226.97	233.802
01:39:00	12.364	13.743	13.671	32.957	34.015	34.475	109.119	117.77	125.013	235.152	231.617	232.456
01:39:30	12.215	14.291	14.052	32.382	31.882	32.853	112.684	117.279	127.286	238.581	230.375	233.504
01:40:00	11.876	14.33	13.63	33.093	33.72	34.393	112.396	118.288	126.57	236.897	230.687	232.793
01:40:30	12.481	13.437	13.456	32.955	32.062	35.177	112.719	116.701	127.573	235.563	227.725	231.003
01:41:00	13.321	13.067	13.391	32.46	32.06	34.194	113.498	115.827	127.029	237.98	229.155	233.606
01:41:30	12.08	13.814	13.601	32.056	32.664	32.139	113.74	115.861	123.347	235.463	230.009	233.881
01:42:00	11.832	12.975	14.169	32.456	32.689	31.894	112.578	117.352	125.381	233.407	232.402	235.917
01:42:30	11.851	13.212	13.992	32.398	33.558	33.472	112.199	117.865	126.706	238.246	229.361	234.307
01:43:00	12.315	14.382	14.108	31.371	31.456	33.301	112.747	113.398	125.818	237.181	229.834	234.924
01:43:30	12.654	13.598	14.338	31.989	32.018	34.686	113.945	115.556	126.598	235.975	232.318	232.553
01:44:00	12.288	13.911	13.962	31.234	33.702	33.926	114.992	117.267	124.585	238.576	228.562	231.847
01:44:30	11.961	13.276	13.876	32.834	32.935	33.715	112.454	117.163	125.528	234.568	230.418	233.469
01:45:00	11.934	14.049	13.264	31.909	32.9	33.419	112.412	115.463	127.607	235.107	228.791	229.834
01:45:30	11.997	14.693	13.825	32.171	31.731	33.21	111.486	115.472	123.694	238.242	227.264	233.38
01:46:00	12.011	13.629	13.688	31.761	31.878	33.5	109.995	114.968	125.94	235.216	227.301	231.488
01:46:30	12.052	13.548	13.229	32.255	32.547	33.895	109.781	116.414	131.119	234.511	229.651	234.136
01:47:00	12.573	13.497	13.888	33.004	33.566	31.899	112.901	117.866	127.79	243.208	229.969	233.247
01:47:30	12.205	13.311	14.362	31.672	33.058	33.901	110.212	118.092	123.236	237.504	228.101	233.029
01:48:00	11.271	14.037	14.151	32.456	32.313	33.67	113.583	115.875	127.47	238.931	232.098	236.671
01:48:30	12.283	13.263	13.732	32.067	32.99	35.226	113.613	116.399	127.449	234.953	227.962	235.569
01:49:00	11.663	13.327	14.433	31.346	32.096	31.939	111.631	117.612	127.851	236.413	232.376	234.292
01:49:30	12.106	14.156	13.376	31.669	32.779	32.823	113.296	115.778	127.515	237.807	228.98	233.802
01:50:00	12.401	13.654	13.148	31.717	31.792	33.753	113.751	115.471	126.125	236.191	227.488	230.101
01:50:30	12.589	13.426	13.647	31.063	32.421	33.426	112.736	117.332	126.565	236.784	231.12	235.103
01:51:00	12.069	13.76	13.68	30.301	32.447	32.418	113.027	117.687	124.77	237.173	229.945	230.264
01:51:30	12.501	14.257	13.184	33.301	33.098	33.48	112.362	114.952	124.679	234.771	230.316	236.307
01:52:00	12.085	13.514	13.629	30.825	33.548	33.615	113.289	114.862	124.052	234.937	228.968	232.774
01:52:30	12.57	13.315	13.749	33.011	32.675	32.512	112.165	116.193	126.883	236.254	226.122	232.176
01:53:00	12.069	14.062	13.89	31.898	32.885	33.306	112.323	114.792	125.996	235.562	231.915	230.896
01:53:30	12.655	12.959	13.543	33.463	32.254	34.08	111.946	117.785	124.169	242.083	227.301	231.482
01:54:00	12.924	13.86	13.909	32.595	33.883	33.749	112.3	118.068	125.361	235.451	228.709	232.025
01:54:30	12.314	13.381	13.175	32.025	34.111	33.166	110.369	117.535	127.692	236.755	229.976	236.744
01:55:00	11.704	14.533	14.306	31.463	33.492	33.024	112.363	114.812	126.851	236.877	232.893	233.16
01:55:30	12.524	13.714	13.752	31.205	30.814	34.219	114.479	116.727	125.102	237.464	227.985	233.135
01:56:00	11.791	14.577	14.314	32.937	32.06	33.102	111.936	114.719	128.825	234.366	228.776	232.821
01:56:30	11.522	13.323	13.102	31.688	33.786	34.172	111.284	116.842	127.158	233.09	228.188	234.11
01:57:00	13.023	13.842	13.49	31.081	31.273	33.838	111.202	115.634	127.262	238.401	230.178	230.658
01:57:30	12.412	13.941	14.533	31.203	32.936	32.898	111.01	115.62	127.422	236.38	226.225	230.241
01:58:00	11.941	13.571	13.682	31.553	33.503	34.632	111.835	115.857	127.876	236.754	229.422	230.698
01:58:30	11.988	13.606	13.312	30.976	33.407	32.548	113.317	117.663	125.034	238.005	228.048	234.551
01:59:00	12.88	13.334	13.666	30.558	31.353	33.528	110.505	116.09	127.463	232.956	226.197	231.549
01:59:30	12.854	13.181	13.754	32.715	31.964	32.818	110.419	118.518	128.097	236.938	227.227	231.643
02:00:00	12.363	13.52	14.072	31.763	32.467	33.455	109.946	114.342	126.491	235.06	229.955	233.539