Time	25_1	25_2	25_3	50_1	50_2	50_3	100_1	100_2	100_3	150_1	150_2	150_3
00:00:00	115.335	84.154	111.256	170.384	173.272	176.246	348.256	355.644	341.915	486.851	506.433	510.359
00:00:30	105.448	85.729	104.107	166.722	167.045	168.519	333.502	342.352	342.841	475.499	497.015	498.124
00:01:00	100.672	76.849	94.957	161.053	163.048	164.586	326.492	329.85	324.962	468.363	486.96	482.008
00:01:30	92.839	72.003	85.589	158.102	159.564	155.248	318.76	316.384	312.941	455.085	476.701	473.057
00:02:00	86.097	67.827	79.282	152.195	157.31	152.502	305.048	308.821	308.991	451.722	469.004	466.3
00:02:30	82.622	65.888	74.025	148.826	149.56	147.059	302.294	304.048	297.488	443.898	456.589	459.481
00:03:00	78.374	62.265	73.179	146.617	147.082	147.981	297.583	300.469	299.53	442.993	457.787	458.328
00:03:30	77.692	60.897	71.73	143.054	144.999	142.895	291.559	301.476	292.22	445.308	452.64	456.612
00:04:00	73.427	57.732	68.369	139.893	140.13	140.674	289.449	290.076	287.578	437.657	451.057	451.488
00:04:30	71.687	57.51	68.053	136.817	136.601	137.665	286.658	288.097	287.218	434.804	450.48	445.674
00:05:00	67.859	55.55	65.982	134.578	135.125	131.326	280.782	287.285	280.471	433.336	443.6	449.747
00:05:30	66.612	53.015	64.689	130.818	134.961	134.25	285.909	281.06	278.056	430.664	438.005	442.446
00:06:00	66.021	51.719	62.147	130.643	131.314	130.221	280.773	281.419	275.596	429.763	441.905	441.442
00:06:30	63.78	50.565	61.193	128.301	127.056	127.57	276.176	280.162	276.76	428.914	438.233	437.334
00:07:00	60.792	48.58	59.274	126.592	127.066	124.664	273.998	277.915	275.256	431.465	439.512	440.452
00:07:30	61.669	48.691	59.315	125.314	126.215	122.919	273.633	278.871	273.48	428.688	442.093	436.261
00:08:00	60.272	46.62	57.939	122.883	123.145	124.188	275.475	280.602	273.995	428.239	439.926	438.702
00:08:30	59.353	43.046	56.179	122.341	123.973	120.919	272.647	276.384	270.962	427.42	437.966	438.171
00:09:00	58.568	43.857	56.405	117.503	119.727	119.691	272.711	275.002	271.266	426.996	436.257	431.358
00:09:30	58.152	43.508	54.535	118.719	122.66	117.97	271.172	271.444	267.625	424.399	436.383	437.995
00:10:00	56.063	42.486	51.836	115.032	118.699	119.142	269.736	271.458	272.159	419.292	433.795	437.083
00:10:30	53.667	43.118	52.725	115.868	116.305	117.174	266.119	269.025	263.06	416.439	435.89	428.208
00:11:00	53.998	41.058	51.687	113.243	113.265	118.101	269.305	267.13	265.602	420.694	433.514	431.054
00:11:30	52.458	40.696	50.902	113.176	117.139	115.307	261.475	265.581	269.637	422.364	436.494	434.93
00:12:00	53.181	39.238	50.266	113.914	112.912	115.895	267.106	268.299	266.034	420.402	431.067	430.879
00:12:30	53.476	38.651	49.802	111.067	111.444	113.248	265.214	266.753	266.332	416.766	429.357	433.187
00:13:00	51.263	37.933	46.854	108.674	113.011	112.683	267.334	266.364	262.64	418.959	428.761	426.802
00:13:30	49.621	37.905	48.231	107.713	113.265	111.787	264.179	267.012	263.273	418.003	436.378	426.705
00:14:00	48.737	36.649	46.852	109.919	110.403	110.945	261.517	264.736	258.155	418.626	431.777	429.604
00:14:30	50.029	36.89	44.676	109.555	110.338	108.781	258.552	263.007	262.739	419.059	436.585	430.991
00:15:00	49.274	36.031	45.057	109.406	108.445	107.452	261.176	263.665	266.012	418.681	426.785	426.286
00:15:30	48.013	36.387	44.899	105.674	106.829	109.398	266.671	264.492	262.401	415.404	431.731	428.073
00:16:00	47.853	37.006	44.722	105.444	106.393	104.474	262.018	259.701	262.422	416.87	427.777	425.086
00:16:30	45.424	35.734	43.697	104.932	107.282	101.387	258.243	262.975	263.206	419.549	432.966	426.109
00:17:00	45.512	33.853	41.96	103.915	106.114	104.638	258.828	259.332	259.024	420.607	430.612	426.271
00:17:30	44.789	34.454	42.874	103.582	105.178	101.668	256.436	259.464	259.154	413.529	429.344	425.35
00:18:00	45.498	33.01	41.005	101.339	104.876	101	256.864	259.818	258.961	415.465	432.545	421.123
00:18:30	44.582	33.397	40.611	100.116	103.92	100.077	257.045	259.417	257.722	413.148	430.66	422.931
00:19:00	44.464	33.697	40.908	101.241	101.34	100.643	261.053	258.805	260.436	414.831	432.936	427.709
00:19:30	44.297	32.062	42.223	99.378	101.927	98.154	258.631	259.133	256.939	415.277	430.498	423.25
00:20:00	44.762	32.822	40.111	98.417	101.716	98.663	259.101	261.148	260.493	417.324	424.858	426.808
00:20:30	43.213	32.47	39.58	95.778	99.607	97.927	253.064	260.184	258.188	410.83	424.833	420.481
00:21:00	41.335	32.227	39.565	96.729	100.421	96.611	252.769	253.304	251.35	412.076	422.053	417.906
00:21:30	42.215	31.113	40.309	93.615	101.641	97.59	252.627	259.425	257.426	419.149	427.099	426.721
00:22:00	42.13	31.551	38.622	94.767	99.089	96.536	257.699	258.223	261.026	411.64	423.941	423.499
00:22:30	41.393	30.532	38.494	94.482	94.076	95.409	251.371	256.72	256.852	410.591	421.982	413.168
00:23:00	39.509	30.543	40.14	94.939	96.73	95.996	257.646	258.894	256.071	418.503	427.85	421.323
00:23:30	41.861	30.413	36.456	92.922	97.521	95.847	254.456	257.116	256.024	414.549	428.999	417.1
00:24:00	39.829	30.091	38.233	93.423	97.068	93.651	257.065	255.995	254.902	408.061	425.751	426.738
00:24:30	41.233	29.664	38.701	93.716	94.31	94.769	254.152	256.848	256.383	416.44	427.396	416.602
00:25:00	38.787	29.886	37.342	91.287	93.058	91.053	251.502	254.407	259.92	412.711	423.29	421.76
00:25:30	40.301	29.315	37.249	90.049	93.419	90.964	253.296	257.963	253.87	408.305	425.551	423.73
00:26:00	38.764	30.365	37.658	88.911	93.595	93.101	254.428	256.327	258.134	413.023	425.275	421.076
00:26:30	39.42	28.954	38.044	89.079	92.124	91.939	252.418	253.917	253.534	409.979	421.8	416.255
00:27:00	39.683	29.571	35.862	88.322	92.655	90.505	250.967	251.474	256.839	415.136	423.297	415.389
00:27:30	39.634	28.639	36.41	90.384	93.58	91.475	251.34	257.086	255.944	411.678	421.882	420.347
00:28:00	38.909	28.568	36.438	88.458	91.009	92.17	255.607	253.262	253.706	410.067	423.434	423.763
00:28:30	39.435	27.204	35.508	89.158	91.596	93.674	252.314	252.335	252.909	410.211	418.222	413.809
00:29:00	36.725	28.387	36.152	88.619	89.754	90.345	253.543	254.984	253.232	408.976	422.716	418.56
00:29:30	36.867	27.031	35.124	87.928	91.712	89.465	249.407	255.977	252.191	410.835	419.341	419.753
00:30:00	36.342	27.469	35.462	88.895	91.388	91.359	247.582	254.306	252.232	412.628	422.597	417.754
00:30:30	37.527	27.023	34.853	87.646	91.24	88.472	252.074	253.189	253.925	413.567	417.028	421.082
00:31:00	36.999	27.488	34.415	86.145	91.357	88.167	255.133	256.619	253.241	412.199	424.737	420.739
00:31:30	37.097	28.145	35.17	86.143	89.625	91.775	249.389	257.082	251.79	413.467	422.208	418.402
00:32:00	37.157	28.222	35.45	85.231	89.576	86.372	249.145	253.079	252.427	412.183	418.309	415.102
00:32:30	36.343	28.1	34.145	85.811	90.027	86.521	253.713	255.854	252.099	410.336	426.961	417.648
00:33:00	37.289	26.72	35.541	87.533	89.871	87.623	252.543	253.869	252.524	416.293	425.248	419.483
00:33:30	37.864	26.685	34.162	85.269	87.949	87.491	250.864	253.619	251	409.852	422.015	418.779
00:34:00	36.356	26.926	33.8	83.693	89.045	86.351	251.307	254.183	254.18	411.234	422.357	421.116
00:34:30	35.248	26.974	33.152	85.113	89.088	87.29	252.016	250.674	251.539	410.407	415.76	416.342
00:35:00	34.928	26.161	33.181	85.175	86.069	85.062	248.586	253.368	253.29	408.561	417.401	413.039
00:35:30	35.167	26.924	33.695	84.182	84.682	85.043	245.29	250.563	254.184	402.219	420.882	419.823
00:36:00	35.858	26.907	33.272	82.38	87.327	85.901	250.64	250.441	252.427	404.959	423.041	413.301
00:36:30	34.868	26.982	32.604	83.686	85.751	84.06	244.537	251.772	247.356	403.872	416.345	414.67
00:37:00	35.075	26.319	33.566	85.259	85.926	86.861	250.111	251.811	252.604	411.323	421.83	415.918
00:37:30	35.497	27.396	32.463	82.69	82.623	85.154	250.76	251.631	252.873	410.788	423.313	417.678
00:38:00	35.076	28.416	33.279	82.838	85.606	83.122	252.425	252.633	253.674	410.588	422.787	422.059
00:38:30	33.827	25.468	33.143	83.672	84.561	84.42	252.862	252.268	251.871	406.553	421.713	416.829
00:39:00	33.65	26.149	32.723	81.108	83.87	85.75	249.267	250.8	245.986	406.292	418.249	410.123
00:39:30	35.036	26.175	32.386	82.438	83.204	81.383	252.172	252.664	250.632	407.642	424.123	417.329
00:40:00	34.967	25.541	31.696	81.385	84.96	83.335	250.117	251.598	256.815	405.757	421.528	415.677
00:40:30	34.362	25.037	33.232	81.039	83.772	84.071	249.605	252.258	251.446	408.761	420.738	413.319
00:41:00	33.923	25.832	30.958	80.148	82.676	83.232	248.406	248.83	250.538	405.857	417.225	412.906
00:41:30	34.363	26.186	31.689	81.063	82.979	83.088	249.317	252.968	251.464	414.521	425.783	416.586
00:42:00	33.976	26.306	31.186	81.181	81.405	83.017	254.218	252.657	253.571	405.463	423.217	412.048
00:42:30	33.419	24.943	32.161	79.895	82.736	80.934	248.83	254.353	246.468	408.898	421.759	414.297
00:43:00	34.388	25.274	31.838	80.406	83.116	81.326	247.171	248.538	248.602	406.319	420.306	414.084
00:43:30	35.141	25.351	30.933	77.846	84.095	82.314	250.286	247.542	249.759	405.576	418.033	416.329
00:44:00	32.957	25.585	31.615	80.816	81.126	80.911	252.552	251.45	249.447	405.596	421.032	413.813
00:44:30	32.685	25.177	31.411	79.908	82.452	80.829	247.681	248.309	246.491	404.397	421.02	415.267
00:45:00	33.802	25.406	32.314	79.474	79.394	80.28	246.374	248.635	253.589	410.197	413.146	410.423
00:45:30	32.347	24.097	31.04	78.328	80.613	81.909	241.421	250.786	249.092	405.209	418.591	408.879
00:46:00	31.971	24.57	30.729	76.444	83.098	81.042	246.975	251.281	250.553	414.626	419.761	415.033
00:46:30	33.577	25.008	32.07	77.458	80.191	81.254	248.18	249.183	249.026	410.604	417.705	417.566
00:47:00	32.737	25.888	31.564	81.605	81.895	81.387	253.035	251.024	251.207	407.612	418.064	412.189
00:47:30	33.864	25.514	31.542	78.336	80.696	81.739	247.592	246.651	250.651	407.189	414.889	414.002
00:48:00	32.406	24.286	32.366	77.829	81.791	78.228	249.268	252.597	250.251	410.927	420.337	409.984
00:48:30	33.623	25.355	30.325	77.963	81.593	78.058	245.309	247.188	247.375	403.383	415.812	412.293
00:49:00	33.526	24.957	30.929	78.304	80.13	80.479	247.21	251.865	248.306	408.244	417.521	415.076
00:49:30	32.538	24.325	30.767	77.733	79.92	79.582	248.458	250.734	249.027	406.449	422.38	413.669
00:50:00	32.964	25.05	31.488	77.175	78.903	77.117	246.871	246.436	247.563	408.576	417.58	409.343
00:50:30	32.431	25.442	31.401	75.952	81.298	80.575	247.681	251.005	248.704	407.412	422.504	415.104
00:51:00	32.413	22.485	30.422	77.863	79.574	78.955	244.084	248.483	248.195	407.913	415.203	412.057
00:51:30	32.808	23.795	30.783	77.291	79.596	79.871	248.926	247.923	251.37	404.278	425.571	415.755
00:52:00	32.409	25.753	29.843	77.525	78.676	80.574	244.163	250.238	246.483	403.191	416.279	412.115
00:52:30	32.85	26.264	29.678	75.985	78.81	77.503	246.451	248.27	246.201	403.853	417.414	410.993
00:53:00	32.189	25.088	30.682	77.056	79.966	78	248.845	247.023	246.466	405.185	417.023	412.878
00:53:30	31.941	24.487	29.861	76.243	78.874	79.743	247.459	251.111	249.519	409.889	417.363	411.219
00:54:00	32.296	24.257	30.481	76.369	79.063	78.743	249.13	247.247	249.108	406.051	424.141	414.136
00:54:30	33.065	24.686	30.494	75.944	79.854	79.881	248.879	249.708	246.771	407.484	415.267	410.469
00:55:00	30.805	23.775	30.661	76.046	77.518	79.031	243.218	249.64	250.354	404.024	413.657	408.01
00:55:30	31.06	24.597	30.04	76.627	79.023	79.765	246.447	244.564	247.953	405.793	412.088	413.332
00:56:00	32.344	23.484	30.049	75.741	77.292	75.997	247.929	248.367	246.055	404.374	413.518	409.14
00:56:30	32.489	23.437	30.524	73.932	77.267	78.276	245.035	247.906	247.779	404.642	416.145	411.085
00:57:00	31.675	23.536	30.185	75.294	79.83	76.156	244.838	247.715	249.469	403.377	417.011	411.613
00:57:30	30.884	24.187	30.059	75.835	78.384	78.717	246.174	243.58	249.354	402.795	416.908	408.53
00:58:00	31.495	24.392	30.896	74.738	79.732	78.43	244.924	242.534	248.925	407.179	416.378	413.274
00:58:30	32.62	24.789	31.959	77.027	79.896	77.727	246.31	250.482	249.033	405.475	419.173	415.648
00:59:00	31.952	24.057	31.202	76.17	78.759	78.301	243.807	251.777	248.023	405.036	417.222	410.672
00:59:30	32.374	24.632	29.54	74.23	78.163	78.482	246.761	247.373	244.376	405.417	415.776	412.048
01:00:00	33.058	23.693	30.332	74.216	78.587	75.395	244.409	247.598	242.17	400.75	417.386	411.99
01:00:30	32.474	22.654	29.232	74.318	76.014	75.985	244.034	247.058	248.215	400.368	414.822	407.712
01:01:00	32.617	24.747	30.153	74.338	77.189	77.49	246.602	246.323	247.848	402.295	417.88	409.509
01:01:30	31.078	24.016	29.435	75.788	75.869	75.349	246.139	247.203	248.357	403.27	415.297	408.409
01:02:00	32.69	25.069	30.257	74.905	77.993	78.089	247.66	251.847	251.138	405.995	419.358	412.455
01:02:30	30.311	23.84	30.333	74.744	78.514	77.213	245.244	246.884	245.199	400.792	414.208	407.286
01:03:00	31.705	23.024	29.806	74.549	77.75	75.707	244.958	245.173	243.187	404.23	414.826	407.606
01:03:30	30.911	23.911	28.671	74.166	78.002	75.042	247.47	246.599	243.951	403.594	410.842	406.923
01:04:00	31.879	24.173	30.014	73.181	75.324	76.511	246.769	248.545	244.689	399.797	414.29	409.741
01:04:30	31.953	24.063	29.705	75.248	78.176	73.927	247.594	246.183	245.964	401.836	412.731	413.231
01:05:00	30.904	22.961	29.758	73.045	76.302	76.441	246.801	247.527	246.947	401.953	412.051	411.234
01:05:30	31.314	23.578	28.919	75.123	77.848	76.514	248.077	249.01	248.664	405.492	419.224	411.656
01:06:00	30.68	23.963	29.535	74.626	76.702	75.569	244.075	246.414	248.122	394.626	413.358	412.41
01:06:30	30.72	24.125	29.235	75.556	76.397	75.962	245.817	243.682	247.932	402.452	409.82	406.776
01:07:00	30.716	23.356	30.115	73.584	75.992	75.191	246.769	250.649	249.972	405.489	417.339	409.277
01:07:30	31.248	24.346	29.377	74.075	77.654	75.317	245.872	248.848	250.473	403.946	421.501	415.143
01:08:00	29.886	23.914	28.894	73.718	75.846	76.767	244.76	249.28	245.56	399.046	418.074	411.445
01:08:30	31.222	22.819	29.209	74.869	76.876	76.045	244.814	248.344	248.665	401.157	417.349	411.799
01:09:00	30.874	23.827	30.434	74.795	76.294	75.486	247.835	250.651	244.708	404.928	417.813	409.411
01:09:30	31.084	24.485	30.071	75.35	76.923	73.504	246.405	247.534	247.592	402.688	417.529	413.301
01:10:00	32.562	22.404	29.504	74.111	76.6	76.974	247.762	249.896	247.31	406.834	417.272	410.886
01:10:30	30.884	23.753	29.38	73.205	74.418	75.925	246.018	248.224	245.228	405.544	416.187	403.685
01:11:00	31.437	24.541	29.259	73.355	75.286	75.105	244.795	245.615	247.201	405.707	411.872	409.975
01:11:30	31.984	23.305	30.456	74.865	74.392	75.294	244.382	247.144	244.734	399.514	412.725	404.021
01:12:00	31.706	22.724	30.478	73.638	76.353	74.897	247.775	246.397	250.015	404.717	416.928	411.332
01:12:30	31.612	23.204	29.369	74.896	77.73	77.282	247.654	249.379	244.789	402.934	416.053	407.502
01:13:00	32.421	23.425	29.59	74.052	76.454	75.16	248.13	245.886	247.253	406.665	422.118	413.195
01:13:30	31.562	23.837	29.923	73.873	77.264	74.214	245.427	248.467	248.696	407.385	414.044	408.256
01:14:00	30.896	24.576	29.436	71.044	75.865	75.955	245.73	247.109	246.72	404.217	410.666	404.361
01:14:30	31.226	23.742	30.457	72.053	77.511	75.423	241.067	247.838	251.674	406.283	415.422	407.85
01:15:00	31.69	23.949	30.093	72.487	74.536	75.077	246.744	248.529	241.599	400.141	415.19	402.609
01:15:30	30.425	23.996	29.348	73.002	76.158	74.126	246.416	248.573	248.04	410.364	417.352	412.689
01:16:00	30.254	24.205	29.247	73.75	76.076	73.64	246.549	244.268	246.881	408.38	419.972	405.979
01:16:30	30.353	23.613	30.119	71.713	76.836	76.172	245.732	250.045	248.438	406.695	415.896	407.898
01:17:00	32.367	22.845	29.986	72.623	74.497	74.381	244.818	244.777	245.625	401.398	414.847	405.419
01:17:30	31.522	23.061	29.052	74.073	75.45	74.254	246.469	249.135	247.633	406.488	413.858	410.155
01:18:00	32.457	23.525	28.351	74.451	76.82	73.356	245.218	245.48	248.646	405.149	416.088	410.146
01:18:30	31.357	23.321	29.1	72.625	75.998	75.591	245.955	245.953	247.662	401.674	410.215	408.616
01:19:00	31.311	23.449	29.953	75.143	74.653	74.797	241.578	248.679	245.266	402.551	412.684	412.537
01:19:30	31.407	24.012	30.232	73.33	73.141	72.851	247.118	244.898	243.524	394.857	415.884	405.58
01:20:00	29.443	23.668	28.649	73.862	73.56	74.378	245.532	253.035	245.586	399.781	415.395	410.375
01:20:30	31.321	24.183	31.183	72.806	74.581	74.621	245.15	247.557	247.61	401.413	414.866	410.91
01:21:00	31.631	23.882	28.917	72.662	75.906	72.99	241.535	245.263	245.426	400.907	411.205	408.106
01:21:30	31.795	22.724	30.23	71.774	74.613	76.148	243.935	247.321	247.895	399.188	414.77	405.199
01:22:00	31.834	23.741	28.743	75.396	76.091	74.659	246.441	245.872	248.396	405.872	412.837	408.449
01:22:30	30.772	23.857	29.976	72.546	74.356	75.302	246.354	243.701	245.069	398.601	413.187	405.847
01:23:00	30.52	24.058	29.508	71.693	73.573	74.582	245.434	244.366	247.891	399.972	415.71	410.284
01:23:30	30.105	22.714	30.829	73.769	75.7	74.779	244.774	250.916	246.523	405.143	416.485	404.471
01:24:00	31.512	22.559	28.945	70.914	76.177	73.514	245.507	248.801	245.167	402.35	416.294	405.241
01:24:30	30.587	22.77	29.624	71.373	74.976	74.813	240.109	245.965	245.832	398.246	411.194	408.659
01:25:00	31.132	23.46	29.781	72.371	75.921	75.874	244.672	247.077	244.841	403.614	413.932	411.916
01:25:30	30.188	23.956	29.79	73.937	73.982	74.811	243.63	247.269	244.286	398.449	414.241	409.041
01:26:00	30.787	23.352	28.757	71.253	73.812	74.814	245.042	241.067	247.931	398.424	413.721	407.992
01:26:30	30.899	23.762	29.624	73.726	74.257	76.006	244.126	249.51	244.585	402.854	413.816	407.675
01:27:00	31.447	24.255	28.225	72.564	75.649	75	245.317	246.839	245.305	407.863	409.949	409.719
01:27:30	31.053	23.919	28.243	72.41	74.152	75.144	245.482	247.323	246.432	405.098	416.816	403.94
01:28:00	30.063	24.178	29.229	71.38	73.621	75.068	241.806	245.172	246.845	399.847	414.218	408.462
01:28:30	32.003	22.346	30.051	73.064	74.131	75.025	243.812	247.542	246.609	399.067	412.639	409.08
01:29:00	32.072	23.682	28.329	73.533	77.511	76.7	245.774	249.342	243.316	406.066	414.828	410.665
01:29:30	30.869	24.169	28.03	73.093	73.572	76.078	244.795	246.635	243.505	399.502	413.319	412.578
01:30:00	31.573	23.531	28.924	73.8	71.745	72.625	244.383	247.753	245.963	398.861	407.687	404.054
01:30:30	32.432	23.408	29.037	73.723	74.972	75.993	247.046	248.576	247.568	404.176	411.799	408.855
01:31:00	30.481	23.737	29.32	73.332	74.14	75.125	249.544	244.523	246.121	403.88	416.42	405.932
01:31:30	31.878	23.069	28.896	72.169	74.538	73.468	243.283	247.109	244.737	398.881	410.201	405.969
01:32:00	31.186	23.618	29.365	73.172	74.629	74.085	243.816	248.56	246.123	401.323	415.633	409.466
01:32:30	31.242	22.277	29.001	74.174	75.079	74.868	244.227	247.299	247.054	406.814	414.566	408.157
01:33:00	30.54	23.595	27.778	73.256	75.318	72.812	243.214	244.394	245.701	400.458	409.94	407.194
01:33:30	31.219	22.391	29.388	73.843	76.464	73.672	244.873	243.573	242.096	398.839	411.792	405.859
01:34:00	31.856	24.223	30.43	72.974	74.568	75.07	241.599	247.535	248.065	406.546	413.607	409.204
01:34:30	30.872	23.413	28.065	73.205	75.923	74.554	247.778	248.72	245.672	407.268	412.646	405.591
01:35:00	29.902	23.935	28.887	74.113	74.544	75.309	242.95	245.237	243.183	401.212	415.463	408.854
01:35:30	31.745	24.356	29.485	71.558	75.648	73.789	247.218	245.683	249.047	401.848	414.381	404.054
01:36:00	30.403	23.402	28.269	73.185	75.769	73.735	243.444	246.907	248.385	398.567	417.796	409.389
01:36:30	29.648	24.095	29.78	72.503	73.395	74.857	244.923	247.368	247.606	403.736	411.336	403.36
01:37:00	30.723	23.226	29.429	73.332	75.849	74.693	245.239	248.582	248.116	401.766	409.658	411.695
01:37:30	31.571	24.094	29.203	73.292	73.796	74.209	241.572	247.44	247.703	405.897	414.768	411.692
01:38:00	30.321	23.7	29.302	73.554	73.434	74.713	244.299	249.206	247.917	404.403	414.479	403.226
01:38:30	31.403	24.303	28.97	72.145	75.811	74.864	242.509	245.39	245.635	400.752	418.696	408.328
01:39:00	31.195	23.547	29.049	72.331	75.464	75.28	241.465	246.145	244.543	404.032	415.572	404.243
01:39:30	30.914	24.209	27.642	70.648	72.985	75.57	241.167	245.847	243.212	400.508	417.813	399.273
01:40:00	30.965	24.012	30.376	71.891	73.999	75.908	245.26	246.658	246.969	405.041	415.608	406.444
01:40:30	29.769	23.531	29.275	71.991	74.804	73.43	245.753	247.376	246.824	401.728	415.695	409.164
01:41:00	32.342	23.616	28.546	72.964	73.19	73.125	242.456	246.821	246.014	400.072	411.617	407.411
01:41:30	30.553	23.132	30.025	73.41	75.756	72.937	247.129	249.412	249.388	403.761	409.371	403.974
01:42:00	30.626	22.886	30.384	71.223	74.899	71.5	243.629	247.584	247.591	398.617	408.85	402.436
01:42:30	30.795	23.169	29.088	71.173	74.422	74.062	243.868	244.435	244.595	401.368	409.175	402.312
01:43:00	30.765	23.901	28.956	71.318	74.072	73.677	242.358	246.629	243.232	399.102	410.979	404.774
01:43:30	30.604	23.949	29.992	71.314	75.682	73.333	243.017	245.825	243.11	398.428	414.017	403.902
01:44:00	29.974	23.317	30.146	73.592	73.78	73.267	242.415	244.634	245.604	398.95	411.829	405.4
01:44:30	30.692	23.545	29.791	72.943	74.738	73.694	244.676	246.408	243.937	406.134	411.171	408.555
01:45:00	29.503	23.362	29.423	71.924	73.457	74.229	244.336	244.744	241.911	397.186	413.008	403.815
01:45:30	31.627	23.721	28.483	73.112	72.773	73.22	240.502	247.465	248.152	406.063	416.532	409.075
01:46:00	31.686	23.986	28.437	71.703	74.774	74.973	246.3	247.093	246.409	402.039	413.07	407.494
01:46:30	31.195	23.662	29.783	74.038	74.459	75.347	244.981	249.975	246.063	406.955	412.562	399.91
01:47:00	31.656	23.648	28.792	74.251	74.839	72.84	245.849	247.896	241.441	403.767	416.751	404.839
01:47:30	31.065	23.576	28.364	72.747	76.387	74.373	245.815	246.795	248.16	404.169	410.587	403.148
01:48:00	31.129	23.909	29.218	71.216	75.216	74.264	244.93	250.814	248.365	405.707	415.333	405.625
01:48:30	29.99	22.89	29.407	72.792	74.969	72.666	248.271	247.912	242.695	401.957	411.678	404.935
01:49:00	30.387	23.698	28.567	73.522	74.824	72.566	241.476	243.291	242.405	396.178	412.348	405.035
01:49:30	29.921	23.107	28.941	71.346	74.75	75.1	241.712	247.014	244.177	402.269	411.451	405.295
01:50:00	31.394	23.804	29.299	69.836	75.697	75.58	242.552	245.21	246.585	397.883	408.296	409.881
01:50:30	30.306	23.866	29.107	74.3	74.769	73.055	244.729	246.425	247.545	405.379	413.813	408.281
01:51:00	30.49	23.621	30.164	72.61	73.113	71.855	246.032	247.905	244.868	399.346	413.632	406.941
01:51:30	31.285	22.96	29.85	73.981	75.955	75.786	243.702	247.934	247.13	403.675	411.65	405.28
01:52:00	32.468	23.04	30.05	73.479	74.669	73.095	244.166	245.95	246.839	401.684	418.492	407.384
01:52:30	31.125	24.551	29.77	74.659	75.13	73.104	242.752	245.937	249.963	399.347	413.049	405.094
01:53:00	32.297	23.446	29.48	72.503	73.961	74.093	244.867	245.151	245.378	403.94	415.809	406.475
01:53:30	30.225	23.665	29.157	72.165	73.752	74.093	242.258	244.731	247.15	403.078	411.012	404.488
01:54:00	30.204	24.262	27.12	72.13	73.385	72.678	244.325	245.374	246.036	398.436	412.676	410.102
01:54:30	30.78	23.777	29.765	73.06	74.432	73.93	248.693	243.959	246.318	407.978	418.173	407.166
01:55:00	30.142	24.676	28.643	71.352	74.606	75.382	242.013	246.9	247.726	402.765	411.734	408.042
01:55:30	30.92	23.727	29.348	72.443	73.481	71.674	248.085	247.808	246.295	403.729	411.369	406.656
01:56:00	30.654	24.621	29.905	73.024	74.332	75.04	241.558	242.349	242.799	399.192	415.375	405.427
01:56:30	30.124	23.942	29.498	72.747	75.102	75.768	247.878	245.581	247.818	398.818	418.63	403.946
01:57:00	30.273	23.899	28.23	73.57	73.986	75.64	244.179	247.713	247.155	400.445	412.267	410.18
01:57:30	30.358	23.787	29.646	70.998	75.258	72.579	240.975	243.733	246.555	406.288	414.068	403.792
01:58:00	30.473	23.024	29.842	72.609	72.911	71.558	245.425	249.743	244.56	401.375	410.174	401.505
01:58:30	31.261	24.489	29.407	72.204	74.123	72.695	246.38	246.398	247.356	397.651	407.493	403.228
01:59:00	30.686	24.363	28.387	72.821	74.442	75.183	239.403	245.448	245.548	393.893	409.874	403.355
01:59:30	31.196	23.716	30.569	73.552	76.657	73.078	243.68	246.445	247.382	405.419	410.724	405.823
02:00:00	32.011	24.149	28.911	72.944	74.44	72.754	242.284	245.525	245.275	400.184	410.442	405.501