Time	25_1	25_2	25_3	50_1	50_2	50_3	100_1	100_2	100_3	150_1	150_2	150_3
00:00:00	91.759	114.144	128.15	168.212	174.111	171.534	362.624	319.587	336.122	504.453	535.328	515.78
00:00:30	87.113	112.735	121.009	160.635	165.384	166.909	349.954	309.934	329.203	501.575	516.459	494.708
00:01:00	81.809	100.261	116.686	155.542	159.286	163.611	343.405	298.587	319.319	489.217	505.97	484.392
00:01:30	80.043	89.606	108.058	152.64	157.585	156.597	331.35	290.718	307.304	477.036	497.665	479.301
00:02:00	79.306	84.886	99.799	148.075	151.693	155.31	322.992	285.201	304.341	474.339	487.367	471.405
00:02:30	75.748	79.228	91.629	141.823	146.179	148.174	314.529	275.649	297.721	463.873	483.682	469.447
00:03:00	74.612	75.328	87.31	142.981	145.738	148.305	310.34	278.494	295.665	460.547	479.357	459.692
00:03:30	72.497	74.558	81.448	138.847	143.816	144.703	308.331	272.281	287.14	460.12	481.695	455.642
00:04:00	68.846	71.645	77.312	137.557	139.711	142.514	297.633	268.444	284.435	458.207	476.848	452.389
00:04:30	68.246	71.131	72.62	134.218	138.66	138.25	297.583	264.908	282.62	457.808	476.742	454.471
00:05:00	67.185	69.212	71.72	131.582	137.206	136.818	295.753	260.451	273.694	454.71	467.856	455.254
00:05:30	66.184	67.794	68.799	129.123	129.956	132.903	292.83	260.248	277.039	452.689	469.479	446.386
00:06:00	63.441	68.302	66.767	127.566	130.43	131.954	291.244	258.243	270.291	449.65	467.947	446.453
00:06:30	62.651	64.164	66.568	126.697	131.042	130.945	291.004	257.833	272.841	448.923	471.732	448.344
00:07:00	60.88	60.913	64.513	125.797	126.163	128.076	290.332	255.629	272.906	446.536	472.595	445.74
00:07:30	59.88	62.723	62.324	123.204	124.997	129.083	286.582	253.366	273.795	446.629	463.34	444.985
00:08:00	59.011	61.347	61.794	121.778	124.787	127.069	286.504	254.559	270.624	447.631	467.342	445.252
00:08:30	58.682	59.725	60.811	120.455	124.214	124.722	284.268	251.087	269.007	447.02	466.189	448.59
00:09:00	57.313	59.207	60.327	120.117	125.168	123.226	284.097	248.368	268.337	444.498	465.481	445.874
00:09:30	57.312	58.641	59.951	119.78	121.907	121.73	280.792	250.275	269.019	442.81	462.762	445.039
00:10:00	56.855	56.803	58.659	118.507	121.409	119.565	285.55	250.063	264.571	438.698	463.376	445.208
00:10:30	55.426	56.498	57.093	115.409	118.114	119.433	281.497	250.72	267.513	439.673	464.685	442.039
00:11:00	53.187	54.04	56.074	116.021	117.458	117.162	284.196	249.446	264.128	441.833	462.656	443.136
00:11:30	52.877	55.163	55.039	114.527	118.255	121.515	283.003	245.5	270.256	441.309	465.841	441.447
00:12:00	52.4	53.125	55.576	111.059	115.77	118.044	278.375	247.489	265.338	443.721	466.191	443.933
00:12:30	53.343	53.253	53.101	111.383	116.359	116.647	279.114	249.596	264.235	440.143	469.557	443.142
00:13:00	52.114	53.401	53.725	111.486	115.626	115.922	282.978	244.071	265.521	442.335	455.647	444.582
00:13:30	49.503	53.387	51.399	107.107	116.004	117.453	277.538	246.462	263.401	442.003	465.049	440.284
00:14:00	50.525	52.176	52.157	108.61	116.241	116.29	278.732	247.453	260.712	438.337	462.606	442.183
00:14:30	48.604	51.464	52.808	105.603	110.139	113.63	276.623	245.874	265.256	447.116	468.053	443.591
00:15:00	50.807	49.99	49.323	104.867	112.202	112.497	274.063	246.703	262.137	440.844	458.489	446.793
00:15:30	49.22	49.853	51.076	104.625	112.119	111.289	281.323	244.444	258.188	435.811	461.527	447.437
00:16:00	47.927	50.283	48.982	104.208	110.461	112.021	278.906	244.259	262.239	438.04	461.124	440.747
00:16:30	48.061	49.642	49.382	103.21	109.421	109.872	277.486	246.163	264.694	441.398	460.185	440.986
00:17:00	46.786	47.096	48.666	103.775	109.739	110.286	275.698	245.241	261.378	442.011	462.225	443.727
00:17:30	47.065	48.613	45.634	103.86	108.675	106.644	278.954	245.779	258.541	439.247	461.513	438.351
00:18:00	47.626	47.288	49.228	103.069	107.882	108.443	277.962	244.645	258.691	443.07	461.338	436.083
00:18:30	46.344	48.742	48.045	102.066	106.388	107.354	274.737	244.743	262.361	442.449	460.299	440.11
00:19:00	45.26	48.067	47.704	102.773	106.141	106.569	277.571	246.659	262.361	442.967	465.033	443.835
00:19:30	44.975	47.541	46.596	99.892	105.519	106.956	275.925	245.8	261.728	436.594	460.172	439.477
00:20:00	45.234	45.029	46.852	102.887	106.936	107.723	279.738	247.204	262.239	442.564	460.997	446.894
00:20:30	45.715	44.993	46.431	100.722	104.991	105.908	275.888	243.839	259.633	439.446	462.21	439.655
00:21:00	44.197	45.606	44.944	96.586	106.02	103.968	272.735	240.652	260.058	434.836	460.476	447.087
00:21:30	43.454	45.19	46.136	101.006	103.711	104.509	274.03	241.945	258.026	441.695	462.667	441.327
00:22:00	42.75	45.359	44.289	98.384	102.954	104.018	274.597	244.628	262.561	436.199	465.54	444.75
00:22:30	45.046	44.871	44.507	99.09	103.216	102.367	276.129	243.298	261.999	436.94	460.934	437.974
00:23:00	42.779	43.653	45.235	99.572	103.971	103.854	278.323	246.139	262.288	439.459	466.75	448.563
00:23:30	42.315	43.701	44.176	99.281	100.382	102.72	275.578	243.882	260.098	433.183	464.406	437.427
00:24:00	42.884	42.379	44.269	101.055	101.787	100.872	275.754	243.174	260.367	438.226	460.918	446.029
00:24:30	42.696	42.666	43.224	97.587	100.839	102.693	274.311	245.961	259.853	447.822	462.199	444.642
00:25:00	42.808	43.453	43.012	97.476	100.331	100.808	271.957	241.84	262.436	444.506	464.701	440.104
00:25:30	41.76	43.568	42.728	96.589	97.473	101.288	275.686	243.736	258.74	439.809	467.387	445.926
00:26:00	42.027	41.984	42.717	98.766	100.715	102.711	279.303	240.789	261.211	440.376	465.409	443.6
00:26:30	42.548	41.879	43.497	94.186	99.183	100.736	274.741	241.683	262.963	438.14	459.012	435.382
00:27:00	40.002	42.209	41.876	95.651	98.421	100.254	277.293	247.022	262.169	442.228	463.268	440.334
00:27:30	40.482	41.841	42.315	96.854	98.508	99.561	278.697	246.408	260.917	440.488	463.359	442.246
00:28:00	39.754	41.1	42.598	95.954	97.307	100.021	275.712	245.576	261.296	438.276	463.59	444.198
00:28:30	40.416	40.37	40.677	95.443	97.757	96.918	274.002	248.121	259.813	439.008	463.033	444.606
00:29:00	39.483	40.714	40.711	93.627	97.519	100.883	281.791	246.885	257.467	443.842	462.485	444.848
00:29:30	38.904	41.272	41.339	93.754	94.863	98.813	274.264	248.174	259.783	444.103	463.383	444.404
00:30:00	40.779	40.109	40.802	92.609	96.604	100.47	279.72	245.843	261.228	439.578	464.356	445.109
00:30:30	39.261	40.37	40.988	92.635	95.992	98.654	276.065	244.26	261.686	443.497	462.046	449.067
00:31:00	39.542	39.658	40.709	90.748	92.21	98.657	277.019	243.106	257.285	448.397	468.774	442.492
00:31:30	40.639	40.531	39.859	92.98	93.197	99.098	276.28	249.503	262.154	447.122	467.382	446.428
00:32:00	39.593	40.487	40.629	89.918	96.036	97.964	271.61	239.703	259.672	445.087	459.672	439.365
00:32:30	38.242	41.417	39.824	91.059	93.701	98.928	280.065	246.115	263.309	444.173	467.058	448.014
00:33:00	39.031	39.698	41.134	89.713	93.82	97.777	282.501	245.432	264.646	443.212	462.167	448.035
00:33:30	39.86	39.611	40.984	91.287	92.707	99.232	276.462	247.933	263.02	443.024	469.237	445.4
00:34:00	38.563	38.944	39.36	90.586	93.938	95.402	280.604	245.59	260.772	439.3	463.574	447.219
00:34:30	38.857	38.275	41.31	91.307	93.912	96.139	282.374	245.11	263.31	441.821	463.184	444.051
00:35:00	39.023	38.79	37.913	88.133	91.372	95.73	277.584	244.92	259.914	442.017	463.11	441.494
00:35:30	39.043	38.848	39.375	87.008	93.811	98.105	277.116	246.827	261.385	441.256	462.539	443.657
00:36:00	37.992	39.761	39.066	88.372	94.02	95.211	274.686	245.848	258.106	445.009	463.107	444.826
00:36:30	38.132	39.188	39.304	91.453	90.568	95.386	275.549	245.363	260.92	444.244	468.088	445.636
00:37:00	38.036	38.8	37.61	87.947	91.165	96.801	277.496	248.891	263.781	445.826	466.519	442.981
00:37:30	39.054	38.713	37.708	89.742	94.683	93.896	282.166	248.856	265.115	445.224	467.25	449.042
00:38:00	36.22	37.509	38.265	87.925	93.945	97.591	283.019	245.532	263.977	448.738	467.729	451.847
00:38:30	37.022	37.932	38.366	86.82	90.164	95.203	279.312	247.01	265.652	441.215	474.559	447.175
00:39:00	37.389	38.492	37.286	86.666	90.261	93.743	276.596	246.253	259.451	443.985	464.459	447.798
00:39:30	37.317	36.826	38.001	88.179	90.25	92.126	279.287	247.773	264.48	440.601	469.377	451.48
00:40:00	36.997	37.6	37.934	85.693	91.319	94.117	280.302	247.943	263.685	440.729	470.95	448.847
00:40:30	36.764	37.631	36.721	86.913	91.122	94.488	277.266	246.826	263.618	451.727	466.403	449.877
00:41:00	35.787	37.875	38.693	86.577	90.467	95.145	275.458	248.366	261.991	447.176	462.591	446.756
00:41:30	37.95	36.768	38.769	87.853	90.138	92.665	284.28	245.56	262.988	442.943	461.849	451.854
00:42:00	37.701	37.806	37.77	86.054	90.667	91.551	279.349	246.242	264.338	447.466	465.278	448.468
00:42:30	36.301	37.519	35.597	87.838	90.867	93.711	276.398	245.984	262.5	452.608	461.099	446.091
00:43:00	37.012	38.762	38.337	84.141	90.417	90.703	279.113	247.999	266.313	450.199	469.959	447.447
00:43:30	35.605	37.851	37.59	85.683	89.257	92.597	279.168	243.81	266.548	447.52	470.693	446.786
00:44:00	38.66	37.394	37.349	86.316	88.918	92.272	276.001	247.923	265.315	447.853	468.143	447.562
00:44:30	36.587	38.014	36.446	83.942	89.483	91.957	279.818	246.879	262.636	443.82	465.458	448.362
00:45:00	37.698	38.279	37.728	83.824	88.247	91.421	279.892	248.8	264.77	449.592	466.153	449.122
00:45:30	36.456	38.235	36.943	84.122	88.627	90.217	280.21	244.721	267.017	447.694	466.553	445.415
00:46:00	37.884	37.618	38.68	87.578	88.491	94.682	276.488	247.492	268.497	450.918	469.497	452.088
00:46:30	36.493	35.705	38.311	85.514	89.94	93.151	281.497	247.18	267.784	449.777	468.505	449.345
00:47:00	36.462	37.253	37.499	86.092	88.767	92.033	282.082	248.888	264.009	451.049	470.634	451.539
00:47:30	36.807	37.436	37.723	84.542	90.812	92.907	280.643	250.651	266.943	450.23	477.71	455.937
00:48:00	36.583	36.595	36.415	86.791	86.825	91.293	281.482	251.369	261.591	451.665	475.586	453.13
00:48:30	36.567	38.281	36.828	84.344	87.283	92.273	282.047	248.727	265.314	450.746	467.029	446.594
00:49:00	37.336	38.754	36.489	85.141	88.821	91.255	282.757	248.037	269.568	449.588	466.97	451.115
00:49:30	36.685	37.56	38.679	84.866	89.966	91.95	282.124	246.813	265.78	452.977	472.125	454.44
00:50:00	37.324	37.39	36.469	85.088	86.809	91.026	281.186	249.61	265.669	446.29	466.481	450.147
00:50:30	36.325	35.851	34.961	85.894	88.644	91.882	280.441	249.386	264.717	453.169	470.481	453.95
00:51:00	35.575	36.386	34.777	84.037	87.203	90.116	286.786	249.921	267.788	447.603	471.75	450.623
00:51:30	35.801	36.9	36.022	84.084	87.927	91.497	281.973	251.49	264.095	453.639	470.795	456.767
00:52:00	36.079	38.119	36.266	85.117	88.268	89.072	282.862	250.2	263.771	449.028	469.524	452.106
00:52:30	35.177	36.926	35.92	83.575	87.167	90.674	279.451	252.427	266.773	451.477	471.188	455.039
00:53:00	36.664	35.886	36.063	83.712	85.016	91.617	283.164	253.516	266.446	452.625	464.477	450.565
00:53:30	36.868	37.049	37.255	87.329	87.872	89.692	283.539	250.141	268.514	449.626	473.075	457.885
00:54:00	36.738	36.631	36.494	85.596	89.006	90.842	280.487	252.896	271.66	451.433	473.571	457.694
00:54:30	36.078	36.62	35.871	83.883	86.226	91.229	280.77	247.9	265.486	450.416	471.569	450.7
00:55:00	35.307	36.811	36.314	84.43	85.912	90.793	286.096	251.086	268.648	447.504	472.29	456.461
00:55:30	35.791	36.515	34.985	85.025	86.624	89.791	284.861	249.782	263.622	456.641	469.601	448.785
00:56:00	36.21	36.192	35.122	83.75	88.126	88.205	280.057	247.722	263.934	449.291	470.133	448.113
00:56:30	36.68	36.694	37.504	82.133	87.741	89.312	286.033	247.319	266.784	453.66	471.254	451.007
00:57:00	36.308	36.844	36.157	82.34	86.766	89.432	282.34	253.427	269.223	451.527	472.266	451.523
00:57:30	34.264	36.227	34.772	82.998	85.607	89.726	279.945	248.328	268.203	447.799	469.762	453.766
00:58:00	35.92	37.786	36.638	84.142	86.298	88.837	286.891	250.822	266.312	455.146	472.028	450.38
00:58:30	36.366	36.032	35.4	84.127	85.158	91.775	284.135	249.981	267.173	451.456	473.423	456.138
00:59:00	34.597	36.208	36.215	82.559	86.897	88.708	281.181	252.393	267.708	456.569	470.336	457.015
00:59:30	34.373	36.37	35.285	82.338	87.01	90.175	280.969	251.021	268.199	451.845	468.908	456.013
01:00:00	35.522	35.932	35.205	81.448	87.25	88.174	282.8	252.655	268.117	446.555	473.762	453.311
01:00:30	36.353	37.011	36.644	82.964	84.716	89.957	282.159	254.909	265.12	455.572	470.91	455.936
01:01:00	35.754	35.967	34.778	83.946	87.087	88.984	282.025	254.27	266.479	453.605	470.245	456.336
01:01:30	36.738	35.576	36.218	83.4	85.187	88.743	281.314	254.206	269.341	452.01	471.518	457.979
01:02:00	35.975	36.02	36.466	83.313	84.905	88.091	285.237	256.299	271.627	458.198	472.392	459.363
01:02:30	36.163	36.477	36.037	81.404	86.946	88.916	286.361	253.484	268.521	451.195	473.426	453.269
01:03:00	34.8	35.983	34.872	81.809	84.401	89.912	284.665	248.536	266.258	449.785	470.296	457.766
01:03:30	35.163	37.982	35.408	81.519	87.523	89.007	284.333	252.372	269.345	455.962	471.261	451.837
01:04:00	35.004	35.993	35.309	83.19	86.577	89.542	285.338	253.253	267.633	452.214	470.215	450.921
01:04:30	34.81	36.201	34.364	83.586	87.81	89.246	288.094	251.008	270.299	456.638	473.554	455.895
01:05:00	34.448	37.092	34.336	81.163	87.713	87.686	281.639	255.913	268.238	455.197	473.956	455.083
01:05:30	35.231	36.436	36.374	82.895	85.913	89.367	287.105	253.356	268.441	453.601	478.003	456.17
01:06:00	35.113	35.373	35.78	84.21	85.612	89.966	286.21	250.728	270.17	448.397	472.718	458.936
01:06:30	35.638	36.107	35.831	82.179	83.688	88.805	284.946	252.058	269.083	452.943	475.337	453.842
01:07:00	35.813	36.617	34.956	83.588	85.568	87.093	284.349	255.832	269.747	453.986	474.111	453.061
01:07:30	35.186	36.358	35.375	83.848	84.35	89.418	289.919	259.116	270.135	455.317	480.045	458.971
01:08:00	35.252	35.975	35.413	82.871	84.085	89.196	287.707	256.253	267.268	452.328	472.737	457.232
01:08:30	34.905	36.131	34.172	81.682	86.155	87.583	288.252	254.062	271.378	453.254	474.093	457.955
01:09:00	35.914	35.759	35.523	82.298	85.433	87.822	284.593	258.039	271.248	457.743	476.101	458.395
01:09:30	35.393	36.662	34.858	82.561	86.458	89.352	286.187	255.077	274.844	454.934	478.725	458.663
01:10:00	35.315	37.284	36.083	83.124	83.863	88.199	288.281	255.563	272.299	457.911	478.682	456.633
01:10:30	36.085	35.593	35.384	82.359	85.103	88.122	286.508	255.326	270.724	458.648	477.374	461.522
01:11:00	34.697	35.734	36.177	84.103	84.313	88.376	290.111	251.849	271.315	456.043	475.067	455.777
01:11:30	35.603	35.478	36.177	81.169	85.49	87.657	287.54	256.573	273.856	456.54	470.484	458.168
01:12:00	36.289	35.824	34.519	82.087	85.388	89.484	286.6	252.284	271.401	459.643	476.605	460.397
01:12:30	36.809	35.461	35.465	83.013	85.326	88.691	288.593	254.284	268.957	455.079	480.053	462.062
01:13:00	34.968	36.126	34.614	81.922	86.253	90.117	292.06	258.746	276.602	465.549	480.523	464.177
01:13:30	35.763	35.416	34.246	83.34	85.338	88.644	290.207	260.496	274.045	462.035	478.82	462.859
01:14:00	34.802	35.944	35.318	81.62	87.119	89.809	288.239	255.065	267.423	456.779	473.869	460.902
01:14:30	35.179	37.068	34.543	82.715	85.986	89.375	288.249	256.689	273.495	460.371	476.32	459.505
01:15:00	35.458	34.987	33.98	82.396	84.966	85.807	284.899	256.864	275.094	461.608	475.174	461.318
01:15:30	35.62	37.1	35.616	83.431	86.618	90.257	289.183	257.611	274.665	464.34	477.015	458.807
01:16:00	33.777	36.908	35.305	83.83	86.123	88.493	289.652	260.458	270.795	458.515	479.129	459.927
01:16:30	34.118	36.595	35.275	81.659	84.766	89.285	290.749	260.031	271.93	461.992	476.079	459.256
01:17:00	34.117	35.934	33.997	83.003	84.558	89.191	287.643	256.84	268.336	456.324	480.576	464.649
01:17:30	35.259	35.066	35.004	81.238	84.937	88.053	290.195	256.542	273.353	463.068	480.33	463.972
01:18:00	34.359	35.373	34.675	82.804	84.687	91.123	290.247	258.357	274.195	464.453	475.956	464.632
01:18:30	35.382	35.751	35.267	81.53	86.232	86.783	288.209	259.887	271.758	461.589	481.111	462.508
01:19:00	36.283	36.768	35.033	80.856	85.091	87.591	289.515	260.141	277.345	460.888	481.784	465.797
01:19:30	35.575	36.324	35.094	82.494	85.45	90.234	290.382	259.209	274.34	458.03	480.84	463.555
01:20:00	35.087	35.662	35.518	82.893	86.298	88.421	290.303	259.904	274.919	460.155	481.329	462.889
01:20:30	34.91	35.207	35.41	84.063	84.946	89.064	289.113	260.741	273.668	463.793	481.111	465.68
01:21:00	35.851	36.168	34.016	84.08	86.127	86.903	291.005	256.911	276.402	461.759	479.514	465.312
01:21:30	35.413	35.249	35.087	81.342	85.271	88.896	289.764	259.777	272.685	461.928	485.064	459.838
01:22:00	35.561	36.86	35.333	82.918	84.685	90.488	291.757	258.288	277.202	460.956	480.716	461.841
01:22:30	34.199	36.284	34.592	82.77	85.853	86.992	288.557	255.27	271.918	454.818	477.212	460.143
01:23:00	35.097	35.445	36	82.362	84.436	87.979	290.491	260.245	273.37	462.444	477.669	462.49
01:23:30	34.928	36.924	34.22	82.381	86.216	88.726	290.614	257.765	277.267	465.639	477.18	464.696
01:24:00	36.363	36.846	33.197	83.459	84.293	87.837	291.85	259.434	276.821	463.203	481.069	461.079
01:24:30	35.274	36.671	34.416	80.434	85.013	90.016	290.736	260.163	273.485	461.145	477.276	459.282
01:25:00	34.803	35.028	35.327	81.396	86.952	88.645	287.65	261.975	275.404	463.01	481.183	466.606
01:25:30	34.922	35.699	33.604	80.575	84.226	84.655	289.351	260.815	275.693	462.65	481.55	457.609
01:26:00	36.193	35.518	34.793	82.62	82.797	86.376	289.705	260.448	275.062	461.097	479.281	463.427
01:26:30	35.229	35.148	33.809	80.327	85.497	87.941	289.893	260.626	278.087	462.715	480.906	466.741
01:27:00	35.241	36.096	35.54	82.47	84.902	88.984	288.438	260.919	275.109	463.958	477.364	462.782
01:27:30	34.871	35.369	33.578	82.44	84.888	87.723	293.151	262.536	273.697	467.078	480.571	468.297
01:28:00	34.792	36.043	33.944	83.516	85.763	87.593	289.882	263.5	277.162	457.855	474.733	467.939
01:28:30	34.877	35.327	34.26	82.527	84.081	87.825	288.439	258.252	274.111	462.942	482.267	467.914
01:29:00	35.34	37.89	35.814	84.939	84.418	87.845	291.897	259.76	279.943	464.151	478.983	460.874
01:29:30	35.472	36.061	33.634	81.584	85.216	87.565	287.917	256.909	274.502	462.053	474.521	466.101
01:30:00	35.464	36.184	33.746	81.871	84.677	87.44	291.583	259.775	277.069	462.798	477.527	466.608
01:30:30	34.985	37.617	35.089	82.361	86.188	90.548	293.6	260.936	277.359	465.297	484.593	467.984
01:31:00	36.945	35.649	34.64	82.414	85.54	88.357	297.257	262.335	275.297	469.638	477.527	464.75
01:31:30	35.317	35.184	35.186	81.58	86.157	87.713	294.496	259.403	274.09	464.771	476.703	470.599
01:32:00	36.107	36.848	35.11	83.452	85.206	88.504	290.022	261.069	276.596	469.794	484.223	458.89
01:32:30	35.442	37.361	34.628	82.864	87.446	88.706	291.98	264.935	281.029	466.644	484.978	465.264
01:33:00	34.973	35.839	33.287	82.037	84.907	88.031	296.317	260.918	276.625	466.352	481.528	467.229
01:33:30	37.113	36.25	34.613	82.254	85.807	89.734	290.815	267.713	280.183	462.844	485.045	468.935
01:34:00	34.853	37.268	33.488	80.851	84.42	89.878	295.463	266.169	280.665	470.581	487.504	467.276
01:34:30	36.283	36.507	33.359	80.891	85.35	88.11	295.026	263.514	277.158	469.745	487.554	467.003
01:35:00	35.628	35.175	34.313	82.665	85.076	87.022	296.508	262.993	278.693	468.285	484.486	465.567
01:35:30	34.823	34.996	34.381	81.931	85.419	87.362	292.185	260.985	280.885	468.853	482.251	467.149
01:36:00	35.915	35.563	36.054	83.104	84.195	89.839	295.018	263.801	280.034	465.163	488.609	468.12
01:36:30	33.756	36.817	34.728	80.856	85.107	89.804	293.693	259.842	281.002	471.411	488.54	467.316
01:37:00	35.276	36.725	34.06	82.816	84.428	88.743	298.894	263.3	281.059	469.339	486.845	472.245
01:37:30	34.48	36.499	34.071	82.992	84.981	88.371	296.41	265.868	274.473	474.144	494.673	475.426
01:38:00	35.117	36.7	35.052	81.116	86.47	91.132	296.385	264.951	281.428	469.841	490.362	470.753
01:38:30	35.106	35.909	32.881	81.982	85.572	85.166	296.81	262.551	277.825	464.254	484.786	468.17
01:39:00	35.265	36.689	32.025	82.731	84.401	87.377	292.341	264.349	280.214	468.322	485.923	472.692
01:39:30	34.796	36.106	33.472	82.723	85.913	90.869	292.209	264.13	282.036	461.989	483.618	464.77
01:40:00	36.299	34.929	35.079	82.383	84.702	86.611	296.086	265.842	278.179	465.712	485.524	467.117
01:40:30	35.258	35.478	34.376	82.202	85.934	87.53	299.547	266.512	279.479	465.621	490.086	472.106
01:41:00	33.577	35.896	34.126	81.822	85.873	89.143	298.328	267.662	282.003	470.601	484.974	475.437
01:41:30	35.73	36.237	34.202	82.315	85.524	88.056	299.419	268.802	283.615	469.621	489.232	471.364
01:42:00	33.404	36.216	33.628	82.71	84.791	87.453	297.491	268.247	281.185	465.246	484.264	470.492
01:42:30	35.253	35.133	34.071	83.007	84.08	87.815	294.463	263.698	278.199	464.369	484.498	469.052
01:43:00	35.072	35.732	34.757	83.24	84.692	89.652	293.051	265.171	279.844	465.462	480.728	468.578
01:43:30	34.454	36.871	34.424	81.411	84.695	87.201	296.568	263.166	279.344	462.525	488.042	469.258
01:44:00	35.394	35.422	35.409	83.202	83.737	87.749	294.946	265.956	278.43	469.951	485.486	472.925
01:44:30	35.466	36.23	34.564	81.419	87.144	88.801	293.415	266.679	280.674	469.371	485.745	473.793
01:45:00	34.397	34.962	34.496	83.037	85.826	88.425	298.518	265.829	276.488	465.518	490.259	468.776
01:45:30	35.808	35.417	35.501	81.917	84.976	85.894	296.344	267.515	284.184	471.372	490.008	472.165
01:46:00	34.351	37	35.175	82.683	85.805	89.393	301.537	264.538	281.105	469.012	489.426	471.526
01:46:30	35.386	35.921	34.535	82.441	84.854	90.1	297.793	268.155	283.649	477.387	490.457	475.311
01:47:00	37.561	36.284	35.834	80.858	85.58	87.923	304.01	267.17	284.006	474.595	492.416	475.305
01:47:30	34.069	34.917	34.107	82.967	85.048	89.27	295.562	270.746	283.908	472.209	492.811	468.855
01:48:00	35.449	37.159	35.576	83.106	84.817	88.933	298.444	269.344	285.807	480.624	494.935	474.168
01:48:30	35.361	36.621	33.198	82.386	84.702	88.295	298.05	267.457	282.243	470.589	490.338	472.767
01:49:00	35.33	35.419	33.041	82.801	85.296	89.025	298.05	264.783	283.312	468.534	489.016	464.525
01:49:30	35.204	35.417	33.906	80.65	84.703	88.747	294.346	265.903	280.378	471.603	485.285	471.229
01:50:00	34.772	35.267	34.144	82.306	86.169	89.356	299.587	266.507	279.325	469.988	487.354	475.618
01:50:30	35.6	36.906	35.245	81.738	88.079	87.605	299.219	266.995	287.443	474.08	491.399	477.48
01:51:00	35.284	37.542	35.16	81.71	87.237	86.326	302.308	268.032	281.816	478.032	495.02	476.988
01:51:30	35.321	36.662	35.542	84.407	84.901	87.817	300.406	271.952	283.337	476.055	485.651	474.494
01:52:00	35.405	35.968	35.294	82.331	85.646	88.895	299.095	266.533	282.084	477.564	494.719	479.819
01:52:30	35.056	35.277	35.11	80.169	85.201	86.409	300.435	269.214	289.147	472.07	493.821	474.822
01:53:00	35.248	36.721	34.091	82.098	87.003	88.151	297.602	267.502	284.428	476.186	490.913	479.28
01:53:30	34.583	36.508	34.57	82.639	84.134	89.232	300.092	265.215	282.963	477.214	486.875	475.831
01:54:00	36.452	36.668	34.705	83.043	86.421	88.184	302.92	269.894	283.929	476.948	489.351	472.241
01:54:30	35.725	36.219	35.015	81.765	85.854	91.897	302.756	271.855	287.311	477.839	493.55	477.557
01:55:00	35.581	35.068	34.484	81.541	86.705	87.753	300.836	265.137	284.011	474.658	493.737	473.749
01:55:30	34.425	36.418	34.554	82.595	84.691	89.063	298.067	268.456	286.51	476.011	493.566	475.329
01:56:00	33.279	33.422	34.671	81.004	83.25	87.318	299.99	269.462	282.841	473.415	496.135	476.852
01:56:30	33.859	37.339	34.274	83.485	85.787	87.779	304.264	271.194	283.952	475.194	500.023	480.711
01:57:00	36.194	35.857	35.268	81.747	87.049	88.608	298.535	270.389	282.498	473.023	493.017	470.459
01:57:30	34.22	37.906	33.98	81.269	86.277	87.753	302.31	269.308	285.698	473.739	493.063	473.678
01:58:00	35.201	36.113	34.341	81.501	86.476	88.363	303.552	270.227	285.263	477.161	492.476	476.624
01:58:30	34.278	36.395	35.247	82.882	84.217	89.001	297.994	268.832	288.103	472.878	498.377	472.093
01:59:00	34.753	35.753	35	82.194	85.357	89.492	302.425	271.072	283.008	473.051	490.782	473.238
01:59:30	36.043	35.205	35.446	82.252	86.659	87.032	302.1	268.207	289.524	477.417	496.367	479.172
02:00:00	34.459	34.92	34.648	83.889	85.403	88.81	299.054	269.346	283.826	476.848	485.911	474.597