Time	25_1	25_2	25_3	50_1	50_2	50_3	100_1	100_2	100_3	150_1	150_2	150_3
00:00:00	94.332	105.459	100.472	165.508	170.682	169.096	339.157	359.807	348.258	491.272	527.379	520.936
00:00:30	97.151	105.099	94.432	158.694	165.286	164.911	336.826	345.046	333.618	482.938	510.02	499.169
00:01:00	88.912	92.783	87.054	157.06	159.65	159.417	321.163	337.686	319.348	471.528	498.05	492.12
00:01:30	80.31	85.219	81.86	155.376	155.41	156.693	315.811	318.17	305.975	461.69	485.113	482.569
00:02:00	78.176	83.591	78.271	150.47	152.506	152.318	311.826	314.173	304.932	454.985	479.594	473.284
00:02:30	75.513	77.196	77.222	144.516	146.528	147.804	304.529	308.38	295.111	445.828	470.07	464.676
00:03:00	74.455	76.447	76.393	143.201	145.985	147.683	298.079	308.647	292.472	448.89	464.291	464.503
00:03:30	72.58	72.874	72.826	139.278	142.792	141.427	296.906	302.677	289.07	444.132	466.856	463.082
00:04:00	68.756	71.018	71.308	136.355	136.964	140.199	289.722	298.813	286.016	441.489	461.453	453.752
00:04:30	68.41	67.912	67.868	134.827	138.345	138.251	290.801	294.423	280.777	434.101	457.567	466.037
00:05:00	65.745	66.923	67.487	131.742	131.903	137.229	285.87	291.167	280.148	437.323	452.775	454.189
00:05:30	64.818	64.162	62.662	127.689	130.884	130.104	278.343	286.147	278.446	436.485	447.505	451.29
00:06:00	62.565	65.086	64.687	126.487	130.655	129.891	277.9	282.752	274.562	432.885	455.579	452.042
00:06:30	62.388	61.389	62.531	124.275	126.418	130.19	278.324	282.8	275.113	433.4	450.238	449.612
00:07:00	59.588	60.832	62.018	124.53	123.515	125.825	277.153	279.587	270.498	432.819	452.121	449.796
00:07:30	57.405	58.943	59.835	117.99	124.884	124.07	276.546	284.2	268.094	431.58	445.573	444.066
00:08:00	57.451	58.812	60.155	119.838	120.838	122.362	273.654	281.773	270.5	429.936	450.943	446.879
00:08:30	57.932	57.738	58.487	115.827	120.196	121.897	274.212	276.798	269.687	427.029	445.449	444.464
00:09:00	56.755	54.55	56.687	119.365	118.768	120.458	271.746	276.706	264.407	429.442	448.674	439.807
00:09:30	53.779	55.793	55.915	114.506	116.386	117.56	270.763	277.529	264.84	427.189	451.248	444.413
00:10:00	52.285	53.801	55.354	114.365	114.918	118.092	269.568	278.79	266.329	427.581	445.891	442.647
00:10:30	51.535	53.893	54.253	114.148	113.549	114.128	265.937	276.027	262.095	428.357	442.673	438.181
00:11:00	52.624	53.19	53.734	110.717	113.776	114.299	268.049	277.511	265.21	429.544	444.556	440.786
00:11:30	52.065	51.496	53.17	110.207	112.026	113.185	268.794	272.553	262.646	420.267	440.625	439.364
00:12:00	51.169	48.743	52.168	107.68	110.464	113.203	266.769	272.274	263.383	420.887	447.692	440.488
00:12:30	49.305	50.036	53.053	108.651	111.656	112.618	263.328	268.147	261.6	419.9	445.43	438.754
00:13:00	51.252	50.323	51.023	107.07	111.037	109.195	264.583	272.229	258.555	422.938	437.837	439.739
00:13:30	48.55	48.95	49.26	104.204	110.2	109.847	266.081	270.574	261.25	416.337	448.839	435.738
00:14:00	47.976	47.178	50.439	103.647	108.109	107.991	266.093	270.837	259.002	424.771	442.663	437.787
00:14:30	47.689	49.732	48.567	103.967	104.003	105.238	261.703	268.387	261.714	424.061	439.163	439.626
00:15:00	46.56	46.446	47.172	104.857	103.766	106.906	262.714	269.367	259.976	419.792	438.756	435.139
00:15:30	46.169	46.706	45.914	100.67	101.605	105.325	263.575	267.362	256.963	422.257	443.454	438.731
00:16:00	44.302	44.556	47.51	100.213	100.104	102.996	262.799	268.356	256.681	421.761	439.402	434.716
00:16:30	45.78	44.804	46.672	100.045	98.225	102.179	262.118	266.002	255.475	420.471	436.405	437.699
00:17:00	45.127	44.791	44.333	99.464	99.764	100.203	261.716	266.841	251.651	418.461	441.545	433.978
00:17:30	44.641	45.117	44.218	98.466	99.457	101.17	259.615	264.069	255.822	417.966	439.62	430.775
00:18:00	42.661	44.489	44.552	97.837	98.103	96.671	259.23	263.955	251.391	422.041	437.949	432.282
00:18:30	43.2	42.307	43.818	98.067	97.795	98.988	257.887	263.057	254.878	415.784	438.065	433.062
00:19:00	43.26	42.134	43.503	96.113	98.948	97.565	259.583	266.305	254.664	419.117	443.77	436.74
00:19:30	41.805	41.957	42.533	93.39	95.496	96.309	255.973	261.955	252.017	418.741	434.671	431.741
00:20:00	42.945	41.292	42.305	94.904	95.142	98.883	261.211	264.411	252.997	419.073	442.15	436.794
00:20:30	41.935	41.417	42.477	93.716	93.729	96.168	259.607	262.533	253.723	413.014	434.601	432.208
00:21:00	39.521	41.36	42.238	90.728	91.21	98.299	258.646	262.435	250.623	411.74	433.336	431.033
00:21:30	40.72	41.187	41.655	94.958	92.191	95.122	254.8	262.228	253.237	420.124	435.406	426.698
00:22:00	39.532	39.984	41.419	91.464	92.675	94.398	260.166	263.143	251.886	419.187	434.811	430.313
00:22:30	39.794	40.014	40.612	93.48	93.86	95.17	253.958	259.729	255.048	417.755	430.451	432.111
00:23:00	38.943	39.091	39.755	90.679	92.704	94.42	259.93	261.196	250.612	420.293	438.071	430.436
00:23:30	38.193	39.446	40.449	90.286	90.961	92.397	254.538	263.043	253.769	416.741	433.487	431.78
00:24:00	37.091	39.087	40.197	92.002	92.09	91.533	259.459	262.607	246.774	413.711	436.89	433.496
00:24:30	38.015	39.461	39.968	90.727	90.928	92.049	255.439	259.829	248.046	414.069	434.222	428.161
00:25:00	37.926	38.211	37.605	88.749	88.951	90.535	256.66	260.989	254.216	410.787	433.783	427.964
00:25:30	37.494	37.56	38.947	88.731	88.376	91.202	256.197	260.136	250.591	417.377	431.935	430.158
00:26:00	37.881	37.893	38.935	88.313	90.174	89.912	254.549	261.045	252.958	415.261	433.698	424.407
00:26:30	36.611	37.638	38.792	85.401	88.949	91.006	255.635	257.128	248.704	410.933	427.226	428.191
00:27:00	38.825	37.894	36.455	85.898	86.224	91.104	255.751	257.533	249.022	418.398	433.231	426.471
00:27:30	36.324	36.938	39.142	86.451	88.177	90.266	253.6	256.64	248.013	412.077	432.973	429.887
00:28:00	36.066	36.308	38.631	86.631	86.802	91.394	252.517	262.163	247.863	406.122	433.196	430.324
00:28:30	36.077	35.933	37.662	85.865	86.666	90.885	250.735	260.591	246.288	412.859	439.74	424.303
00:29:00	35.709	34.619	37.703	83.633	86.543	89.611	253.471	261.35	249.59	409.45	432.472	421.381
00:29:30	35.25	36.955	37.888	85.049	86.57	88.073	250.233	258.596	247.603	411.165	431.043	424.358
00:30:00	35.489	35.576	35.885	85.054	88.268	88.366	254.603	260.221	246.735	407.714	433.155	428.764
00:30:30	36.337	35.582	36.666	86.005	88.126	87.319	255.066	257.116	245.62	415.331	436.301	429.664
00:31:00	35.413	35.734	37.507	84.009	84.559	88.084	251.355	259.424	247.758	412.778	432.247	424.775
00:31:30	34.617	35.769	36.318	85.316	83.477	86.298	254.449	258.719	253.201	414.208	433.018	424.324
00:32:00	35.299	35.56	34.778	81.524	84.702	86.755	252.542	254.707	246.4	413.171	432.594	424.229
00:32:30	35.057	35.233	36.521	81.963	83.843	86.544	253.766	259.174	249.728	413.559	432.355	428.789
00:33:00	34.363	34.068	35.372	82.516	85.323	85.018	249.366	257.972	249.802	411.337	436.095	422.862
00:33:30	34.219	35.35	35.99	81.339	85.646	86.273	254.19	255.862	246.966	409.318	430.252	427.837
00:34:00	34.658	35.071	35.574	81.805	83.719	83.827	254.055	256.224	244.23	412.313	429.101	425.416
00:34:30	34.186	34.115	35.42	83.514	83.539	85.228	250.222	257.026	246.142	409.76	438.754	423.163
00:35:00	34.923	33.525	33.359	79.169	84.189	82.36	249.58	254.388	243.399	408.603	433.049	418.62
00:35:30	35.03	32.927	35.135	81.086	82.683	84.556	252.894	253.88	243.977	407.739	429.578	424.998
00:36:00	33.218	34.118	34.359	79.787	83.815	85.657	251.833	253.758	247.962	413.381	431.323	424.916
00:36:30	32.541	34.084	33.353	79.419	80.364	81.431	252.279	251.965	242.695	403.935	426.727	422.43
00:37:00	33.804	34.168	35.671	79.165	81.685	83.484	250.414	253.939	244.471	419.575	429.124	424.55
00:37:30	33.257	32.756	35.373	79.54	81.496	83.126	256.482	256.338	247.924	413.915	436.429	432.769
00:38:00	32.875	33.596	34.124	78.599	81.157	82.836	249.801	255.515	244.976	411.904	436.332	427.66
00:38:30	33.858	33.683	35.34	81.889	83.34	82.647	253.945	253.876	247.525	411.923	428.952	423.197
00:39:00	32.104	32.563	33.757	79.868	79.894	81.311	246.15	254.168	243.926	405.603	430.311	420.812
00:39:30	32.369	32.969	33.19	80.403	81.438	80.554	249.004	256.017	246.166	406.949	429.347	424.936
00:40:00	31.949	31.561	32.494	78.514	81.966	81.233	252.854	254.714	245.486	411.2	429.756	425.581
00:40:30	31.886	32.703	33.486	78.758	80.452	81.488	250.39	255.695	242.777	409.002	429.579	424.117
00:41:00	33.054	32.378	31.342	76.687	79.303	80.376	251.745	253.184	244.588	405.546	428.707	421.253
00:41:30	32.006	31.767	34.19	79.127	77.954	80.434	249.024	254.05	247.308	410.489	430.988	429.822
00:42:00	33.52	32.273	33.302	78.023	81.873	81.528	249.72	252.392	241.681	407.077	429.924	425.388
00:42:30	31.926	33.329	33.368	76.271	79.321	79.177	248.367	253.642	244.635	409.493	428.334	420.129
00:43:00	31.79	32.78	33.272	77.114	77.791	82.042	247.011	252.251	245.344	411.952	429.98	422.35
00:43:30	31.832	32.068	33.33	76.808	78.591	80.826	246.886	253.901	243.24	409.331	428.585	424.224
00:44:00	32.232	32.174	33.012	77.298	78.116	79.919	245.4	252.424	243.653	411.029	425.517	417.506
00:44:30	32.131	32.223	32.832	76.202	78.795	81.466	247.759	254.259	242.402	406.334	430.768	422.799
00:45:00	33.257	32.759	32.865	75.937	78.746	80.617	246.594	249.494	244.533	411.554	430.896	423.112
00:45:30	30.916	32.087	32.547	77.715	78.4	80.073	247.125	253.795	245.639	410.804	425.25	418.775
00:46:00	31.61	30.844	33.932	74.166	78.75	80.379	249.053	253.239	245.042	407.289	431.45	419.479
00:46:30	31.486	31.293	33.249	77.81	77.951	78.79	246.382	255.282	245.568	408.244	431.079	424.236
00:47:00	31.697	31.534	32.151	75.554	78.96	79.527	248.391	248.905	242.993	405.692	428.254	421.871
00:47:30	31.049	30.532	32.573	75.011	77.518	80.014	251.036	254.612	243.024	413.4	435.973	421.368
00:48:00	31.522	31.97	32.537	76.213	79.223	78.974	249.736	253.37	243.803	408.218	427.861	417.214
00:48:30	30.041	30.985	32.347	73.866	76.679	78.024	248.242	251.106	244.068	404.625	425.231	419.977
00:49:00	30.442	31.599	31.931	73.313	77.877	75.102	244.75	253.64	245.482	409.585	430.729	417.439
00:49:30	32.218	30.532	30.49	74.522	79.361	79.873	248.978	256.824	244.852	407.848	432.029	426.177
00:50:00	31.358	31.423	31.651	74.614	77.382	77.131	246.55	253.862	241.324	410.363	428.808	422.55
00:50:30	30.376	30.924	34.199	75.212	75.063	78.887	249.559	254.446	242.777	408.886	428.442	421.34
00:51:00	31.951	31.813	31.625	75.418	78.597	80.117	247.831	249.849	246.92	407.277	426.549	415.976
00:51:30	31.455	30.575	31.986	74.794	76.738	77.699	249.122	252.205	245.186	409.753	430.439	421.463
00:52:00	30.948	31.208	32.987	74.805	77.331	77.477	249.905	250.66	241.879	409.936	430.153	418.278
00:52:30	30.566	29.952	32.514	76.112	76.33	77.834	250.95	247.768	242.56	410.09	428.511	419.743
00:53:00	29.93	31.427	32.021	73.192	74.756	78.936	247.482	250.795	239.3	409.222	430.074	419.584
00:53:30	32.431	31.608	31.627	74.39	76.898	78.453	248.774	253.21	242.115	409.126	428.061	424.108
00:54:00	31.37	30.607	32.166	73.661	75.802	78.509	248.612	253.829	242.154	408.436	427.784	420.318
00:54:30	31.971	29.788	32.19	73.808	74.564	77.675	250.051	248.799	244.101	403.399	428.488	418.546
00:55:00	30.38	30.643	30.213	74.362	76.086	78.743	244.537	250.8	240.04	409.978	426.921	418.532
00:55:30	29.694	31.25	31.578	73.281	75.614	77.971	243.226	254.67	240.614	408.372	426.214	418.456
00:56:00	30.72	29.394	31.14	74.41	74.478	76.612	245.563	247.731	243.726	407.345	423.854	415.903
00:56:30	30.58	30.996	33.287	75.172	77.48	79.785	246.117	251.063	244.169	408.29	431.909	421.089
00:57:00	30.881	31.065	32.084	74.178	75.149	78.644	246.057	252.765	243.63	403.374	428.713	420.399
00:57:30	30.814	30.335	30.472	72.889	76.034	75.454	248.094	251.32	244.171	404.501	426.42	418.116
00:58:00	30.348	30.621	30.12	74.028	74.347	77.075	246.411	250.288	246.209	408.158	428.017	421.342
00:58:30	30.945	29.914	30.619	73.265	74.079	75.974	252.183	251.646	240.557	404.594	432.706	421.093
00:59:00	29.889	29.42	31.364	72.582	76.195	76.767	247.651	248.756	242.008	404.564	429.381	417.836
00:59:30	30.02	29.952	30.978	71.532	74.679	75.831	247.465	247.625	242.412	402.105	424.392	418.854
01:00:00	30.524	30.991	31.207	73.169	74.909	76.247	243.128	251.546	244.928	401.054	427.682	417.455
01:00:30	31.065	30.858	30.61	73.613	74.872	74.916	246.775	244.423	240.405	400.08	425.404	416.83
01:01:00	29.799	30.808	30.179	71.327	73.843	77.04	246.402	248.359	242.075	402.532	422.971	418.923
01:01:30	30.261	29.328	30.423	71.208	73.198	75.04	241.972	250.121	241.119	404.757	429.071	418.834
01:02:00	29.21	30	31.494	73.005	76.776	76.345	246.808	250.248	239.556	403.757	423.871	422.046
01:02:30	30.736	29.661	31.276	72.768	71.648	76.644	242.863	250.981	237.949	404.592	425.571	417.236
01:03:00	30.394	30.455	30.899	74.189	73.459	74.937	243.099	251.393	242.357	399.409	421.254	415.622
01:03:30	30.069	30.653	30.435	72.567	72.304	76.585	244.509	249.551	242.864	404.177	422.895	419.114
01:04:00	30.578	29.869	31.319	73.893	71.576	74.491	246.111	253.773	241.169	403.962	424.414	415.028
01:04:30	28.908	29.855	30.217	72.348	73.97	76.193	244.858	248.569	244.772	405.28	425.858	417.975
01:05:00	28.791	28.792	31.085	73.837	75.3	73.715	245.223	251.031	239.154	403.91	419.449	418.152
01:05:30	30.577	29.836	31.694	71.811	75.024	76.95	246.208	253.404	242.326	407.534	424.981	422.312
01:06:00	28.741	29.71	31.263	71.789	72.329	73.905	246.07	248.921	240.772	395.896	421.754	421.346
01:06:30	29.541	30.161	30.252	70.873	73.726	75.711	244.854	247.166	241.592	401.036	424.366	416.241
01:07:00	29.83	30.054	30.975	72.781	73.137	75.365	243.824	249.852	242.233	406.281	423.746	415.095
01:07:30	28.954	28.984	31.783	71.509	74.224	75.934	244.833	254.008	243.4	403.602	426.892	416.975
01:08:00	30.285	29.703	31.191	71.822	72.272	74.085	244.623	250.225	241.377	404.253	424.708	414.442
01:08:30	29.583	30.114	30.715	72.885	74.279	74.018	243.881	248.948	242.819	407.907	428.079	417.023
01:09:00	28.95	29.914	29.5	70.994	73.809	77.062	248.935	249.083	238.64	404.138	422.135	415.839
01:09:30	29.462	30.159	30.176	72.111	74.333	73.808	245.302	250.804	244.585	405.965	431.003	419.656
01:10:00	30.322	29.502	29.431	70.045	73.102	74.737	247.373	251.849	242.153	403.515	422.541	422.72
01:10:30	29.632	30.131	30.099	70.272	73.096	72.459	243.848	248.427	239.934	403.063	422.793	417.216
01:11:00	30.763	29.131	30.504	69.932	71.568	73.052	246.307	246.275	240.073	401.008	422.817	414.88
01:11:30	30.507	28.746	30.528	70.213	71.835	74.588	243.039	248.798	241.426	398.933	424.203	415.033
01:12:00	29.548	29.075	31.59	70.377	72.769	74.817	245.828	246.314	238.931	407.623	428.598	417.02
01:12:30	29.405	30.42	30.192	68.928	72.029	73.788	245.095	246.387	245.04	408.734	423.318	415.791
01:13:00	30.15	30.652	29.517	71.714	73.187	73.988	245.895	253.102	242.459	406.097	428.422	420.071
01:13:30	30.081	29.316	30.295	69.973	72.46	73.2	247.521	248.891	238.976	403.517	427.801	416.811
01:14:00	29.537	29.066	31.27	70.61	72.889	72.267	242.007	248.076	237.844	401.293	421.622	417.789
01:14:30	28.864	28.679	29.692	72.963	72.746	74.358	246.051	249.96	239.435	406.509	425.31	416.567
01:15:00	29.4	28.686	29.806	68.99	69.967	75.447	245.589	248.972	241.427	402.378	423.531	409.733
01:15:30	29.479	28.59	31.353	70.185	73.544	74.97	246.402	250.116	239.324	409.096	427.897	412.744
01:16:00	29.541	28.866	29.869	70.75	70.74	75.377	245.038	249.398	241.766	406.243	425.404	417.548
01:16:30	28.853	29.761	31.705	69.293	73.151	73.364	248.124	250.374	244.303	403.346	423.285	418.601
01:17:00	29.075	29.162	29.762	71.146	72.649	73.419	244.338	248.578	242.646	399.715	424.554	415.244
01:17:30	29.434	30.153	30.811	69.843	71.544	72.42	242.577	248.965	240.663	406.912	426.416	416.228
01:18:00	29.911	29.075	31.248	71.202	71.499	72.24	245.348	250.209	238.737	401.192	426.18	412.133
01:18:30	29.154	29.537	30.016	71.413	73.346	75.785	243.668	249.764	237.674	401.731	421.931	416.112
01:19:00	28.524	29.276	29.108	69.409	72.96	72.946	244.755	252.106	243.642	407.621	427.175	414.425
01:19:30	29.477	29.965	30.151	70.677	72.967	75.009	248.74	248.175	240.204	402.078	423.044	409.331
01:20:00	29.705	28.958	29.77	70.587	70.632	72.439	244.308	244.751	238.272	404.842	420.918	417.873
01:20:30	29.024	28.469	31.095	69.98	74.607	73.744	245.597	247.226	240.105	401.071	423.975	417.994
01:21:00	29.125	30.148	28.96	72.527	73.985	73.132	245.877	248.595	242.716	401.391	420.109	412.535
01:21:30	28.232	28.706	30.61	67.253	73.058	73.679	241.89	247.803	241.078	400.076	426.304	415.186
01:22:00	29.895	29.679	30.028	71.743	71.717	72.636	244.861	250.358	238.283	400.591	420.118	413.569
01:22:30	29.243	30.495	28.654	69.579	71.503	75.575	244.161	246.494	239.046	400.523	425.147	411.909
01:23:00	28.952	29.178	30.35	69.091	71.395	74.689	243.175	249.973	241.026	403.606	425.803	412.756
01:23:30	28.546	28.877	30.309	70.045	73.822	74.837	243.964	247.641	238.583	403.623	425.854	413.962
01:24:00	29.733	28.88	29.452	69.753	72.344	75.003	245.298	249.558	237.828	401.731	422.929	411.653
01:24:30	28.958	29.845	29.761	69.589	72.428	73.581	241.185	246.989	239.612	406.238	427.242	417.826
01:25:00	28.753	28.546	29.937	69.579	72.686	74.308	241.001	246.567	239.52	398.429	418.904	413.781
01:25:30	30.242	29.237	31.292	71.214	70.176	73.903	244.369	248.636	240.181	403.938	423.541	418.453
01:26:00	29.025	28.104	29.209	68.418	71.49	73.89	242.846	246.851	236.989	401.873	421.696	410.202
01:26:30	29.416	28.417	30.08	70.189	72.984	73.763	245.69	250.023	241.754	405.192	420.746	414.883
01:27:00	28.581	29.372	30.084	69.175	73.537	73.38	239.495	249.848	243.121	406.114	421.065	412.229
01:27:30	29.323	28.914	29.009	69.443	73.225	74.24	243.705	245.827	241.602	403.031	420.965	410.58
01:28:00	28.764	29.339	30.17	69.696	71.483	73.571	245.304	248.406	245.123	399.121	423.074	413.232
01:28:30	29.505	29.374	30.794	71.758	70.842	73.644	242.713	247.792	237.938	399.61	423.71	413.301
01:29:00	28.99	27.331	30.557	69.879	71.186	73.599	242.806	250.14	240.046	403.551	421.597	414.316
01:29:30	28.701	29.386	30.218	70.757	71.79	75.253	242.37	245.413	238.288	400.01	420.675	409.928
01:30:00	29.202	28.22	29.4	70.775	72.13	71.603	242.372	244.279	240.253	403.511	415.374	410.672
01:30:30	29.098	28.494	31.03	69.58	70.822	72.233	243.079	250.599	235.639	405.634	424.718	412.912
01:31:00	29.162	28.748	29.556	71.191	71.055	74.367	249.229	249.371	239.121	399.989	425.382	411.678
01:31:30	29.481	28.906	30.017	69.776	69.491	72.378	245.384	248.163	241.298	396.897	420.952	408.14
01:32:00	28.854	28.973	29.384	69.019	70.896	73.317	244.409	248.799	239.829	405.121	426.589	414.37
01:32:30	29.487	29.826	29.769	69.053	73.356	72.627	244.677	247.001	239.097	401.979	414.856	417.347
01:33:00	30.859	28.252	30.633	68.864	72.949	73.775	244.083	245.896	237.21	400.683	422.42	409.336
01:33:30	29.492	28.436	28.674	69.654	71.005	74.292	246.497	246.257	239.229	398.875	421.462	414.149
01:34:00	30.12	28.37	30.351	71.435	73.006	73.686	244.209	248.966	237.352	402.026	425.299	415.25
01:34:30	28.691	28.871	31.332	69.574	72.682	73.129	244.017	250.804	237.365	404.538	421.533	413.058
01:35:00	28.807	28.817	30.327	69.948	71.609	74.664	242.386	246.121	241.334	399.88	422.977	412.815
01:35:30	29.751	29.674	29.888	68.51	71.865	72.541	240.291	246.999	238.943	400.332	416.377	412.699
01:36:00	29.742	28.518	29.967	68.802	72.873	73.976	244.446	251.168	237.464	403.748	421.751	414.021
01:36:30	29.467	28.109	30.489	68.633	72.96	73.49	239.358	251.258	238.246	402.415	424.62	414.035
01:37:00	29.477	29.076	30.977	69.892	71.702	72.395	241.78	249.912	243.452	404.794	424.562	417.953
01:37:30	29.512	29.583	31.772	72.069	71.657	73.947	242.402	247.372	240.501	400.718	427.436	415.115
01:38:00	29.329	29.995	29.583	69.462	73.645	72.915	243.153	246.951	239.163	402.87	420.866	411.929
01:38:30	28.545	30.291	29.708	71.128	72.316	72.698	247.214	246.26	237.726	399.734	424.434	413.315
01:39:00	29.201	29.167	29.845	68.835	72.712	73.531	245.643	244.97	235.581	401.535	422.051	413.603
01:39:30	28.642	28.893	29.845	69.897	71.677	74.161	241.216	247.967	239.541	393.846	419.819	410.007
01:40:00	29.293	28.733	30.981	69.732	72.893	70.442	244.498	248.301	241.344	401.711	424.748	412.24
01:40:30	29.204	29.709	29.798	68.75	72.061	73.787	246.327	246.38	241.562	404.677	422.175	410.58
01:41:00	28.951	29.3	29.659	71.479	70.908	74.308	241.557	248.83	241.461	400.845	422.392	415.229
01:41:30	30.57	30.027	30.702	69.633	72.026	74.027	245.094	248.128	238.404	405.603	422.031	411.851
01:42:00	28.424	28.152	28.858	70.857	71.285	73.066	245.631	247.708	238.577	400.727	417.554	412.609
01:42:30	29.348	28.387	30.586	69.472	71.561	71.542	241.545	245.7	237.891	397.882	415.685	409.891
01:43:00	28.642	29.696	31.028	69.771	72.144	73.197	239.388	243.374	237.859	400.085	421.809	408.452
01:43:30	29.636	28.891	29.642	69.108	70.917	73.249	243.856	246.298	237.204	396.506	417.577	408.34
01:44:00	28.464	29.473	29.103	71.256	72.843	70.803	242.94	246.364	242.169	401.191	423.438	409.155
01:44:30	28.675	30.637	31.173	70.336	72.261	73.908	244.144	251.364	239.788	404.458	420.679	414.155
01:45:00	29.424	29.492	29.947	67.569	71.343	71.433	242.432	243.213	238.714	401.488	417.602	408.035
01:45:30	28.626	29.645	30.396	69.473	69.615	71.182	241.835	245.1	242.525	404.384	425.582	417.977
01:46:00	29.112	28.649	29.774	69.619	70.076	73.753	241.642	249.335	238.466	401.986	416.888	409.862
01:46:30	27.961	28.347	30.975	69.702	70.512	72.825	241.449	249.611	238.169	404.956	421.154	411.49
01:47:00	28.421	30.183	29.537	70.368	70.902	72.001	243.248	251.291	240.014	406.316	425.488	413.099
01:47:30	28.147	29.011	29.585	68.91	71.397	71.814	247.264	249.443	241.287	398.477	421.4	413.51
01:48:00	29.552	29.567	29.722	69.998	72.82	71.535	242.156	247.404	243.249	402.92	425.518	412.366
01:48:30	30.018	29.414	29.37	68.801	71.117	73.216	242.943	244.903	243.291	401.111	419.436	410.408
01:49:00	29.898	28.088	29.789	70.465	71.318	72.585	246.442	244.445	239.653	403.562	419.253	410.923
01:49:30	28.928	28.972	30.122	70.613	72.081	71.591	240.963	245.328	237.124	400.587	421.968	409.655
01:50:00	27.408	30.035	29.181	69.67	70.191	71.893	243.119	247.125	235.128	402.567	423.172	406.4
01:50:30	29.097	30.485	30.769	70.475	71.61	73.744	246.635	249.248	239.124	403.69	421.006	407.684
01:51:00	29.58	29.726	30.152	68.451	71.927	72.057	244.153	247.331	237.212	404.517	424.38	414.606
01:51:30	29.075	29.732	29.49	71.187	73.471	71.747	244.426	245.258	238.199	403.06	420.217	412.563
01:52:00	29.91	30.526	31.106	69.52	70.543	73.632	247.582	247.798	238.767	407.528	424.87	410.78
01:52:30	28.999	30.222	29.677	69.996	70.825	72.716	245.171	249.936	237.118	402.241	419.597	411.54
01:53:00	28.543	29.081	28.945	69.02	72.845	74.449	241.602	248.171	240.445	401.529	418.828	413.553
01:53:30	29.019	29.439	29.944	69.269	71.015	72.566	243.471	247.102	239.873	403.665	420.46	413.464
01:54:00	28.916	29.727	28.767	69.891	70.629	72.846	244.781	249.646	237.984	399.124	419.88	407.857
01:54:30	28.723	29.84	31.519	71.889	71.914	72.427	244.124	250.701	241.312	403.463	416.837	412.535
01:55:00	29.646	29.485	30.941	69.207	71.041	72.248	243.405	247.919	240.748	400.051	421.643	412.283
01:55:30	29.298	29.215	29.996	69.199	72.238	70.022	244.233	251.729	238.408	401.134	421.301	413.489
01:56:00	28.282	29.163	29.719	69.5	70.177	73.27	246.378	245.791	236.691	400.542	423.171	414.043
01:56:30	27.596	29.63	31.682	70.588	72.605	73.729	246.525	248.899	239.465	401.448	422.841	407.646
01:57:00	27.586	29.696	29.71	69.71	69.789	73.778	242.893	246.626	238.31	401.591	416.344	413.05
01:57:30	29.511	29.992	30.882	69.533	72.391	71.824	247.306	246.465	239.267	398.875	420.676	409.602
01:58:00	28.017	29.596	30.393	69.709	72.298	70.839	243.766	246.239	241.723	400.56	417.861	407.883
01:58:30	29.548	29.227	30.632	66.987	71.42	70.242	238.823	245.922	239.187	394.155	418.374	407.904
01:59:00	29.149	28.276	30.328	71.945	72.213	72.718	242.701	248	236.29	398.792	418.297	406.021
01:59:30	30.392	29.308	31.009	69.164	72.405	74.031	243.405	246.403	243.201	406.832	425.239	407.809
02:00:00	29.502	29.336	30.221	68.517	70.978	70.587	241.426	249.804	240.306	397.779	417.719	408.723