Time	25_1	25_2	25_3	50_1	50_2	50_3	100_1	100_2	100_3	150_1	150_2	150_3
00:00:00	98.12	110.097	98.967	203.815	193.885	195.42	385.841	385.816	388.688	586.367	596.874	605.702
00:00:30	98.191	99.342	93.878	199.911	189.529	190.447	374.44	374.453	367.785	579.424	572.894	587.381
00:01:00	89.191	96.976	87.491	194.534	185.343	187.29	365.503	362.307	356.2	572.284	557.812	580.95
00:01:30	84.624	92.666	83.826	190.526	177.439	179.092	359.466	356.357	342.467	562.319	550.516	574.531
00:02:00	81.411	89.321	83.947	186.577	174.858	177.013	348.896	349.091	335.822	557.47	545.214	569.822
00:02:30	77.814	88.872	79.436	175.952	166.634	171.364	344.029	346.338	327.38	554.93	539.426	567.415
00:03:00	78.032	86.703	80.271	174.013	164.869	170.404	341.847	342.339	328.22	542.272	534.8	561.189
00:03:30	77.097	83.504	75.726	170.251	159.421	164.522	334.637	341.979	320.243	544.45	530.458	559.946
00:04:00	74.144	83.542	74.259	166.888	157.034	161.398	330.209	337.131	319.862	541.749	531.198	554.883
00:04:30	71.082	80.468	72.084	159.729	153.493	157.074	332.589	335.569	313.407	546.99	530.938	554.383
00:05:00	70.934	80.496	69.954	157.396	152.264	160.502	327.733	334.859	316.831	539.582	531.152	555.643
00:05:30	68.822	77.214	69.637	154.446	147.592	153.74	326.509	325.284	307.899	535.307	525.396	555.486
00:06:00	66.369	77.686	68.818	154.677	147.963	155.829	324.07	325.175	309.858	534.4	524.596	547.779
00:06:30	64.258	76.353	69.014	148.854	143.771	150.264	326.477	325.308	309.467	528.814	522.617	547.497
00:07:00	64.491	75.525	66.291	147.881	141.314	149.771	322.657	320.483	308.365	535.68	524.091	551.912
00:07:30	61.971	72.819	65.598	146.458	138.536	145.492	321.785	322.223	305.271	531.86	523.962	548.728
00:08:00	62.832	72.584	64.986	141.055	137.362	148.059	318.423	320.211	306.339	532.907	517.348	546.917
00:08:30	62.444	71.587	62.735	140.376	136.713	144.787	321.738	321.462	306.834	531.812	523.228	544.256
00:09:00	59.66	69.185	63.334	138.961	134.947	142.89	315.59	317.639	302.005	534.937	519.126	539.458
00:09:30	58.122	70.05	63.083	135.469	135.416	142.659	324.02	318.512	303.617	532.815	523.605	546.009
00:10:00	58.194	67.627	61.222	135.792	135.169	139.052	321.365	319.744	304.576	536.16	519.466	548.199
00:10:30	56.738	67.576	59.653	133.761	133.917	141.205	319.474	319.847	302.58	529.994	522.657	539.351
00:11:00	56.968	66.085	58.811	130.399	134.59	140.731	314.41	316.008	299.996	529.609	515.854	543.765
00:11:30	55.785	66.027	57.356	128.783	135.29	141.654	319.802	317.204	303.358	534.822	523.298	546.86
00:12:00	55.264	65.275	56.215	126.449	130.542	139.284	317.552	316.881	301.128	533.003	518.139	546.932
00:12:30	54.483	63.823	57.603	128.214	131.345	139.956	313.955	312.233	299.392	534.765	514.688	544.108
00:13:00	53.834	64.224	54.991	123.072	130.487	137.485	319.64	318.365	297.726	534.626	523.088	541.633
00:13:30	53.649	62.715	55.088	123.118	133.421	137.556	313.635	315.311	299.197	528.264	521.026	545.157
00:14:00	52.887	61.031	55.346	124.047	129.289	133.121	315.592	317.99	293.409	531.122	517.415	541.238
00:14:30	51.48	60.95	52.053	124.014	127.452	134.442	314.825	314.485	296.86	533.063	521.617	538.421
00:15:00	51.957	61.569	52.764	124.2	126.76	135.439	314.812	315.268	297.813	533.432	523.486	540.143
00:15:30	50.963	60.401	52.654	123.853	125.801	136.52	311.867	314.747	297.935	530.735	517.299	539.638
00:16:00	50.152	59.732	52.856	119.769	128.472	133.429	314.154	311.888	296.096	532.957	517.407	545.776
00:16:30	49.376	59.864	49.871	119.915	127.08	136.26	313.632	315.227	292.938	529.788	517.925	541.558
00:17:00	46.845	59.214	50.405	118.864	125.963	133.096	308.774	308.014	293.692	531.344	515.93	539.667
00:17:30	48.394	56.508	49.008	118.238	126.504	134.032	308.773	311.192	296.697	532.895	517.614	541.204
00:18:00	47.299	55.519	50.293	118.103	126.522	132.396	307.737	310.473	292.379	525.557	517.937	538.197
00:18:30	48.339	56.697	49.733	121.249	128.812	134.163	306.311	306.572	293.657	528.774	515.785	544.991
00:19:00	46.582	55.005	48.985	117.38	126.658	132.38	311.357	308.769	294.441	536.971	523.162	541.351
00:19:30	47.496	56.387	49.16	120.007	125.855	130.151	309.994	314.702	297.146	529.846	521.794	539.164
00:20:00	45.997	53.807	47.663	116.186	123.567	131.674	311.015	312.894	294.872	519.233	520.17	539.984
00:20:30	46.053	53.878	46.864	115.611	125.904	130.201	308.305	310.466	298.022	530.387	517.446	540.706
00:21:00	45.102	54.141	47.575	115.292	123.427	128.125	312.967	313.846	293.099	533.13	515.41	536.521
00:21:30	45.444	54.614	47.537	118.489	122.425	129.532	308.634	307.778	296.773	526.971	517.765	541.185
00:22:00	45.457	52.563	46.279	117.546	124.449	128.67	307.616	308.579	292.735	524.887	516.754	544.904
00:22:30	43.991	53.243	46.518	115.056	123.279	127.693	309.215	308.987	297.379	531.888	522.863	543.13
00:23:00	43.394	52.885	46.629	117.938	123.889	127.66	307.498	308.869	296.899	527.841	525.072	545.279
00:23:30	43.32	53.453	45.567	114.758	122.281	126.01	307.939	309.606	294.161	530.111	518.883	541.554
00:24:00	44.477	53.037	45.924	116.513	121.991	125.855	310.408	308.133	295.695	532.936	518.761	537.213
00:24:30	45.425	50.658	44.225	115.542	118.91	125.129	307.358	309.559	290.506	535.375	519.204	539.926
00:25:00	43.462	52.891	46.277	113.704	117.744	123.945	310.605	309.746	292.729	530.654	518.579	543.449
00:25:30	43.08	51.445	45.917	116.326	119.664	124.736	308.335	309.658	294.63	532.981	512.57	536.537
00:26:00	43.983	52.106	43.359	113.537	117.547	123.849	306.38	308.886	294.605	530.202	519.992	538.514
00:26:30	42.93	49.561	43.002	114.115	113.248	119.942	310.634	312.835	292.365	528.812	521.848	543.947
00:27:00	44.449	49.931	44.432	113.283	116.836	122.152	307.243	313.222	291.372	527.779	517.585	536.014
00:27:30	41.632	49.327	45.536	114.345	113.842	121.312	302.345	305.927	292.21	525.679	521.36	544.303
00:28:00	42.054	48.507	44.492	113.916	113.411	118.724	306.851	312.639	294.003	532.63	521.638	541.538
00:28:30	42.391	49.235	43.692	113.543	113.253	120.033	304.975	308.397	297.435	526.577	517.563	541.066
00:29:00	41.385	50.237	43.502	111.996	111.504	117.196	303.509	309.404	290.859	524.273	514.305	535.245
00:29:30	39.607	47.854	42.495	110.135	112.662	117.927	305.885	308.654	294.268	529.346	519.56	537.949
00:30:00	40.452	48.86	43.958	112.615	112.551	116.602	307.956	313.034	293.05	534.036	521.455	543.321
00:30:30	42.135	48.202	43.842	110.367	112.973	118.654	306.741	304.839	290.433	525.867	514.438	538.165
00:31:00	40.908	48.231	43.036	113.307	111.468	115.833	310.36	311.929	293.004	529.763	518.862	540.249
00:31:30	41.073	47.864	42.054	110.91	110.856	115.833	305.955	307.765	288.181	529.443	517.67	544.038
00:32:00	39.447	46.352	41.567	111.323	111.539	116.597	304.557	306.88	291.666	524.557	518.396	543.344
00:32:30	38.814	46.183	41.291	108.908	108.589	115.732	303.475	306.663	294.042	530.433	512.263	540.937
00:33:00	39.195	46.288	41.383	112.919	112.356	114.499	305.723	305.096	287.407	529.773	513.339	540.274
00:33:30	38.835	46.278	42.075	111.884	111.866	116.484	308.725	309.322	292.297	527.807	518.009	542.364
00:34:00	39.982	45.462	42.231	111.689	111.464	114.668	307.349	308.264	291.307	527.072	508.424	532.836
00:34:30	39.796	47.527	42.065	112.926	110.216	115.819	303.863	307.376	287.165	528.46	513.038	539.309
00:35:00	38.813	46.261	41.643	114.047	107.247	117.764	306.842	308.438	291.646	530.356	522.259	545.871
00:35:30	37.605	46.212	40.641	112.175	109.043	115.725	304.516	306.572	297.193	534.262	521.492	542.784
00:36:00	38.696	46.868	39.776	108.893	108.427	115.893	307.885	303.046	292.804	537.761	519.017	542.015
00:36:30	38.366	44.195	40.749	109.912	110.129	114.791	309.669	309.427	291.177	527.566	520.838	544.996
00:37:00	39.394	46.658	40.679	113.736	110.067	114.483	305.394	304.303	297.042	532.058	513.577	543.492
00:37:30	37.417	45.687	41.51	110.564	108.695	112.591	306.925	308.934	290.783	530.983	514.996	537.032
00:38:00	37.908	44.046	38.879	111.141	111.586	115.066	305.396	307.494	290.365	529.841	517.056	537.507
00:38:30	38.445	44.544	40.932	109.992	109.437	112.613	303.963	306.538	294.901	530.613	522.397	540.333
00:39:00	37.561	43.835	39.82	109.25	106.939	111.645	308.617	303.456	291.625	531.162	516.77	535.356
00:39:30	38.185	44.653	39.33	109.947	107.305	110.609	302.609	306.633	292.235	534.252	519.073	540.749
00:40:00	37.974	43.919	39.305	110.285	107.212	113.858	304.379	307.552	292.386	529.405	517.282	537.6
00:40:30	37.496	44.658	40.395	111.96	106.696	114.004	303.375	304.937	292.419	527.052	515.829	542.085
00:41:00	37.104	43.691	39.566	110.638	109.362	112.863	309.715	307.184	296.066	531.464	518.964	536.015
00:41:30	38.499	44.201	38.926	109.428	107.607	114.015	301.259	307.599	291.985	526.495	520.102	538.783
00:42:00	37.543	43.476	40.705	110.613	107.022	111.613	306.741	307.156	291.735	525.684	512.339	539.963
00:42:30	37.984	42.678	37.593	110.449	107.179	112.725	306.367	310.134	294.59	531.607	513.15	542.923
00:43:00	39.244	43.496	40.103	110.278	108.401	111.141	307.638	306.669	291.78	532.265	512.066	539.434
00:43:30	38.553	44.049	38.71	110.416	106.471	111.01	309.801	305.322	291.908	530.435	518.822	543.543
00:44:00	37.865	43.54	39.922	109.968	107.292	113.161	306.523	306.088	291.974	529.632	515.492	537.459
00:44:30	36.925	42.562	40.474	112.748	103.721	112.177	305.832	307.609	291.863	531.457	515.556	540.817
00:45:00	37.583	41.756	38.914	110.603	105.817	106.662	305.654	306.28	293.969	533.447	515.87	541.417
00:45:30	36.698	42.211	39.619	109.535	108.01	110.731	302.918	310.345	296.412	527.229	516.4	538.602
00:46:00	36.836	41.684	37.363	110.435	105.821	107.938	303.341	306.122	288.991	527.456	514.426	534.947
00:46:30	38.368	42.059	40.316	109.6	105.873	109.094	305.89	310.241	292.592	531.455	514.065	544.104
00:47:00	37.725	41.112	38.859	110.553	104.285	109.173	307.307	305.198	291.781	531.986	517.926	540.434
00:47:30	35.936	43.917	39.073	111.03	102.906	109.528	306.192	308.325	293.852	532.62	515.254	539.185
00:48:00	36.419	41.623	37.889	112.167	104.046	107.014	302.333	308.394	292.271	531.979	514.881	541.65
00:48:30	36.217	41.803	37.623	109.22	105.648	110.532	304.342	306.546	295.16	528.933	513.915	539.938
00:49:00	36.975	41.348	38.578	111.621	104.976	108.26	308.621	305.859	291.221	528.082	525.823	544.64
00:49:30	36.211	41.539	38.969	108.603	104.221	109.235	307.207	307.165	292.379	530.215	520.315	543.989
00:50:00	36.427	41.914	38.2	111.182	103.023	110.418	305.477	310.31	291.642	526.962	519.288	538.576
00:50:30	36.902	42.067	36.833	109.772	102.563	109.009	306.905	306.811	296.149	532.421	521.119	542.133
00:51:00	37.148	40.79	36.944	110.688	104.403	109.242	305.222	312.356	292.108	525.944	520.448	539.942
00:51:30	36.959	42.472	37.547	108.665	102.415	109.16	307.016	308.612	295.733	536.248	520.425	537.847
00:52:00	35.253	42.576	39.085	110.449	103.287	105.523	308.186	307.833	295.91	534.033	519.815	540.698
00:52:30	35.93	41.285	36.791	111.106	102.026	108.769	307.537	307.993	292.771	527.247	515.343	542.812
00:53:00	35.881	42.225	37.852	113.139	102.829	107.694	309.318	310.926	291.609	527.863	517.849	545.378
00:53:30	36.517	40.874	38.38	109.545	100.665	105.717	303.516	306.438	291.6	531.39	515.005	538.897
00:54:00	35.733	41.604	38.93	110.498	102.236	106.122	308.492	305.567	297.16	528.324	521.684	542.452
00:54:30	36.553	41.161	38.48	111.511	101.863	108.347	308.667	311.627	294.508	534.803	517.699	545.366
00:55:00	36.399	40.4	37.227	110.349	102.438	107.632	307.88	308	294.958	533.903	520.942	534.675
00:55:30	35.943	39.999	37.728	110.326	103.917	105.793	303.142	304.85	293.961	530.398	518.341	540.753
00:56:00	36.661	41.577	37.839	110.91	102.009	105.623	302.067	306.467	292.987	529.048	518.462	535.772
00:56:30	36.562	41.894	37.151	108.415	102.797	107.426	307.141	307.723	292.55	528.261	519.54	543.814
00:57:00	35.057	41.543	37.429	111.028	101.485	107.506	310.932	311.925	294.713	530.682	524.043	543.995
00:57:30	35.31	41.104	36.973	110.907	101.009	106.385	308.548	312.148	293.234	532.118	525.54	544.595
00:58:00	35.553	41.533	36.418	110.926	101.949	107.441	307.874	307.621	294.493	535.337	512.764	541.305
00:58:30	36.93	40.155	37.91	110.006	100.242	107.018	309.529	309.581	294.033	528.943	518.435	540.921
00:59:00	35.497	41.621	37.91	109.596	99.275	105.998	306.878	306.411	295.003	535.41	513.471	540.032
00:59:30	35.555	39.699	38.117	109.238	100.302	106.322	304.921	310.866	292.889	527.841	519.493	538.792
01:00:00	36.532	39.305	38.184	109.099	100.369	105.979	305.041	309.398	291.663	527.788	518.612	538.167
01:00:30	36.653	39.996	36.991	112.568	101.267	107.273	307.348	312.244	297.313	525.545	521.783	544.873
01:01:00	36.01	42.073	37.961	110.065	101.078	107.035	306.575	307.018	298.386	528.148	518.804	542.076
01:01:30	34.18	39.713	36.302	110.222	99.67	104.266	307.932	307.897	294.571	530.578	522.119	538.989
01:02:00	36.101	40.234	38.252	110.172	101.609	103.48	306.92	310.101	293.989	530.961	510.494	540.499
01:02:30	35.763	38.935	37.446	108.983	100.131	105.682	303.645	313.169	292.912	534.578	519.678	542.132
01:03:00	35.706	39.945	37.955	109.883	100.126	102.488	305.69	311.059	296.719	535.84	513.861	544.341
01:03:30	36.076	39.324	37.379	110.619	100.174	106.299	305.712	309.762	293.638	532.424	519.14	541.433
01:04:00	35.69	40.265	37.578	113.131	101.409	105.7	310.647	309.508	296.336	535.237	522.601	542.831
01:04:30	35.654	39.134	37.628	111.321	100.82	104.882	304.504	310.254	293.237	532.064	517.985	542.158
01:05:00	36.36	39.023	37.795	109.103	100.684	104.685	304.538	312.307	290.948	528.146	525.403	543.2
01:05:30	35.337	39.675	37.895	108.156	99.499	104.238	305.372	306.705	293.135	531.899	518.307	537.536
01:06:00	35.387	39.886	36.409	111.175	99.924	107.945	305.559	306.947	301.452	531.346	523.386	543.251
01:06:30	36.143	39.134	36.69	111.334	99.771	102.02	305.902	307.756	291.099	526.914	516.027	536.294
01:07:00	36.099	39.643	37.099	111.245	98.456	103.098	302.053	309.627	297.163	526.637	517.25	536.246
01:07:30	35.557	40.122	36.669	109.222	99.511	104.101	307.769	307.723	295.578	526.65	521.391	541.543
01:08:00	35.091	37.975	36.014	110.141	99.686	102.56	305.727	309.602	291.852	530.448	519.306	537.006
01:08:30	36.27	40.368	36.497	110.892	99.787	102.913	309.469	307.044	295.517	536.638	518.265	540.715
01:09:00	36.648	39.649	36.96	108.619	98.231	102.825	307.41	311.726	291.899	532.167	516.583	538.378
01:09:30	35.687	39.563	37.569	109.707	98.646	103.389	310.647	309.49	295.221	533.335	523.476	539.608
01:10:00	35.8	39.958	36.61	109.734	97.674	102.041	303.506	308.784	293.583	532.463	522.372	542.835
01:10:30	34.021	38.891	36.97	111.536	97.561	102.769	306.079	310.96	298.993	525.126	514.299	546.551
01:11:00	35.25	39.205	36.992	112.009	98.394	101.931	307.5	310.086	295.414	528.991	517.784	545.35
01:11:30	35.498	39.908	36.908	111.847	100.222	101.311	305.508	304.464	292.538	534.183	515.533	537.867
01:12:00	35.461	39.575	36.16	111.172	96.708	101.302	308.847	308.281	295.659	529.726	518.869	542.301
01:12:30	34.457	38.15	37.284	109.559	97.09	101.392	304.367	304.446	294.909	534.413	519.119	540.677
01:13:00	34.874	39.147	37.366	110.703	97.132	102.545	307.559	311.039	292.412	532.485	518.534	543.483
01:13:30	35.258	39.625	37.744	111.239	98.86	101.635	309.358	308.205	295.366	535.536	524.228	542.704
01:14:00	35.318	40.721	36.845	108.599	96.981	101.238	309.156	309.173	298.735	531.582	517.197	543.959
01:14:30	35.984	40.017	36.163	111.246	97.518	102.189	311.326	310.643	294.075	539.69	513.566	539.983
01:15:00	36.142	38.799	37.154	111.25	97.208	101.367	307.765	310.715	292.215	534.677	519.346	542.375
01:15:30	35.949	40.138	37.308	111.936	97.837	101.612	309.902	312.618	291.656	534.439	524.836	542.861
01:16:00	36.281	41.117	36.781	108.763	96.245	100.352	307.511	312.438	298.847	535.373	520.684	544.992
01:16:30	36.265	39.751	36.897	111.135	97.465	104.489	308.186	313.295	297.185	535.542	520.808	544.089
01:17:00	35.133	40.809	37.317	113.364	96.999	103.382	308.374	310.192	299.389	529.776	517.731	548.167
01:17:30	34.764	40.267	38.201	111.074	97.282	101.947	310.244	308.759	296.538	536.623	527.457	549.153
01:18:00	34.487	40.089	36.953	112.442	96.686	102.466	310.171	312.438	299.983	532.118	521.704	541.163
01:18:30	35.053	39.843	38.276	111.149	95.775	101.409	302.757	304.899	295.299	529.612	517.673	540.246
01:19:00	35.167	40.364	36.88	109.318	98.235	100.57	313.48	311.855	296.512	532.875	518.229	545.196
01:19:30	35.305	39.784	38.086	111.148	96.433	101.867	308.629	308.669	295.688	535.551	519.176	540.816
01:20:00	35.224	39.321	36.008	111.088	94.877	101.288	311.468	310.864	295.375	537.356	519.677	546.862
01:20:30	34.422	38.49	38.305	111.312	97.779	100.04	311.567	312.696	297.211	540.873	523.161	544.179
01:21:00	35.101	38.956	37.514	111.341	95.275	100.667	310.951	309.013	295.333	534.054	521.481	537.199
01:21:30	32.945	39.192	36.884	109.812	96.261	99.878	308.334	312.933	298.613	532.753	520.495	549.182
01:22:00	34.845	39.736	36.338	112.272	96.453	101.482	308.759	311.825	296.53	531.255	516.725	543.595
01:22:30	35.028	39.477	37.532	110.809	96.178	99.434	308.542	314.197	290.208	532.313	521.35	544.448
01:23:00	35.363	38.883	36.402	111.148	95.266	101.473	310.033	310.926	296.956	540.486	525.479	542.388
01:23:30	35.364	39.75	36.789	111.367	96.225	101.411	308.677	314.394	297.665	528.655	522.464	546.824
01:24:00	34.858	38.662	37.189	111.956	95.685	98.12	311.24	314.158	295.059	526.958	521.188	543.045
01:24:30	36.636	39.921	37.993	111.7	93.801	101.913	306.406	312.382	296.791	538.229	527.217	548.084
01:25:00	34.503	39.219	38.431	110.932	94.991	98.612	311.174	307.853	296.199	531.337	516.178	536.119
01:25:30	36.225	39.078	37.384	114.339	95.516	102.947	307.634	313.751	295.57	528.668	526.725	546.818
01:26:00	34.523	39.467	36.163	113.379	95.285	101.103	308.11	315.064	293.734	530.521	524.354	542.878
01:26:30	34.989	39.661	36.877	110.678	96.089	100.972	307.57	312.431	293.087	532.06	522.722	546.475
01:27:00	35.842	38.986	36.966	107.756	92.982	100.07	309.803	310.537	296.487	528.713	519.85	540.423
01:27:30	35.273	38.337	36.32	111.339	94.421	99.795	315.002	313.501	295.425	529.842	520.466	541.791
01:28:00	35.2	39.198	36.86	112.78	94.607	99.514	309.509	312.395	296.231	532.51	522.405	542.842
01:28:30	35.32	38.096	36.615	112.27	94.448	99.802	312.788	308.75	297.826	533.318	523.229	544.219
01:29:00	34.956	39.062	36.748	110.303	94.558	99.277	312.923	309.956	298.778	537.098	522.565	541.431
01:29:30	35.236	39.163	36.18	112.976	92.978	97.858	311.345	312.653	296.238	531.593	519.057	542.365
01:30:00	35.278	41.382	36.381	112.472	96.015	100.719	310.44	308.377	301.065	528.552	520.247	546.17
01:30:30	35.614	39.344	36.172	113.633	96.065	101.086	312.705	311.317	296.622	534.891	521.208	548.323
01:31:00	33.732	39.824	36.326	113.191	95.411	99.227	313.978	310.032	296.773	530.868	521.132	541.217
01:31:30	35.447	38.29	37.566	112.363	94.93	98.225	311.554	314.692	299.634	534.038	524.526	535.932
01:32:00	35.009	39.284	36.777	107.518	96.732	98.394	313.786	315.517	300.633	532.604	520.885	542.889
01:32:30	35.325	38.426	36.741	110.171	94.634	97.031	308.691	307.266	301.088	528.542	522.749	542.262
01:33:00	34.461	39.186	35.397	113.43	95.031	96.695	310.558	316.814	299.543	539.829	523.603	548.618
01:33:30	35.441	39.732	35.825	112.475	92.772	96.307	307.814	308.522	296.401	532.518	516.683	540.49
01:34:00	35.697	38.442	37.654	113.132	96.79	98.423	314.93	315.465	298.481	533.21	524.082	544.07
01:34:30	35.29	39.117	35.516	111.175	94.535	97.992	312.961	317.54	300.878	537.998	526.726	547.459
01:35:00	34.479	40.823	36.06	112.497	96.435	96.303	311.48	306.553	300.222	532.94	522.136	546.26
01:35:30	34.292	39.326	36.738	111.422	93.204	96.736	307.151	309.205	299.892	530.637	526.563	546.383
01:36:00	35.936	39.671	36.077	109.877	94.734	97.074	308.078	310.311	295.421	527.272	521.599	546.141
01:36:30	34.763	38.497	37.27	115.781	94.075	98.656	311.556	310.958	302.031	539.063	523.59	545.391
01:37:00	34.415	39.223	36.152	111.673	96.032	99.302	312.88	311.979	298.686	535.119	523.145	542.696
01:37:30	34.779	39.013	36.832	112.892	94.269	97.773	311.386	311.579	298.808	535.016	517.983	543.698
01:38:00	34.677	38.376	34.568	109.607	92.079	98.602	312.431	315.561	301.586	541.849	530.904	541.377
01:38:30	35.286	38.142	36.514	112.365	95.759	99.572	316.307	318.22	302.678	536.474	523.719	548.411
01:39:00	34.381	38.794	37.859	112.231	93.38	96.225	310.691	308.505	295.185	531.975	524.163	545.123
01:39:30	36.589	40.403	36.31	112.716	94.745	98.811	314.3	315.761	299.469	533.739	528.778	544.882
01:40:00	34.264	39.422	37.903	114.251	92.713	99.468	312.232	314.965	296.566	529.869	524.278	540.368
01:40:30	35.62	37.492	35.788	113.626	94.104	98.998	312.077	314.712	298.526	536.427	527.318	546.244
01:41:00	35.996	39.697	36.469	112.586	92.763	97.579	309.685	311.913	296.189	535.201	523.585	546.697
01:41:30	34.307	38.812	38.228	114.151	93.403	99.777	314.393	317.255	300.381	537.322	533.025	547.896
01:42:00	34.666	39.727	37.322	111.538	95.444	99.187	314.72	312.741	300.893	534.093	525.078	546.225
01:42:30	36.559	40.718	37.399	112.769	93.311	99.565	310.922	314.303	297.793	534.685	526.577	547.438
01:43:00	35.557	40.771	36.656	113.335	93.663	98.117	312.412	311.964	296.309	531.808	528.174	545.213
01:43:30	35.551	40.467	36.013	111.18	95.133	97.302	309.362	307.797	298.884	536.351	525.026	541.205
01:44:00	35.036	39.513	35.749	112.556	92.849	95.367	314.489	312.473	301.38	534.908	527.642	548.398
01:44:30	34.844	38.382	36.25	112.051	95.223	97.437	313.339	315.011	299.122	536.781	523.061	546.482
01:45:00	35.783	38.425	35.399	112.959	93.811	95.754	312.665	310.064	297.74	530.178	525.376	541.027
01:45:30	35.075	39.168	37.014	113.762	92.456	99.609	314.006	319.949	300.611	536.304	525.444	543.031
01:46:00	35.13	39.501	35.318	115.392	91.93	97.417	309.53	310.887	302.453	531.46	519.26	548.815
01:46:30	35.982	38.963	36.497	112.809	93.694	96.918	310.402	316.579	304.296	535.115	520.457	546.936
01:47:00	34.315	39.659	36.846	113.994	92.898	97.517	309.818	311.614	299.007	533.731	522.167	544.804
01:47:30	34.446	39.229	37.194	113.897	93.57	99.885	306.712	315.705	297.06	531.077	523.482	542.068
01:48:00	35.711	39.285	37.555	115.433	91.166	97.218	313.76	316.008	300.602	525.544	524.492	545.303
01:48:30	36.599	40.378	37.106	113.333	93.699	96.919	311.474	315.518	297.424	533.511	525.378	544.603
01:49:00	36.612	38.425	35.74	115.693	91.122	97.715	313.079	313.83	301.305	537.227	522.679	544.644
01:49:30	35.408	40.433	36.462	113.139	93.498	97.504	311.437	310.394	300.194	534.269	521.504	543.407
01:50:00	35.828	39.262	36.067	112.57	94.118	97.552	309.025	316.83	297.587	536.767	526.719	542.033
01:50:30	34.079	40.18	35.834	111.317	92.255	96.463	315.096	312.931	300.606	534.83	520.972	542.909
01:51:00	35.727	39.591	37.041	115.48	92.843	96.708	310.85	312.421	297.834	529.684	527.844	546.347
01:51:30	35.542	40.53	36.491	112.873	93.141	96.435	310.586	317.554	304.065	532.656	522.607	547.947
01:52:00	35.376	40.145	37.463	113.834	92.13	98.022	313.358	320.785	300.206	539.422	526.908	546.711
01:52:30	35.522	38.645	36.264	113.596	95.023	96.32	315.166	314.136	299.052	528.161	526.55	543.421
01:53:00	36.463	40.403	37.214	114.803	96.451	94.74	313.516	316.573	301.809	538.676	525.263	549.321
01:53:30	34.433	40.005	38.157	112.43	93.548	96.159	313.886	311.744	301.698	535.243	530.96	539.521
01:54:00	35.73	38.749	37.067	115.663	93.716	95.673	309.803	316.506	298.465	532.087	518.569	541.868
01:54:30	35.468	37.947	37.091	113.888	94.279	96.984	312.102	313.565	300.788	536.215	524.743	545.179
01:55:00	35.99	39.295	38.502	114.647	93.046	96.272	312.857	316.202	299.486	532.52	526.396	539.795
01:55:30	34.074	39.994	36.504	115.21	94.948	98.274	317.798	320.63	301.014	539.252	531.98	548.007
01:56:00	35.1	37.944	35.906	114.199	93.139	97.782	312.726	315.443	299.983	538.133	528.567	549.284
01:56:30	35.393	39.25	37.346	113.724	93.485	94.989	314.287	319.934	304.382	540.759	527.057	543.588
01:57:00	35.087	38.673	36.577	112.337	94.756	98.321	310.546	312.891	300.154	531.41	522.421	541.491
01:57:30	36.079	38.629	37.203	117.202	93.745	95.079	310.599	317.966	304.23	532.324	525.628	542.712
01:58:00	34.462	38.374	36.901	111.484	93.899	96.564	312.68	314.803	298.595	536.529	522.273	544.232
01:58:30	35.528	39.869	36.332	113.18	93.493	98.128	317.563	314.304	297.213	539.737	527.602	543.966
01:59:00	36.704	39.613	37.769	114.873	93.511	96.825	315.509	314.772	299.789	536.802	525.84	547.171
01:59:30	35.653	39.902	36.602	112.266	94.664	99.905	314.432	318.31	298.963	534.023	518.923	546.914
02:00:00	36.265	39.634	37.459	113.901	94.191	97.696	313.782	313.766	297.862	533.782	525.395	544.635