Time	25_1	25_2	25_3	50_1	50_2	50_3	100_1	100_2	100_3	150_1	150_2	150_3
00:00:00	106.474	97.636	107.687	197.605	203.517	209.247	402.049	409.994	389.821	568.429	567.259	590.565
00:00:30	100.789	98.231	101.055	191.94	194.503	200.164	390.646	401.498	381.168	561.799	553.363	565.143
00:01:00	99.479	95.236	95.34	193.654	196.442	198.928	380.783	392.026	366.121	557.818	543.355	552.482
00:01:30	94.461	90.81	93.33	186.134	189.294	191.92	370.487	376.698	355.246	548.366	533.869	545.698
00:02:00	93.313	89.127	90.067	179.084	183.673	187.345	366.936	371.654	349.36	549.131	531.987	543.512
00:02:30	92.318	87.087	88.077	179.193	177.115	181.63	366.766	367.51	344.327	538.059	525.873	540.742
00:03:00	90.56	82.98	87.196	172.545	171.904	180.4	356.221	364.313	338.014	543.009	523.272	530.381
00:03:30	86.036	80.984	80.892	169.943	168.774	174.742	355.303	356.283	338.826	532.421	516.717	525.91
00:04:00	86.484	79.459	80.089	166.2	164.137	173.029	347.192	358.13	332.274	534.263	519.399	527.085
00:04:30	82.091	77.298	79.51	162.35	160.753	169.147	352.119	350.299	327.488	530.042	514.427	526.722
00:05:00	79.252	76.007	78.479	161.952	157.161	167.491	342.869	354.511	329.465	526.693	515.666	522.207
00:05:30	76.753	74.291	76.401	159.103	151.109	164.139	348.816	351.878	329.465	522.344	517.097	521.541
00:06:00	74.337	73.797	73.635	156.755	147.45	161.888	344.968	345.888	328.41	525.6	518.967	516.614
00:06:30	70.373	72.937	73.032	154.749	145.464	157.503	341.111	342.785	324.479	521.651	508.862	516.361
00:07:00	73.704	71.795	73.89	156.303	141.161	160.642	340.984	346.735	326.037	522.538	510.474	518.595
00:07:30	69.681	68.979	71.158	152.871	138.396	160.345	340.115	339.627	319.377	517.095	510.452	518.695
00:08:00	70.281	69.823	71.802	151.359	135.831	159.631	339.819	344.074	321.93	521.617	511.855	517.136
00:08:30	67.425	66.982	69.814	149.856	132.572	159.562	335.73	341.738	319.07	515.013	509.779	509.446
00:09:00	67.274	67.306	67.136	148.987	132.069	154.149	338.125	342.168	318.775	523.993	515.008	519.988
00:09:30	65.148	65.971	66.34	146.023	131.597	151.959	334.619	336.091	317.262	512.259	509.061	513.321
00:10:00	65.555	66.516	65.108	145.049	126.151	153.131	336.169	333.58	318.226	514.288	506.984	512.819
00:10:30	64.151	63.856	65.569	145.957	125.922	151.083	333.719	336.581	319.31	520.739	508.033	512.716
00:11:00	64	62.683	63.586	142.382	126.017	147.127	328.853	338.486	312.449	522.611	504.26	511.23
00:11:30	60.213	61.394	63.627	138.84	121.734	149.142	329.133	331.409	311.419	519.37	513.889	509.185
00:12:00	62.14	64.551	61.382	140.882	119.742	145.287	335.679	339.558	315.432	518.515	504.337	514.203
00:12:30	60.165	62.28	61.679	138.801	118.29	142.612	329.422	336.893	310.914	513.383	502.805	511.296
00:13:00	59.398	63.43	61.874	136.873	117.514	146.801	332.734	334.517	313.484	510.503	503.515	506.731
00:13:30	58.39	60.415	62.263	138.125	113.728	143.684	329.12	333.565	316.609	509.407	506.3	506.948
00:14:00	58.797	58.964	60	133.357	112.372	146.62	330.748	334.403	313.23	511.462	504.797	512.472
00:14:30	57.331	59.914	57.845	133.652	112.621	140.739	328.892	331.228	311.453	512.156	506.984	510.788
00:15:00	57.337	58.196	59.491	132.248	112.759	145.939	327.083	335.063	307.738	509.878	506.805	514.66
00:15:30	56.323	57.362	59.46	136.165	110.739	143.714	327.994	328.94	314.037	511.7	511.699	511.004
00:16:00	55.888	55.823	57.481	133.952	109.998	141.972	332.587	330.382	313.149	510.119	502.775	508.335
00:16:30	56.39	56.549	58.326	133.087	107.711	142.159	322.359	332.549	312.084	511.514	500.473	508.983
00:17:00	56.29	55.347	57.806	131.968	107.05	142.618	324.777	328.736	309.426	511.796	505.034	506.327
00:17:30	55.699	56.401	56.953	131.917	105.542	140.243	326.806	329.814	309.204	510.505	502.482	509.75
00:18:00	55.321	57.672	56.002	132.15	106.503	142.069	329.11	330.335	308.24	507.02	501.578	510.803
00:18:30	55.193	54.48	57.873	130.461	107.25	142.157	326.589	323.888	310.49	515.482	503.946	515.206
00:19:00	53.777	54.475	55.004	131.81	105.838	139.634	327.045	330.195	310.94	516.752	506.209	507.842
00:19:30	51.291	53.002	54.786	130.836	104.203	139.777	323.717	330.89	310.611	514.609	506.015	510.597
00:20:00	52.984	53.48	53.812	131.974	103.451	138.521	325.814	328.123	302.992	510.531	504.721	502.645
00:20:30	52.471	53.053	53.94	132.096	103.564	140.38	324.294	326.789	306.152	511.128	505.628	505.936
00:21:00	53.065	54.058	52.274	130.57	104.351	138.21	324.998	326.066	306.055	507.309	503.897	510.43
00:21:30	53.692	52.722	53.649	128.254	102.859	138.255	326.85	332.731	307.187	510.59	509.566	509.924
00:22:00	51.568	52.344	53.098	128.84	99.514	137.624	325.015	331.672	304.96	517.415	508.441	508.762
00:22:30	52.016	50.846	50.614	128.186	100.068	135.55	324.044	328.056	305.179	513.484	501.78	510.6
00:23:00	51.33	51.398	51.432	128.536	101.402	134.866	321.608	330.845	307.523	515.354	503.119	508.668
00:23:30	51.586	49.803	53.495	126.61	100.116	137.442	327.323	327.93	305.441	509.919	508.345	506.973
00:24:00	50.227	50.422	51.723	127.506	98.872	135.347	326.825	324.576	304.642	518.319	505.951	508.19
00:24:30	50.939	49.035	48.555	126.377	97.616	133.839	322.369	323.778	302.227	508.25	502.309	508.505
00:25:00	49.188	47.88	50.391	124.335	97.916	133.839	324.315	325.801	306.734	507.91	502.523	507.612
00:25:30	49.956	47.85	51.642	123.83	99.979	128.911	326.848	329.834	306.154	511.634	510.995	508.099
00:26:00	48.568	47.43	49.761	123.097	96.019	132.165	322.158	324.498	305.916	512.575	496.88	502.603
00:26:30	47.154	47.926	48.909	122.527	100.071	131.604	330.038	326.542	309.841	517.094	502.932	508.911
00:27:00	45.778	46.452	48.957	121.212	97.545	130.447	318.543	324.415	307.418	509.419	499.017	500.872
00:27:30	47.01	46.812	48.154	120.585	96.44	131.259	323.062	322.415	307.827	507.825	503.03	504.768
00:28:00	47.343	44.734	47.831	123.114	95.259	132.202	322.895	326.725	304.533	508.919	498.742	503.35
00:28:30	46.3	45.576	47.708	120.438	94.384	130.148	320.013	323.528	305.989	506.308	500.603	507.134
00:29:00	46.459	45.924	47.6	119.903	94.945	130.244	320.256	327.831	305.187	515.498	505.929	511.054
00:29:30	45.435	44.589	48.639	118.724	95.234	129.56	320.2	322.49	306.535	511.658	500.326	503.338
00:30:00	44.714	44.479	47.766	118.903	93.568	125.766	321.439	321.998	304.778	506.468	498.623	504.191
00:30:30	46.899	42.874	46.674	119.128	92.5	126.743	320.274	325.203	304.395	509.054	498.231	501.679
00:31:00	44.533	42.585	46.575	120.908	94.07	127.605	320.687	322.863	307.074	519.301	503.831	507.141
00:31:30	43.846	43.674	47.458	120.396	95.156	126.326	321.155	327.032	301.495	510.369	503.002	505.117
00:32:00	44.088	43.833	46.758	118.325	93.819	124.406	324.653	326.566	306.787	513.013	499.313	509.711
00:32:30	44.156	43.428	46.812	118.364	95.136	127.739	322.151	324.536	307.34	515.035	501.228	511.988
00:33:00	45.463	43.726	46.733	118.083	94.908	125.578	318.826	323.807	305.994	511.115	503.764	505.376
00:33:30	44.623	42.474	44.555	118.407	93.154	123.86	322.941	322.915	302.548	504.866	497.773	503.795
00:34:00	42.967	42.609	45.4	116.649	91.271	125.026	318.969	319.469	300.701	500.571	499.012	506.198
00:34:30	43.77	43.27	45.788	118.292	92.089	124.383	319.432	323.342	302.924	511.348	496.065	505.403
00:35:00	42.506	43.134	45.321	119.597	91.99	124.79	322.546	324.183	307.546	516.197	503.771	511.289
00:35:30	42.69	41.787	43.179	117.633	93.4	122.292	320.288	322.545	302.064	514.035	501.229	502.529
00:36:00	41.141	41.392	45.125	118.575	92.206	125.009	317.824	324.726	301.657	507.566	502.09	500.973
00:36:30	40.39	42.162	44.137	119.942	90.943	124.344	322.394	326.945	302.69	508.486	506.063	509.695
00:37:00	40.967	41.338	43.969	113.229	89.833	122.608	314.744	318.649	304.145	512.946	502.065	506.405
00:37:30	42.5	40.201	44.588	116.663	91.327	123.353	316.008	323.215	302.688	509.223	499.548	505.569
00:38:00	41.559	40.045	41.858	116.204	91.367	121.336	322.24	323.213	305.64	513.777	503.683	498.595
00:38:30	41.978	41.832	43.719	116.425	89.397	123.645	319.98	326.825	306.752	514.055	500.099	504.592
00:39:00	40.721	39.611	43.26	117.18	89.322	120.478	322.821	325.079	302.167	512.228	503.071	506.988
00:39:30	39.866	40.373	43.339	116.445	89.686	121.506	319.056	324.876	300.41	507.752	496.499	502.296
00:40:00	41.622	41.859	44.291	114.64	91.028	121.132	324.269	322.343	304.486	510.228	503.878	511.519
00:40:30	40.293	41.716	41.398	115.116	90.533	120.022	320.272	325.204	301.952	507.592	500.082	499.457
00:41:00	38.728	40.703	42.127	116.497	90.631	122.698	317.381	323.74	301.121	510.556	503.872	503.364
00:41:30	40.963	38.65	42.582	112.431	88.168	121.358	317.467	321.174	302.302	509.119	496.679	501.187
00:42:00	38.748	39.135	41.398	115.506	88.259	120.007	316.162	317.576	302.276	505.85	497.617	506.19
00:42:30	39.243	38.945	41.985	114.772	90.836	118.643	317.527	318.718	297.355	506.881	499.993	499.335
00:43:00	37.934	39.315	40.674	111.014	89.279	118.008	315.797	321.128	299.925	499.997	490.898	501.338
00:43:30	38.772	39.463	42.191	113.796	89.221	120	318.987	319.745	302.671	502.979	504.659	493.981
00:44:00	38.525	38.854	40.713	112.159	88.418	118.226	320.766	320.705	301.788	507.832	500.714	493.811
00:44:30	38.892	39.142	40.42	111.105	87.489	123.158	317.26	322.14	302.114	505.309	500.27	499.948
00:45:00	38.622	39.237	41.646	111.462	87.706	117.936	314.991	315.578	304.798	510.326	498.068	501.446
00:45:30	38.113	38.647	40.47	111.558	91.086	118.854	316.06	320.59	304.047	507.399	497.003	500.099
00:46:00	37.832	38.31	39.299	109.54	87.383	119.056	315.098	317.733	299.114	505.727	492.346	496.494
00:46:30	37.849	38.171	40.371	109.377	86.273	118.435	314.582	317.779	298.336	504.231	498.636	498.949
00:47:00	35.83	39.182	40.571	109.823	89.582	118.705	314.544	318.989	301.154	505.821	501.214	499.964
00:47:30	36.401	37.49	41.057	109.223	89.083	118.333	315.789	319.851	301.235	500.026	493.997	498.612
00:48:00	37.145	37.578	38.69	108.023	87.816	117.109	316.043	316.595	298.376	496.952	489.613	497.429
00:48:30	37.82	36.561	39.905	108.48	88.92	117.437	309.947	317.329	304.706	502.678	493.962	497.232
00:49:00	39.04	37.45	40.067	106.835	86.194	117.8	314.546	327.16	302.242	505.971	496.414	504.509
00:49:30	36.977	37.366	38.479	110.088	86.084	118.636	318.757	319.225	301.715	504.639	495.492	501.248
00:50:00	36.928	37.843	37.858	107.767	84.038	114.975	313.529	321.605	297.94	503.692	497.174	495.514
00:50:30	37.294	37.436	38.532	107.875	84.905	114.496	313.166	316.452	297.077	505.773	490.847	502.434
00:51:00	36.35	38.036	38.757	108.369	85.179	114.667	318.184	319.723	299.903	498.306	492.964	493.198
00:51:30	38.263	35.526	38.202	109.495	87.321	115.427	314.963	315.609	296.539	501.189	496.872	504.709
00:52:00	35.763	36.481	38.281	107.149	86.056	115.305	313.202	315.857	300.772	504.918	492.207	492.904
00:52:30	36.567	37.185	39.46	105.923	86.033	116.587	315.924	320.042	297.33	502.861	494.318	499.073
00:53:00	37.096	38.492	37.246	106.389	85.805	113.72	312.388	316.825	298.283	503.469	495.293	493.326
00:53:30	38.168	35.26	37.937	105.704	83.819	117.72	314.514	316.699	298.879	504.75	490.249	497.693
00:54:00	36.157	35.543	37.355	107.914	85.325	114.054	313.246	319.51	295.585	503.266	498.001	496.818
00:54:30	35.876	36.19	37.959	105.869	83.79	114.863	314.909	321.355	298.076	504.389	501.226	498.428
00:55:00	35.855	36.532	37.565	105.114	85.4	115.779	310.726	321.082	298.226	500.141	497.184	498.392
00:55:30	37.234	36.409	37.755	104.319	83.405	112.637	313.148	317.666	299.849	504.496	489.371	495.895
00:56:00	35.469	36.971	36.306	109.856	84	113.263	312.447	318.294	297.047	500.957	494.096	498.488
00:56:30	36.091	36.529	37.451	107.567	84.415	114.175	317.617	315.982	300.984	503.854	497.033	501.593
00:57:00	35.452	37.251	37.067	106.664	86.392	112.646	314.858	318.544	300.255	501.276	497.226	499.722
00:57:30	37.17	35.562	37.212	107.232	84.274	111.378	316.163	320.54	298.348	498.433	496.286	500.546
00:58:00	35.447	36.391	37.202	103.163	85.32	113.267	312.229	316.139	302.94	509.385	491.693	505.538
00:58:30	35.542	36.42	37.045	104.852	86.139	111.998	317.255	318.738	301.793	508.192	494.757	506.575
00:59:00	37.35	35.772	35.878	106.53	85.171	111.188	312.638	318.709	293.831	502.03	493.574	499.622
00:59:30	35.701	35.489	37.347	106.138	86.033	114.392	312.475	317.804	299.567	507.591	494.966	500.86
01:00:00	35.449	35.485	36.559	103.786	84.113	113.554	311.709	316.268	298.946	501.502	488.857	494.444
01:00:30	35.67	36.066	36.77	104.511	84.681	113.813	315.048	318.027	296.679	500.611	494.762	503.404
01:01:00	35.847	35.746	36.498	101.117	84.459	112.671	315.141	319.203	300.935	503.59	497.248	501.513
01:01:30	37.003	35.204	35.19	105.312	84.516	113.106	314.882	320.683	297.778	515.129	492.982	501.269
01:02:00	34.566	34.268	36.617	106.886	85.647	112.387	318.118	323.017	301.257	500.979	497.122	496.953
01:02:30	35.615	35.786	35.728	104.512	84.952	112.254	314.102	317.026	298.351	501.758	496.715	497.571
01:03:00	36.653	35.676	35.595	105.472	83.761	110.052	319.738	320.757	299.841	501.538	495.737	501.415
01:03:30	34.814	35.903	35.685	103.547	84.149	112.877	313.491	317.593	298.828	503.34	492.316	493.951
01:04:00	36.776	34.459	34.539	105.854	82.622	111.836	316.827	319.042	296.316	507.24	498.934	499.496
01:04:30	35.399	36.759	35.028	103.921	84.859	109.884	313.956	316.893	300.906	506.891	489.329	493.374
01:05:00	34.305	35.655	34.896	105.904	83.892	110.684	316.515	313.072	300.889	502.495	491.046	500.943
01:05:30	36.735	35.661	35.792	103.722	81.252	110.928	310.541	317.209	299.655	500.44	492.352	495.729
01:06:00	34.353	34.392	35.166	102.592	83.803	112.198	316.288	315.706	297.788	503.435	493.969	495.005
01:06:30	37.152	34.636	35.004	102.389	83.885	110.187	312.876	318.59	295.681	504.034	492.121	495.914
01:07:00	35.263	35.521	35.737	106.435	83.073	110.687	314.952	312.243	299.364	504.929	499.414	499.042
01:07:30	34.716	35.295	34.303	103.267	81.781	109.105	318.24	318.289	296.662	504.375	500.152	499.169
01:08:00	37.146	35.931	37.401	103.631	82.502	111.723	316.299	316.203	304.222	502.338	496.866	497.307
01:08:30	35.796	36.726	34.639	105.281	82.705	111.176	315.695	318.027	295.599	502.055	495.758	497.597
01:09:00	35.717	35.855	36.122	101.189	81.509	111.259	312.23	318.413	300.225	504.423	497.692	499.299
01:09:30	34.257	35.102	35.423	101.877	83.328	109.682	314.508	318.8	296.993	503.755	494.201	499.507
01:10:00	34.904	34.834	35.277	103.907	83.829	110.612	314.203	315.84	299.23	504.559	492.03	495.517
01:10:30	35.28	35.468	34.147	103.498	84.141	109.384	312.551	317.854	298.308	501.539	495.569	500.471
01:11:00	35.189	34.501	33.963	102.314	84.505	110.317	312.796	315.974	301.233	506.655	493.873	497.234
01:11:30	36.984	35.651	35.751	104.339	85.805	110.597	313.031	317.734	296.034	503.11	499.219	494.358
01:12:00	35.995	34.119	34.727	102.018	85.37	109.437	316.62	319.176	299.199	503.521	499.554	495.639
01:12:30	35.896	35.728	34.127	104.6	84.668	113.834	319.533	319.65	302.776	509.569	498.423	507.683
01:13:00	35.76	34.74	34.326	101.073	83.223	107.719	315.363	317.537	298.742	502.58	494.642	491.88
01:13:30	35.282	35.92	35.41	105.031	81.885	113.003	312.949	319.376	298.366	506.616	496.707	497.087
01:14:00	35.206	36.387	35.165	102.46	82.399	108.353	313.326	315.49	298.098	507	497.146	500.133
01:14:30	34.68	35.11	35.019	101.128	83.336	109.471	311.504	316.346	298.078	502.717	494.311	494.668
01:15:00	35.422	35.184	34.176	101.528	82.772	111.077	316.648	313.424	301.311	502.005	492.353	493.682
01:15:30	35.67	34.975	35.511	100.291	83.101	109.956	311.322	315.009	299.84	498.078	496.434	498.303
01:16:00	35.817	34.306	35.145	101.744	84.288	107.748	316.014	315.172	302.478	501.199	496.07	496.913
01:16:30	34.593	35.392	35.758	102.708	82.308	109.192	314.108	314.892	301.473	501.47	491.844	495.046
01:17:00	35.397	35.255	34.075	103.094	82.013	107.067	315.216	313.204	298.325	497.309	497.281	497.48
01:17:30	35.643	35.151	34.116	102.002	82.648	108.441	315.929	315.053	298.325	501.281	495.469	493.568
01:18:00	35.496	34.761	35.118	100.372	83.411	106.74	313.311	317.995	299.733	507.058	495.384	499.027
01:18:30	34.709	34.497	35.009	101.576	83.889	109.179	313.694	317.986	300.216	503.73	497.608	501.356
01:19:00	34.312	35.427	35.711	100.551	82.571	106.23	317.206	318.192	297.737	500.572	489.43	498.355
01:19:30	34.516	33.588	35.652	100.735	83.294	109.954	315.591	318.807	297.55	504.116	495.878	497.351
01:20:00	34.536	35.132	34.812	101.555	84.258	107.742	309.918	312.657	301.693	504.012	491.8	491.709
01:20:30	35.242	33.972	35.48	100.929	81.598	108.128	311.635	315.681	292.678	505.09	498.352	497.328
01:21:00	35.987	35.115	34.796	99.057	81.736	108.03	309.646	312.955	296.943	497.773	491.295	492.856
01:21:30	34.392	35.332	34.71	99.399	82.358	107.808	316.379	318.99	299.619	501.994	499.001	499.04
01:22:00	34.361	34.332	34.473	101.786	82.945	107.081	315.838	316.319	300.906	502.603	492.174	497.822
01:22:30	35.523	33.936	34.804	101.383	80.725	107.279	314.338	319.591	298.127	508.17	496.599	504.81
01:23:00	34.984	34.126	35.492	98.888	82.84	105.807	308.48	314.837	298.798	498.788	490.12	495.59
01:23:30	35.503	34.303	35.283	97.704	82.846	108.132	312.55	317.229	298.626	496.381	491.458	493.936
01:24:00	35.846	35.138	35.894	99.455	82.396	108.365	312.085	313.277	296.349	500.326	491.093	491.102
01:24:30	35.584	35.606	34.063	99.588	82.364	107.254	312.167	315.558	296.383	504.928	487.674	490.751
01:25:00	34.952	34.156	34.778	99.458	81.183	106.881	315.044	314.631	297.751	503.187	490.022	493.093
01:25:30	34.337	33.714	33.936	95.667	80.864	106.067	313.492	315.093	298.732	503.311	487.774	491.779
01:26:00	34.525	33.601	34.947	97.411	80.972	106.665	312.716	311.049	296.939	499.02	489.147	487.343
01:26:30	33.905	35.167	34.766	97.918	81.097	107.421	313.826	311.68	298.273	504.297	487.751	492.299
01:27:00	35.43	33.475	34.492	98.127	82.781	106.314	315.258	317.404	297.988	501.022	493.148	493.041
01:27:30	35.67	34.397	33.126	97.22	81.771	106.485	317.795	321.932	301.716	501.453	501.774	500.748
01:28:00	35.213	34.772	34.389	99.101	82.726	106.835	315.538	319.246	298.562	499.009	492.379	495.899
01:28:30	35.03	34.224	34.966	96.164	82.351	105.302	313.054	315.623	296.664	498.783	492.928	495.165
01:29:00	34.902	34.003	34.059	97.322	84.249	103.371	311.246	312.919	298.503	501.317	496.694	494.758
01:29:30	34.961	34.056	34.568	98.706	81.747	106.745	308.734	315.294	301.804	503.808	491.252	496.919
01:30:00	34.897	35.643	33.634	95.736	80.991	101.366	307.577	313.174	298.107	499.567	491.155	489.238
01:30:30	37.378	34.974	35.743	99.367	83.454	102.651	311.186	316.432	299.591	503.773	494.462	492.589
01:31:00	35.804	34.047	34.069	99.325	81.45	103.625	312.694	314.866	300.207	506.846	491.485	492.283
01:31:30	35.8	34.729	35.018	96.48	81.408	103.214	312.243	317.365	299.388	502.456	493.589	494.11
01:32:00	35.941	34.556	34.123	98.437	82.216	104.159	313.044	315.248	298.697	502.497	491.867	497.682
01:32:30	34.77	35.74	35.348	96.498	81.658	107.253	313.019	317.549	299.743	498.394	491.023	494.131
01:33:00	36.126	34.311	33.463	96.775	84.014	103.162	311.494	315.58	296.901	500.193	490.768	494.211
01:33:30	37.17	34.468	34.992	96.89	81.912	105.113	314.575	317.331	297.816	507.096	497.475	491.805
01:34:00	34.47	33.806	35.36	96.658	81.117	102.379	309.86	311.828	293.444	499.043	486.84	494.009
01:34:30	34.999	34.003	33.763	98.926	80.641	102.014	313.084	317.17	299.065	502.929	493.162	492.115
01:35:00	34.851	33.759	33.573	97.711	82.468	103.049	314.161	318.447	294.199	500.341	495.986	491.285
01:35:30	36.914	34.755	34.985	96.301	82.569	104.119	312.658	311.827	297.578	504.171	497.289	492.389
01:36:00	35.463	34.035	32.952	96.024	81.148	104.571	314.091	313.184	301.424	506.865	487.049	494.888
01:36:30	35.754	34.337	34.342	97.209	80.423	102.937	317.18	314.771	299.719	502.658	496.307	498.822
01:37:00	36.656	33.66	33.966	96.977	79.721	103.426	311.65	316.048	295.111	503.397	491.213	491.65
01:37:30	35.612	35.974	33.603	96.671	82.327	102.36	311.776	320.448	297.569	503.571	495.588	491.499
01:38:00	34.578	33.968	35.272	93.483	81.899	102.274	311.701	313.161	298.614	495.7	493.058	490.893
01:38:30	35.315	33.822	33.93	96.827	80.052	102.166	313.32	312.765	296.942	506.638	491.46	496.206
01:39:00	35.11	34.317	34.864	96.105	82.08	103.344	312.449	317.824	296.166	498.563	488.837	490.833
01:39:30	35.67	34.687	33.416	94.692	80.077	99.843	312.635	316.533	295.846	501.279	488.622	494.724
01:40:00	34.661	33.992	33.99	96.395	80.975	100.938	310.742	311.896	294.543	494.679	489.037	490.985
01:40:30	35.152	35.067	34.341	95.385	82.957	100.165	313.682	314.055	299.691	501.384	492.553	497.293
01:41:00	35.17	33.294	34.087	94.616	83.038	100.869	310.541	315.581	294.826	496.867	487.574	484.941
01:41:30	34.956	34.083	34.793	93.484	81.126	102.284	313.149	312.864	298.86	499.242	495.887	494.313
01:42:00	34.306	34.275	33.562	95.695	79.482	102.487	314.581	318.17	294.364	499.606	491.239	492.723
01:42:30	34.356	34.849	34.41	94.393	80.921	102.008	310.58	313.565	294.752	504.127	487.229	486.301
01:43:00	35.281	34.723	33.659	94.09	80.113	99.735	308.344	314.559	296.282	503.667	492.345	491.705
01:43:30	36.147	34.165	34.394	92.048	79.899	102.05	313.925	315.304	297.786	498.584	492.047	491.949
01:44:00	35.983	34.557	34.361	96.044	80.989	103.085	315.127	318.334	297.338	503.846	488.73	498.043
01:44:30	35.23	34.2	33.787	94.771	79.496	99.849	314.372	315.519	295.385	499.64	488.029	493.563
01:45:00	34.798	34.322	34.134	96.755	82.195	102.4	312.38	317.581	300.204	499.502	491.857	491.584
01:45:30	35.552	34.304	34.221	94.875	78.902	99.162	311.578	319.24	296.346	496.422	492.39	494.978
01:46:00	36.385	34.543	33.719	93.676	80.627	102.191	312.55	313.022	293.891	496.507	488.378	493.779
01:46:30	34.905	35.518	34.822	94.949	81.224	99.821	312.609	316.592	299.829	503.263	493.99	490.074
01:47:00	36.377	36.093	34.873	94.915	80.035	101.102	314.823	316.772	296.349	503.198	493.817	497.275
01:47:30	35.147	33.766	34.974	94.717	83.002	101.178	311.466	317.891	297.027	506.036	493.419	490.251
01:48:00	36.815	34.924	35.011	92.314	81.94	102.452	312.423	313.72	298.634	499.868	487.604	487.706
01:48:30	34.91	33.665	35.105	93.968	79.386	101.325	309.72	317.661	302.132	506.426	492.896	493.399
01:49:00	35.676	35.545	34.721	92.657	83.688	99.632	311.987	315.968	297.199	498.97	492.477	495.777
01:49:30	34.051	34.346	33.791	91.733	79.631	102.696	309.251	313.934	298.565	502.486	492.791	486.975
01:50:00	35.279	34.037	35.086	94.682	79.753	100.555	314.768	316.288	300.767	495.946	489.198	493.331
01:50:30	34.158	35.93	34.158	93.056	81.889	102.239	313.714	315.645	296.167	495.76	488.961	491.39
01:51:00	35.067	34.535	32.731	93.574	82.232	101.381	313.845	313.994	292.592	499.362	493.125	492.575
01:51:30	34.844	34.58	34.062	95.692	81.341	102.462	316.062	315.529	297.705	506.101	496.084	493.281
01:52:00	36.893	35.291	35.103	93.474	80.569	100.617	311.297	318.084	295.387	502.032	493.733	495.227
01:52:30	35.828	35.098	33.692	92.921	82.221	100.392	311.498	316.227	298.372	495.342	495.993	493.88
01:53:00	36.035	35.126	33.622	94.429	80.626	101.256	311.954	315.512	297.042	499.775	494.366	494.324
01:53:30	35.195	34.269	33.834	93.316	80.649	98.182	310.611	314.841	298.339	498.271	491.797	495.313
01:54:00	35.897	34.178	33.757	94.782	80.279	99.111	314.945	309.868	297.753	500.257	488.713	493.429
01:54:30	35.436	34.729	33.571	92	81.19	101.001	313.628	316.597	298.902	500.442	488.28	493.119
01:55:00	35.073	34.905	34.608	94.871	82.362	98.947	313.128	314.399	299.219	501.807	489.183	492.736
01:55:30	36.299	34.483	34.693	93.541	80.823	100.517	310.645	315.731	300.231	499.883	489.333	493.015
01:56:00	34.212	34.48	33.761	92.288	83.104	96.503	308.079	315.529	295.557	499.596	484.848	486.232
01:56:30	33.53	35.178	34.376	93.154	80.958	98.222	315.385	312.974	298.393	501.055	491.569	496.371
01:57:00	35.245	34.415	32.543	94.656	79.999	100.085	312.953	316.189	295.091	502.876	494.56	488.959
01:57:30	34.249	34.564	33.404	94.058	81.966	101.711	315.363	314.063	296.68	499.499	492.513	489.436
01:58:00	35.222	34.076	34.626	93.124	80.776	98.695	310.754	311.075	297.335	503.065	487.152	492.644
01:58:30	35.756	34.157	34.242	91.818	80.765	99.908	311.002	315.728	296.858	499.378	486.812	489.29
01:59:00	36.693	35.36	34.274	92.698	83.137	98.317	308.496	316.954	298.065	498.587	486.597	485.302
01:59:30	34.315	35.277	33.919	91.784	80.936	98.238	313.898	312.866	297.922	499.324	487.148	494.753
02:00:00	33.802	34.793	34.167	93.603	79.963	97.642	310.689	315.488	294.84	495.412	488.723	490.925