Time	25_1	25_2	25_3	50_1	50_2	50_3	100_1	100_2	100_3	150_1	150_2	150_3
00:00:00	105.742	106.967	110.831	203.639	213.847	208.784	426.062	389.393	399.306	624.368	583.451	575.459
00:00:30	101.192	105.072	108.458	195.573	203.705	202.597	417.409	378.846	389.138	609.381	557.497	564.646
00:01:00	95.992	96.604	102.799	190.175	200.345	197.056	405.533	370.648	379.533	595	547.236	557.071
00:01:30	93.039	93.737	98.246	184.989	193.397	192.106	391.743	370.969	371.789	589.556	536.309	555.41
00:02:00	89.136	94.777	97.259	185.018	191.255	190.392	385.988	363.684	371.944	577.101	537.041	547.79
00:02:30	87.033	90.555	95.588	180.085	186.039	184.65	380.649	351.962	361.173	576.358	531.768	536.331
00:03:00	85.215	87.579	91.073	176.949	186.06	181.181	376.945	353.157	360.998	582.293	526.707	539.62
00:03:30	83.454	86.024	92.479	174.092	177.264	174.188	371.624	345.837	353.007	565.264	518.967	535.62
00:04:00	83.667	81.366	87.993	169.238	174.1	177.63	369.134	344.951	347.905	563.137	524.408	530.297
00:04:30	81.596	80.538	86.676	171.16	168.543	173.552	364.436	341.269	352.332	566.155	526.496	535.427
00:05:00	79.388	80.634	86.507	164.632	169.798	172.699	362.806	346.389	349.175	562.322	521.686	533.131
00:05:30	78.427	79.862	86.385	164.026	168.835	167.176	361.349	340.446	349.105	558.98	519.503	531.224
00:06:00	76.998	78.698	83.599	163.332	166.678	166.684	361.766	343.2	349.138	565.31	516.489	533.861
00:06:30	74.926	77.652	82.183	161.254	163.834	166.233	361.494	341.59	350.204	558.544	517.246	529.958
00:07:00	74.315	76.684	81.456	158.531	159.369	161.342	360.641	338.247	347.636	557.02	522.122	529.148
00:07:30	74.163	75.761	78.401	158.74	160.892	161.205	353.38	337.574	349.209	561.029	520.977	530.781
00:08:00	73.734	74.103	77.331	154.232	157.358	158.694	356.064	338.636	342.902	557.471	521.048	526.36
00:08:30	69.724	71.947	74.06	153.864	155.666	162.351	357.792	340.741	347.534	557.301	516.825	529.555
00:09:00	68.152	70.606	72.182	153.437	155.217	159.618	349.179	333.131	342.055	559.115	517.165	526.843
00:09:30	68.993	70.408	72.012	151.749	153.81	158.695	355.466	335.028	342.208	561.843	516.863	534.853
00:10:00	67.868	68.97	68.641	153.12	153.327	161.15	356.969	334.907	349.992	564.903	520.138	528.478
00:10:30	66.196	69.829	67.698	152.783	151.508	159.17	350.988	338.74	345.586	559.554	521.452	534.203
00:11:00	66.776	69.04	66.77	150.674	151.601	158.734	357.114	334.889	342.171	561.333	516.97	529.593
00:11:30	65.865	67.397	67.091	150.449	151.081	156.816	352.893	335.519	338.922	566.102	521.866	528.588
00:12:00	65.994	67.07	65.864	150.417	149.344	153.971	358.35	330.308	341.4	560.003	520.457	529.433
00:12:30	63.695	66.764	65.255	147.363	150.063	153.096	354.42	336.202	343.904	557.884	519.897	525.955
00:13:00	64.603	67.011	64.226	146.356	152.514	151.771	353.369	336.757	344.806	563.446	516.786	526.806
00:13:30	63.048	66.192	62.634	146.127	148.219	150.255	358.317	333.558	341.043	562.441	513.536	528.404
00:14:00	62.329	66.044	62.823	147.014	148.627	153.216	353.131	338.689	344.314	558.098	519.239	532.027
00:14:30	64.244	64.657	61.655	146.553	150.987	153.357	353.86	334.047	342.587	562.201	523.057	529.292
00:15:00	61.483	64.85	62.197	150.251	153.663	150.605	355.49	334.702	344.472	561.299	521.01	533.868
00:15:30	61.26	64.213	62.02	145.913	152.105	149.072	357.866	337.349	344.232	559.158	517.39	526.547
00:16:00	60.598	63.611	61.369	145.268	149.482	149.944	353.215	333.896	340.739	561.695	524.653	532.759
00:16:30	59.751	62.726	60.79	141.871	151.341	147.557	354.366	333.265	341.04	560.717	523.394	535.09
00:17:00	58.515	61.502	62.54	141.604	152.169	151.238	352.717	331.709	338.883	562.632	522.051	529.927
00:17:30	58.289	63.399	60.533	142.766	150.596	149.367	352.306	334.156	340.802	561.473	513.57	532.105
00:18:00	58.187	62.041	60.152	141.652	150.957	146.663	356.77	331.891	340.56	561.671	516.642	527.715
00:18:30	57.088	61.477	59.136	142.314	147.687	148.087	356.185	332.85	338.669	563.066	522.814	531.242
00:19:00	57.021	59.155	61.805	141.793	152.86	147.846	355.653	335.391	342.449	564.688	523.112	536.678
00:19:30	55.809	61.945	60.058	139.196	150.292	149.932	354.414	337.369	339.915	559.645	523.51	532.285
00:20:00	57.205	61.597	58.005	140.892	147.625	144.131	348.792	331.159	341.401	557.808	517.696	527.604
00:20:30	55.356	59.909	58.93	139.354	145.543	147.142	352.874	333.607	339.966	563.241	515.665	531.308
00:21:00	55.697	60.234	58.019	141.12	145.981	147.832	358.112	334.379	342.63	565.588	525.309	536.927
00:21:30	56.428	59.829	58.483	140.139	147.141	146.111	355.318	334.315	344.005	566.184	522.506	537.292
00:22:00	55.583	58.603	56.752	140.526	144.702	143.321	350.992	332.573	341.414	561.954	522.815	533.928
00:22:30	54.434	59.596	58.344	139.859	144.053	145.503	356.223	332.43	341.564	562.695	525.362	534.542
00:23:00	55.014	58.412	57.237	140.537	143.062	142.032	356.649	333.971	342.726	561.184	529.022	535.042
00:23:30	53.635	57.713	56.069	139.469	140.113	145.164	355.43	334.62	339.766	569.715	521.199	539.626
00:24:00	53.335	59.342	57.229	139.22	139.202	142.585	361.043	335.891	342.562	567.977	528.307	537.781
00:24:30	53.171	57.366	56.561	139.677	140.583	145.656	360.145	334.54	342.951	566.227	527.276	539.564
00:25:00	54.746	60.547	58.208	137.748	139.057	143.995	358.292	335.408	346.066	566.301	524.657	539.421
00:25:30	53.237	55.731	56.595	138.605	139.996	140.388	352.343	331.018	344.259	567.504	526.67	534.973
00:26:00	55.671	57.356	56.849	137.197	139.26	139.996	357.933	336.383	345.626	562.63	525.381	537.354
00:26:30	52.519	55.879	56.68	137.409	139.1	143.178	354.09	338.823	342.331	565.7	528.979	538.899
00:27:00	52.477	55.486	56.413	138.589	136.906	142.348	354.66	336.26	343.943	563.938	522.15	543.515
00:27:30	52.848	55.778	55.711	134.312	138.948	139.59	357.697	333.496	345.502	568.359	528.232	535.194
00:28:00	49.995	55.323	54.552	136.917	140.2	137.713	359.912	340.771	345.339	568.77	525.927	538.444
00:28:30	50.081	55.446	54.743	132.6	136.961	142.143	354.42	335.913	346.535	569.946	525.483	540.019
00:29:00	49.231	57.374	55.178	132.238	137.758	139.554	357.678	336.197	344.256	567.43	527.559	533.259
00:29:30	49.749	54.791	53.535	134.854	137.208	138.73	359.061	336.329	345.51	567.179	527.925	534.821
00:30:00	49.602	53.284	54.477	132.499	139.299	139.896	357.557	336.777	343.695	567.063	527.943	542.76
00:30:30	48.853	54.357	55.819	133.361	138.421	139.638	362.553	337.949	346.144	563.453	527.743	537.195
00:31:00	48.811	53.347	53.691	132.723	135.865	140.885	360.032	335.996	341.221	572.831	527.913	538.146
00:31:30	48.005	54.014	54.593	133.014	139.754	138.054	356.789	338.017	344.127	561.534	518.868	532.232
00:32:00	48.977	53.243	53.592	137.499	138.133	139.84	359.895	338.046	343.609	571.792	533.261	540.484
00:32:30	46.703	52.926	53.956	135.167	136.073	139.934	356.306	333.346	341.015	572.553	529.841	537.452
00:33:00	46.637	54.223	52.745	129.968	138.139	137.635	358.474	335.987	346.588	564.146	528.037	536.906
00:33:30	47.678	53.563	52.744	131.414	138.214	139.324	360.225	339.604	344.29	566.896	531.473	541.501
00:34:00	46.635	53.657	52.29	133.104	134.828	140.928	356.73	336.959	345.693	571.745	527.645	539.496
00:34:30	47.819	52.472	53.422	133.574	134.484	138.001	359.719	334.159	343.674	572.691	533.394	537.999
00:35:00	47.103	52.721	52.602	133.525	136.753	136.441	360.447	339.445	345.108	569.999	532.46	540.3
00:35:30	46.286	52.892	54.412	133.793	138.929	137.484	357.553	342.162	350.175	573.978	529.363	543.473
00:36:00	45.804	52.321	53.082	131.492	137.754	134.344	357.172	335.416	346.058	570.674	531.956	541.017
00:36:30	45.935	52.38	52.635	133.655	135.69	138.127	361.637	340.782	345.051	572.511	531.161	537.436
00:37:00	46.054	52.092	53.153	133.255	138.532	138.016	363.902	343.459	345.196	575.535	528.523	542.716
00:37:30	45.492	50.373	52.146	129.875	137.833	140.142	356.167	339.527	347.457	568.447	536.471	542.372
00:38:00	45.551	52.354	53.434	131.379	138.049	139.104	360.773	343.161	348.823	571.3	531.202	542.936
00:38:30	44.814	51.805	52.66	131.697	136.359	137.426	362.866	338.644	349.109	569.247	533.728	541.826
00:39:00	46.785	51.399	52.337	133.349	139.025	135.722	360.65	336.932	346.563	573.829	531.437	541.53
00:39:30	46.885	53.701	52.747	131.47	139.684	138.629	358.47	342.771	346.372	571.667	530.04	544.122
00:40:00	46.801	50.524	51.633	130.632	137.204	137.587	359.313	338.03	345.75	574.435	531.162	548.934
00:40:30	46.638	51.081	53.87	130.438	135.95	134.849	359.549	339.069	351.401	569.495	532.844	544.02
00:41:00	46.192	49.933	52.249	131.527	134.946	137.82	362.668	345.663	348.717	579.039	535.367	546.467
00:41:30	46.729	49.944	51.434	132.893	137.128	136.159	357.322	342.669	349.78	572.016	531.601	548.604
00:42:00	45.69	50.727	51.678	132.257	134.856	138.121	359.143	342.692	347.239	573.95	531.342	544.847
00:42:30	44.419	49.295	51.435	132.196	138.803	136.499	366.182	339.496	347.61	574.213	532.766	550.757
00:43:00	45.536	51.123	51.114	129.745	136.4	137.939	363.106	344.746	349.119	574.716	536.341	547.028
00:43:30	43.964	50.221	52.264	132.277	134.899	137.146	365.338	339.595	349.793	576.87	536.358	555.785
00:44:00	45.685	48.718	50.593	132.021	136.506	134.419	367.553	336.329	349.663	577.919	539.907	544.038
00:44:30	44.089	48.928	50.026	130.718	137.423	138.338	359.669	344.646	347.17	575.937	539.816	545.884
00:45:00	46.152	49.566	51.738	133.06	134.71	136.345	364.399	343.447	350.89	577.294	534.17	551.606
00:45:30	44.879	49.98	50.717	133.63	133.648	136.314	367.013	343.436	354.971	579.165	534.108	546.966
00:46:00	44.087	47.853	50.19	132.084	136.64	136.441	360.701	343.451	347.357	580.563	530.753	541.938
00:46:30	46.496	49.608	50.53	131.689	135.108	135.658	366.158	344.535	353.572	576.204	543.373	547.852
00:47:00	45.356	48.603	51.922	130.117	135.311	136.883	362.894	345.7	351.565	576.906	538.714	547.101
00:47:30	45.898	49.092	50.773	131.302	135.383	137.721	366.077	337.829	350.405	573.552	536.845	551.699
00:48:00	45.104	49.385	52.797	128.703	137.153	133.921	364.996	343.746	350.707	573.776	540.737	547.863
00:48:30	44.868	47.954	51.443	130.178	133.621	134.822	361.953	347.047	351.399	576.482	534.692	550.152
00:49:00	44.304	48.495	51.699	131.068	133.276	134.509	365.703	346.152	355.52	579.885	540.305	548.783
00:49:30	43.62	48.146	52.419	128.446	135.627	134.179	371.276	342.691	352.382	578.738	541.979	546.796
00:50:00	43.153	47.629	51.265	129.411	133.95	134.052	364.743	349.036	353.724	576.779	540.323	549.337
00:50:30	45.114	49.673	51.231	127.133	133.839	134.869	367.99	350.433	351.683	581.88	542.698	549.958
00:51:00	44.764	49.088	52.248	130.898	137.142	135.262	369.371	344.124	355.788	577.861	539.197	552.278
00:51:30	43.277	49.161	50.912	127.762	136.259	134.121	366.107	350.383	355.451	580.872	539.051	554.231
00:52:00	44.78	49.508	51.638	128.022	135.056	133.587	370.922	347.718	354.458	582.508	536.465	551.397
00:52:30	44.342	49.623	51.058	129.917	133.174	135.785	373.195	345.239	357.8	582.756	535.957	550.363
00:53:00	44.689	48.843	51.826	129.508	135.622	134.828	372.216	351.87	356.624	580.071	542.959	552.272
00:53:30	44.994	48.931	49.767	128.357	134.614	133.707	367.597	345.768	351.36	576.197	540.313	545.634
00:54:00	44.172	47.194	50.477	129.75	137.239	135.311	373.233	346.582	353.607	584.527	546.541	546.832
00:54:30	44	47.709	51.394	128.041	133.186	138.252	376.827	347.712	356.999	593.329	543.437	560.265
00:55:00	43.466	49.355	50.946	130.918	133.834	137.066	369.864	347.461	357.772	576.676	543.139	550.637
00:55:30	44.336	48.345	51.17	128.85	129.665	136.943	366.875	347.655	360.042	583.456	541.7	553.996
00:56:00	44.076	46.906	50.99	128.221	131.86	134.363	370.292	347.139	355.926	579.32	542.108	559.439
00:56:30	44.701	47.716	49.868	128.927	136.799	135.5	372.523	351.955	356.338	582.921	539.964	553.417
00:57:00	44.725	48.719	51.476	131.514	129.832	135.704	376.985	353.417	360.095	592.766	546.572	563.404
00:57:30	43.265	49.485	50.507	129.891	134.872	137.803	378.775	350.145	360.451	592.608	548.286	557.352
00:58:00	44.669	48.791	51.273	130.687	136.795	134.707	369.641	349.47	358.994	583.414	542.243	559.073
00:58:30	43.861	48.645	50.424	129.854	129.468	135.205	369.276	349.64	358.926	591.744	541.546	549.86
00:59:00	45.093	48.252	50.266	128.98	134.17	132.628	369.955	350.632	361.026	586.914	547.358	552.927
00:59:30	43.695	48.807	50.865	127.698	132.662	133.223	373.853	352.692	357.139	585.485	546.736	552.694
01:00:00	43.936	48.806	51.587	129.072	132.358	133.06	370.486	345.677	356.293	583.14	554.344	555.023
01:00:30	44.198	48.589	50.749	129.408	131.457	132.174	374.074	352.587	360.074	590.483	547.113	560.021
01:01:00	44.634	47.99	50.172	127.779	134.668	132.536	373.302	352.041	358.608	591.123	544.513	555.313
01:01:30	43.432	46.246	49.257	129.712	133.779	129.548	370.926	350.085	360.141	587.824	550.327	559.286
01:02:00	44.289	48.954	49.122	128.181	135.907	134.202	372.608	349.55	354.769	587.332	546.354	555.359
01:02:30	44.97	47.605	50.658	127.694	134.939	132.354	377.737	351.243	359.887	587.35	549.305	554.845
01:03:00	44.343	47.253	51.211	130.484	134.793	136.731	376.003	354.358	358.626	592.463	548.399	558.742
01:03:30	43.864	49.312	50.046	126.506	133.084	132.273	373.77	353.886	361.236	591.194	547.401	554.344
01:04:00	42.767	48.074	48.639	129.38	136.293	132.249	377.331	357.433	360.601	591.989	555.735	560.339
01:04:30	43.225	47.159	48.585	126.678	133.026	131.43	375.397	355.294	361.619	586.192	543.918	560.108
01:05:00	43.3	47.636	49.165	127.157	136.673	133.063	373.313	353.177	361.057	591.086	547.528	560.005
01:05:30	43.831	46.634	48.754	127.603	131.031	130.946	373.137	358.258	359.795	588.756	548.483	555.371
01:06:00	43.497	48.721	49.245	127.381	135.042	132.961	375.668	355.514	361.903	594.719	556.63	563.433
01:06:30	43.395	48.085	48.653	125.54	133.885	131.687	374.752	344.904	356.44	586.006	546.351	555.198
01:07:00	44.682	46.962	47.611	127.561	133.499	131.314	370.773	354.355	360.079	588.873	545.176	558.608
01:07:30	43.96	46.844	50.058	126.455	135.574	133.175	373.98	352.996	363.469	591.821	550.249	552.948
01:08:00	43.152	46.919	49.386	127.368	131.503	131.632	373.225	357.337	363.03	591.191	543.176	560.92
01:08:30	43.483	47.545	49.064	127.247	133.526	132.485	374.149	355.007	364.432	592.107	552.72	558.033
01:09:00	44.292	47.615	48.973	127.207	131.802	131.531	373.225	354.645	358.906	594.056	551.714	557.001
01:09:30	43.572	47.917	48.268	130.672	134.996	132.733	383.52	350.467	362.667	597.672	558.783	563.157
01:10:00	43.193	48.488	51.038	126.55	131.786	131.166	380.106	357.797	363.716	596.74	550.069	557.838
01:10:30	43.609	47.485	49.689	128.254	133.022	134.995	380.992	358.484	363.526	583.961	545.836	561.462
01:11:00	43.8	47.242	50.35	127.522	129.886	132.088	370.277	355.523	363.848	593.91	548.558	558.474
01:11:30	44.259	47.374	49.398	125.109	132.892	129.533	374.001	354.582	365.304	589.362	554.121	562.914
01:12:00	43.761	48.647	49.945	124.544	131.314	130.053	377.457	352.064	358.222	595.741	548.584	565.745
01:12:30	42.933	46.699	49.689	127.957	133.114	129.887	379.759	352.83	362.595	593.506	550.792	564.486
01:13:00	43.398	46.953	49.061	126.494	133.657	131.944	375.734	355.09	362.267	593.45	549.617	570.081
01:13:30	44.716	48.604	50.1	125.498	134.102	131.5	380.463	353.012	363.944	592.936	554.108	564.542
01:14:00	44.03	46.209	49.823	128.596	133.749	134.56	380.195	354.255	365.389	603.62	552.597	562.775
01:14:30	43.799	47.24	50.669	126.219	131.67	131.42	380.118	357.302	365.747	592.843	559.532	569.646
01:15:00	43.537	46.502	50.318	129.15	132.838	130.574	380.174	353.227	363.325	589.157	553.536	559.156
01:15:30	44.479	46.559	50.802	127.973	130.635	129.871	376.52	355.326	363.693	601.92	556.589	562.146
01:16:00	44.689	47.902	50.483	126.648	132.217	132.789	379.879	361.221	368.944	599.991	554.806	566.592
01:16:30	43.507	46.898	51.389	127.823	128.551	132.92	383.338	359.753	371.688	596.666	558.471	566.957
01:17:00	45.319	47.359	50.869	128.617	132.471	131.763	382.911	360.909	363.81	595.638	556.883	569.877
01:17:30	43.249	47.667	48.529	128.319	132.686	133.023	379.355	365.261	373.703	599.049	558.939	571.796
01:18:00	44.239	47.085	51.398	127.193	130.676	129.558	381.618	362.771	368.677	599.45	555.589	567.113
01:18:30	43.264	46.017	50.524	126.743	128.688	130.177	382.191	358.073	364.985	594.08	550.731	565.513
01:19:00	44.122	47.596	50.817	127.778	132.441	129.231	383.894	358.078	363.962	605.596	557.838	563.65
01:19:30	43.158	47.08	49.073	128.892	126.341	130.77	383.361	361.527	362.026	598.736	552.824	564.907
01:20:00	44.032	47.711	50.329	124.411	128.124	130.76	383.284	357.527	372.514	598.736	559.705	570.392
01:20:30	43.779	46.466	50.575	127.152	129.734	133.98	379.411	362.321	373.606	602.401	559.169	561.55
01:21:00	43.732	46.374	49.624	126.999	129.37	129.787	382.671	360.956	366.371	597.83	556.833	569.125
01:21:30	43.635	49.058	51.131	126.361	126.94	131.734	386.642	361.193	367.037	600.884	555.203	572.122
01:22:00	43.281	47.586	49.362	127.689	130.552	130.879	381.493	356.435	369.945	602.482	560.909	567.584
01:22:30	43.513	46.932	49.66	125.561	131.785	132.8	381.636	361.828	370.308	598.19	556.116	567.861
01:23:00	43.695	48.207	47.98	125.413	129.586	131.113	384.56	362.885	370.765	604.358	562.466	576.692
01:23:30	45.977	48.878	49.349	126.001	127.073	132.45	382.424	359.003	368.875	605.443	559.876	566.607
01:24:00	42.912	48.875	48.374	125.667	128.736	131.416	382.145	361.782	366.806	604.013	554.975	569.006
01:24:30	44.224	47.296	51.261	125.375	127.457	129.647	383.986	361.901	367.727	603.194	561.309	569.236
01:25:00	43.821	48.463	49.466	126.099	131.696	133.249	386.659	361.129	364.743	603.008	560.557	563.066
01:25:30	43.82	45.829	49.002	127.579	126.822	132.063	385.311	366.072	370.386	598.298	561.023	570.166
01:26:00	42.622	49.142	49.011	126.224	129.209	130.219	386.89	361.35	372.121	603.746	563.865	572.462
01:26:30	42.347	47.405	49.519	127.159	130.521	132.204	386.042	363.993	370.643	603.327	562.072	573.15
01:27:00	43.508	47.68	49.829	124.05	127.208	128.764	383.031	362.314	366.55	598.344	555.635	568.653
01:27:30	44.431	47.006	48.996	122.895	126.02	130.849	386.675	361.073	370.312	598.867	559.612	569.163
01:28:00	44.094	45.967	50.575	126.554	128.186	132.054	382.738	363.258	368.579	597.908	561.063	570.721
01:28:30	44.668	47.839	48.261	126.465	128.707	133.621	388.039	365.186	373.472	600.393	565.851	577.168
01:29:00	43.971	46.358	49.672	124.678	126.892	131.553	387.912	364.617	373.855	607.915	564.164	580.125
01:29:30	44.236	46.79	51.085	123.366	127.091	130.351	387.483	362.211	368.988	603.904	563.943	573.58
01:30:00	43.014	47.669	49.526	125.308	129.575	129.259	390.121	365.489	368.317	610.37	565.33	569.15
01:30:30	44.698	46.478	48.855	126.222	129.346	128.809	384.914	362.361	372.407	607.995	566.076	574.677
01:31:00	43.514	47.215	50.846	123.926	128.86	131.152	385.618	364.92	374.791	606.487	560.208	572.318
01:31:30	42.72	45.607	49.77	124.599	127.999	130.273	387.512	363.381	373.787	604.305	564.95	568.141
01:32:00	42.581	48.199	47.847	123.262	127.569	128.836	386.222	366.741	375.364	607.964	562.59	577.221
01:32:30	43.132	45.559	49.501	122.334	127.807	129.919	384.017	362.625	371.686	603.574	558.746	572.781
01:33:00	43.921	46.134	48.733	124.169	130.096	129.887	391.979	368.007	377.5	611.625	568.892	577.974
01:33:30	43.298	44.96	49.781	125.829	127.309	130.337	385.019	364.735	371.383	597.733	562.776	571.326
01:34:00	42.768	46.62	50.188	124.246	127.49	129.859	387.313	372.145	374.976	602.148	568.981	573.116
01:34:30	44.153	48.199	49.76	124.428	129.054	130.208	390.259	368.942	370.881	607.7	570.422	578.847
01:35:00	45.074	46.785	49.172	123.766	126.289	130.219	389.649	370	369.387	611.711	563.006	576.708
01:35:30	42.956	46.195	50.086	125.968	127.581	129.358	390.523	368.51	376.159	609.063	569.392	579.725
01:36:00	43.709	47.66	49.529	124.512	128.827	129.478	382.97	364.372	373.429	602.113	560.241	570.543
01:36:30	43.252	47.66	49.94	123.403	131.758	129.352	391.334	371.152	375.542	610.872	570.073	578.824
01:37:00	44.073	48.397	48.643	124.676	129.383	127.925	386.546	368.16	373.469	604.803	564.84	576.501
01:37:30	43.546	47.405	49.746	124.514	130.335	129.05	395.129	365.543	380.326	605.097	567.63	574.695
01:38:00	44.037	46.419	50.503	125.696	125.632	127.859	386.164	364.264	378.953	611.417	572.38	577.53
01:38:30	43.14	47.653	50.216	125.613	124.447	129.291	393.7	363.877	380.567	608.599	571.867	574.68
01:39:00	43.667	47.315	48.853	123.742	127.354	128.97	390.832	371.403	372.673	614.835	569.733	577.028
01:39:30	41.859	45.819	48.092	126.708	128.959	131.355	391.712	370.439	377.595	613.814	570.075	579.279
01:40:00	42.806	46.694	49.309	123.89	127.381	129.36	390.42	372.653	375.934	609.015	571.457	573.332
01:40:30	42.641	46.553	49.569	124.965	128.318	129.633	394.09	369.145	375.388	615.547	569.862	576.232
01:41:00	44.419	47.26	48.48	124.143	128.77	130.64	390.17	372.16	376.896	610.133	574.14	574.972
01:41:30	44.083	46.699	48.792	126.123	126.234	129.345	397.027	377.261	381.424	615.435	564.899	579.296
01:42:00	42.781	47.255	49.015	124.504	125.669	128.07	389.323	368.102	376.443	609.604	571.913	579.877
01:42:30	42.018	46.24	50.6	123.608	127.606	128.93	392.468	368.421	376.741	613.922	574.588	580.29
01:43:00	44.126	45.866	49.522	123.448	125.156	129.865	388.401	369.802	376.422	611.509	567.952	572.878
01:43:30	43.719	47.955	48.997	123.095	127.334	128.447	390.646	365.801	377.737	613.507	569.593	578.35
01:44:00	43.09	48.129	50.004	127.084	126.906	128.368	391.403	373.155	380.879	617.538	572.24	583.263
01:44:30	43.192	45.964	50.123	123.947	125.405	129.686	393.295	366.98	377.755	619.868	574.418	581.563
01:45:00	43.433	47.537	48.591	124.652	128.805	127.79	390.111	371.066	375.984	609.103	565.562	580.256
01:45:30	43.847	48.993	49.388	124.677	129.173	128.225	399.598	370.238	376.011	614.746	571.355	580.512
01:46:00	42.677	47.113	49.472	123.98	126.355	126.918	393.139	372.139	380.717	616.661	573.693	580.767
01:46:30	44.901	47.739	48.519	121.938	127.402	125.417	392.789	373.394	380.328	618.228	572.609	578.917
01:47:00	43.828	48.9	49.85	123.238	128.603	128.431	395.485	368.839	378.325	608.925	566.727	574.733
01:47:30	42.775	46.547	47.805	122.715	124.928	127.878	388.964	371.574	374.374	608.068	568.279	581.206
01:48:00	43.151	46.928	49.74	124.485	128.743	127.811	392.768	371.236	381.157	614.254	571.977	577.555
01:48:30	41.668	46.431	48.318	124.33	128.127	130.349	395.506	373.225	381.152	612.91	577.499	577.278
01:49:00	43.677	47.443	50.415	125.438	126.956	130.772	395.31	374.335	381.02	612.942	576.765	582.467
01:49:30	43.663	46.943	50.289	123.03	127.913	128.385	396.07	373.523	381.084	615.934	577.506	583.756
01:50:00	43.537	47.078	47.599	122.199	126.851	130.686	395.53	371.037	382.689	616.429	574.682	583.775
01:50:30	44.555	47.959	48.633	126.032	123.328	127.962	394.113	376.709	378.083	614.471	572.439	582.794
01:51:00	44.797	47.798	50.504	126.374	125.495	126.799	391.662	372.025	380.817	616.08	576.327	574.955
01:51:30	44.153	47.349	50.182	123.7	126.773	129.268	393.021	370.08	380.506	616.396	576.206	583.056
01:52:00	43.962	47.01	50.461	122.966	126.046	129.6	401.467	373.264	380.231	618.552	577.852	589.617
01:52:30	43.193	48.623	51.123	123.804	125.951	130.653	394.176	374.512	384.789	620.474	577	588.48
01:53:00	42.066	48.37	51.181	124.003	126.695	130.025	394.671	378.377	384.161	626.075	568.623	587.063
01:53:30	42.652	48.4	50.811	123.009	123.045	128.4	399.262	375.788	381.838	620.001	576.625	589.025
01:54:00	44.884	46.481	50.808	123.204	125.45	128.072	398.669	374.293	386.755	614.856	573.4	577.09
01:54:30	44.141	49.355	49.918	123.575	125.415	127.801	398.256	373.988	383.946	622.071	575.841	585.102
01:55:00	43.326	48.537	52.315	124.378	123.057	128.969	399.542	375.374	383.884	615.862	578.99	585.285
01:55:30	43.937	46.328	49.846	123.556	125.486	129.051	402.255	377.798	382.392	626.26	582.909	595.624
01:56:00	45.368	48.127	51.326	125.912	124.521	127.828	399.534	377.193	385.877	619.974	578.076	588.868
01:56:30	44.853	47.235	49.8	124.638	127.147	127.685	397.307	376.179	384.64	619.061	576.795	585.169
01:57:00	43.791	46.876	50.358	123.692	122.633	130.076	392.261	375.732	379.54	617.714	566.952	584.756
01:57:30	44.085	47.71	52.147	124.954	125.4	132.144	402.056	378.318	384.235	624.988	581.796	587.21
01:58:00	44.32	46.755	50.273	123.517	122.825	129.84	396.118	378.398	384.282	618.926	575.139	582.577
01:58:30	44.558	49.043	49.758	124.817	125.255	131.602	400.35	378.73	387.933	624.671	570.617	583.646
01:59:00	42.643	47.274	50.053	123.195	125.749	128.474	402.078	375.948	383.055	620.644	587.181	588.804
01:59:30	44.774	47.649	51.432	124.549	125.169	129.407	399.788	378.574	385.335	616.394	575.502	590.227
02:00:00	43.599	48.417	51.039	125.318	126.048	128.907	398.135	375.531	384.27	616.279	579.434	583.734