Time	25_1	25_2	25_3	50_1	50_2	50_3	100_1	100_2	100_3	150_1	150_2	150_3
00:00:00	98.904	107.808	109.513	198.338	212.564	202.58	383.362	395.631	408.411	594.099	599.233	587.24
00:00:30	97.071	102.284	108.506	190.85	205.262	198.634	375.497	382.697	395.042	575.381	592.303	571.747
00:01:00	93.633	102.376	107.951	189.019	199.77	190.53	364.203	371.968	387.768	560.913	577.472	560.73
00:01:30	88.798	99.051	103.457	185.676	188.255	184.594	353.959	355.578	378.285	551.633	564.233	555.288
00:02:00	86.718	95.079	100.76	177.048	192.162	180.617	351.616	346.472	370.766	545.928	566.326	548.378
00:02:30	81.801	93.548	97.054	175.396	184.581	177.133	345.831	345.732	367.186	545.191	565.28	551.607
00:03:00	79.979	87.935	92.961	173.345	178.101	178.122	338.412	344.362	363.43	547.001	562.709	547.322
00:03:30	76.195	85.873	91.605	170.816	171.983	168.909	337.42	333.337	355.713	533.671	556.022	537.266
00:04:00	75.318	80.982	87.04	167.572	171.517	166.786	332.677	331.12	356.92	531.335	554.621	537.836
00:04:30	72.682	80.897	85.236	162.321	167.828	168.889	329.615	327.641	348.631	528.647	552.565	530.192
00:05:00	73.255	78.774	81.31	159.104	166.266	166.472	330.94	328.638	346.58	530.006	550.098	530.886
00:05:30	69.224	75.708	80.364	159.696	164.657	159.575	328.077	327.097	346.191	532.06	546.945	532.041
00:06:00	68.331	76.438	78.002	156.129	161.915	155.934	328.531	324.361	341.513	525.344	551.844	530.924
00:06:30	68.206	75.237	77.809	154.413	156.256	152.396	320.989	322.639	344.211	524.801	544.971	528.659
00:07:00	69.057	73.178	76.314	153.335	157.179	150.103	326.139	318.701	347.81	520.24	544.379	529.506
00:07:30	66.055	71.986	76.21	151.222	155.332	149.347	324.18	318.078	343.195	520.039	549.302	534.269
00:08:00	66.699	70.624	75.012	144.671	153.147	146.414	321.925	319.595	340.248	524.358	549.25	526.719
00:08:30	63.615	70.341	73.901	140.984	150.132	142.836	319.803	317.915	337.79	517.797	541.18	523.793
00:09:00	62.553	68.43	71.586	142.972	150.474	142.259	322.302	317.893	338.108	523.097	545.565	529.066
00:09:30	61.348	67.592	70.606	141.5	145.076	140.634	319.255	318.253	335.245	520.353	544.236	526.989
00:10:00	61.007	67.987	69.861	137.2	144.876	137.833	321.067	316.499	337.489	517.527	541.647	524.111
00:10:30	62.041	65.665	67.583	138.903	144.294	134.615	320.436	315.8	342.894	524.853	537.657	524.8
00:11:00	59.696	67.079	66.699	132.072	142.097	131.088	317.814	311.415	341.903	523.256	538.619	522.3
00:11:30	58.092	65.987	67.747	135.048	140.921	130.339	314.834	315.777	334.163	518.051	540.681	527.482
00:12:00	57.052	64.394	67.249	134.489	140.664	128.748	318.033	313.829	333.455	520.252	540.761	524.825
00:12:30	56.696	62.613	66.141	129.957	138.763	126.201	314.864	312.601	335.969	517.675	535.523	515.565
00:13:00	57.639	62.455	65.377	135.313	135.117	126.804	313.153	310.57	337.086	519.094	544.441	524.457
00:13:30	55.445	60.715	66.369	131.953	133.453	126.717	314.919	308.537	332.681	514.922	540.012	518.333
00:14:00	55.724	62.65	63.513	129.308	133.079	126.195	314.327	312.567	334.307	516.556	536.893	521.719
00:14:30	55.625	61.215	62.681	129.682	129.986	125.06	310.69	307.917	337.129	513.821	540.319	522.235
00:15:00	54.499	60.473	64.407	130.571	130.517	124.655	314.938	307.738	335.949	515.701	536.122	522.321
00:15:30	53.551	59.385	61.034	130.433	128.197	122.877	312.758	311.581	330.656	514.716	540.156	520.992
00:16:00	53.591	59.336	61.555	128.757	128.64	120.143	310.939	307.161	334.004	515.572	539.567	523.247
00:16:30	52.809	58.371	60.957	128.834	127.748	118.509	308.496	307.552	325.887	513.088	530.912	519.77
00:17:00	53.047	59.195	63.105	128.664	124.751	120.315	312.743	310.462	329.705	514.53	536.373	521.722
00:17:30	52.798	59.598	60.997	129.307	125.68	120.78	312.17	310.648	330.748	511.869	534.439	522.321
00:18:00	50.652	59.161	60.664	130.135	124.265	118.7	313.714	306.739	331.323	516.156	538.676	526.946
00:18:30	51.018	57.765	60.967	127.368	121.339	117.271	311.871	310.539	336.244	515.73	538.133	521.302
00:19:00	50.086	56.699	59.946	127.096	119.558	117.319	312.922	306.787	331.959	515.968	540.87	517.715
00:19:30	51.164	56.562	57.784	129.966	122.007	118.182	309.606	306.33	334.813	519.924	537.3	518.845
00:20:00	51.561	56.933	58.021	126.77	121.124	116.096	308.732	309.565	331.327	517.421	538.968	515.927
00:20:30	51.764	55.852	57.301	127.676	118.657	117.584	310.427	308.122	331.887	517.693	541.762	516.737
00:21:00	49.447	55.762	58.035	126.85	119.904	117.886	312.425	305.911	331.627	514.56	535.104	521.195
00:21:30	48.316	55.588	57.811	125.791	118.58	115.385	310.719	306.738	327.77	515.996	539.332	526.259
00:22:00	47.905	52.791	56.386	127.275	120.224	114.691	307.376	306.105	331.463	518.406	538.349	521.294
00:22:30	48.783	53.506	56.779	125.407	115.171	114.817	310.823	307.808	331.99	521.485	538.862	519.537
00:23:00	48.807	52.006	57.452	126.751	119.797	114.295	307.639	308.295	329.154	518.769	537.373	514.907
00:23:30	46.856	52.777	57.134	126.682	117.121	115.077	309.561	306.797	329.48	518.2	535.64	519.953
00:24:00	47.335	53.326	56.807	128.573	119.766	114.814	315.577	308.317	330.899	524.684	540.529	526.584
00:24:30	46.946	53.522	56.326	123.579	117.278	113.379	306.835	309.754	329.787	517.663	533.947	518.112
00:25:00	46.797	51.564	55.749	126.826	118.512	112.692	306.716	304.266	330.72	511.815	531.728	525
00:25:30	43.66	51.182	53.405	125.821	115.856	112.212	307.004	308.141	327.939	519.021	542.121	523.83
00:26:00	44.51	51.398	54.041	127.459	115.947	112.472	304.431	307.64	326.149	522.386	531.981	516.263
00:26:30	45.127	50.837	54.381	124.037	114.513	113.2	308.959	308.479	327.444	520.051	544.557	522.16
00:27:00	45.008	50.593	52.645	124.268	115.822	110.992	305.669	302.707	326.255	511.886	536.877	514.563
00:27:30	45.849	48.291	53.782	125.077	117.366	113.98	308.912	306.573	324.449	513.065	531.95	520.279
00:28:00	44.418	49.651	52.904	124.688	115.419	115.022	307.737	305.755	329.821	518.859	540.939	516.485
00:28:30	43.664	48.82	53.404	126.223	114.438	112.45	304.725	304.169	324.45	513.691	531.291	523.359
00:29:00	43.637	47.061	52.506	125.716	115.601	113.557	306.554	307.25	328.297	517.484	535.086	522.572
00:29:30	43.087	47.409	51.537	122.618	112.957	112.154	306.635	307.194	330.556	517.992	537.253	520.975
00:30:00	44.214	45.795	50.688	121.088	115.434	110.535	306.824	304.429	329.899	509.006	533.78	517.9
00:30:30	41.92	46.757	51.494	123.756	113.694	112.502	305.42	308.161	323.632	519.311	536.692	513.04
00:31:00	43.533	46.79	51.394	122.244	115.828	111.106	305.236	309.721	327.626	519.301	537.45	518.877
00:31:30	41.803	46.968	51.564	119.456	115.614	112.354	304.725	302.466	327.183	513.404	537.054	513.853
00:32:00	42.343	46.352	51.606	123.173	113.926	111.187	305.572	306.833	323.394	512.561	533.803	513.62
00:32:30	42.801	46.329	50.522	122.22	112.363	110.004	307.13	304.518	328.668	519.179	535.899	519.895
00:33:00	42.838	45.901	49.665	122.419	112.741	111.45	305.036	304.57	325.396	513.679	527.843	518.672
00:33:30	41.024	45.046	49.677	120.631	111.339	110.329	303.992	306.099	325.055	511.115	538.682	512.599
00:34:00	40.919	44.681	48.467	120.081	110.658	110.292	300.225	305.907	319.991	509.92	534.68	518.342
00:34:30	40.925	44.69	52.157	118.188	112.089	110.038	308.381	303.016	327.593	514.354	538.113	515.165
00:35:00	41.114	43.108	50.318	118.015	113.386	110.72	303.477	308.956	325.6	516.57	534.459	524.75
00:35:30	40.148	43.216	49.454	118.202	114.311	108.302	306.382	305.75	326.921	515.433	533.542	517.736
00:36:00	40.632	44.938	49.576	117.472	109.579	110.432	303.879	303.257	325.122	513.002	536.003	515.337
00:36:30	40.963	43.312	49.102	116.485	112.209	110.803	306.612	300.561	328.227	517.859	536.822	516.011
00:37:00	39.992	42.771	48.17	115.203	111.128	109.039	305.494	302.554	324.592	513.507	535.842	514.084
00:37:30	40.415	42.894	48.75	116.789	112.531	108.299	305.74	301.937	325.411	514.907	533.731	520.332
00:38:00	42.013	44.267	48.642	114.071	112.415	109.407	302.264	304.664	326.532	515.6	539.172	514.938
00:38:30	40.965	43.333	49.728	116.029	113.855	108.224	306.943	304.574	326.746	515.966	538.032	518.227
00:39:00	40.648	43.113	48.063	115.101	109.311	108.728	304.467	308.178	327.941	518.374	534.853	521.172
00:39:30	39.906	43.205	47.961	114.98	112.762	107.97	307.628	303.959	326.17	512.262	536.154	513.241
00:40:00	39.36	40.571	47.395	114.731	110.585	107.585	304.484	305.127	327.434	511.448	536.259	517.666
00:40:30	40.071	42.672	47.235	114.646	112.07	108.313	303.269	300.94	322.311	512.756	533.054	514.292
00:41:00	38.492	41.822	47.084	115.139	111.954	109.359	300.427	300.601	326.052	513.058	533.981	515.754
00:41:30	38.12	41.262	47.431	111.116	109.898	109.096	302.636	301.793	323.436	513.686	529.344	518.49
00:42:00	37.265	40.877	47.827	111.435	110.701	107.15	301.988	301.421	321.861	515.996	536.393	510.592
00:42:30	38.125	43.731	46.132	114.929	109.308	109.042	298.8	303.886	326.659	515.68	542.239	514.938
00:43:00	38.001	41.808	47.837	112.648	111.142	107.799	301.853	301.994	320.594	510.145	533.408	516.509
00:43:30	38.327	41.924	45.632	110.753	110.936	107.208	301.47	300.852	326.715	513.483	533.811	512.752
00:44:00	37.027	40.678	46.769	107.975	109.479	107.226	305.737	307.787	322.046	511.98	530.784	511.174
00:44:30	37.882	41.666	46.448	111.322	107.657	107.008	300.533	306.962	319.326	512.55	535.442	513.798
00:45:00	37.145	41.511	45.818	109.382	111	105.948	304.627	303.005	321.377	512.983	536.9	517.911
00:45:30	36.033	41.833	44.804	111.981	110.047	108.822	302.236	302.317	327.819	515.149	536.327	517.547
00:46:00	36.327	39.975	46.421	106.645	109.589	106.681	303.123	301.747	321.748	508.777	537.176	511.181
00:46:30	35.499	41.501	45.284	109.894	109.145	109.665	299.401	302.65	322.761	515.731	526.89	515.559
00:47:00	34.53	40.904	46.285	109.543	111.831	106.905	302.914	301.768	325.783	510.05	534.603	517.205
00:47:30	35.654	41.118	45.393	106.517	108.185	108.725	303.968	302.042	322.875	514.79	528.569	515.732
00:48:00	36.077	40.486	44.815	107.508	108.032	105.753	299.711	300.266	321.023	509.153	529.338	510.424
00:48:30	35.924	40.062	43.189	106.832	108.225	107.571	301.545	306.186	323.651	511.92	530.797	520.183
00:49:00	35.751	41.246	44.059	108.462	109.36	107.422	303.349	306.38	323.525	513.549	534.162	515.621
00:49:30	36.656	40.266	43.895	106.874	110.828	107.866	302.671	301.238	319.285	511.513	530.035	515.308
00:50:00	35.642	39.148	43.881	106.752	110.695	107.435	307.468	301.784	320.178	509.109	534.231	516
00:50:30	34.417	40.077	42.931	105.239	108.831	105.699	298.867	303.145	322.073	515.608	530.004	512.82
00:51:00	34.656	40.255	42.649	106.499	107.962	106.324	301.302	299.74	321.661	505.432	528.87	515.132
00:51:30	34.852	38.638	41.611	105.479	109.45	108.368	305.095	296.276	324.436	513.947	528.972	513.112
00:52:00	35.894	38.859	44.297	105.883	107.683	104.595	298.905	298.75	322.605	510.434	530.752	507.498
00:52:30	35.401	41.214	43.485	104.435	110.616	106.623	301.999	304.157	321.262	510.654	529.156	513.22
00:53:00	34.068	38.964	41.597	104.69	109.06	106.645	298.845	297.353	319.711	509.107	526.264	511.785
00:53:30	33.936	40.19	42.898	104.414	110.046	105.896	302.003	302.394	319.709	512.319	530.77	512.535
00:54:00	33.343	39.475	41.595	104.208	107.204	105.518	297.487	300.574	321.56	506.042	529.443	515.893
00:54:30	34.06	40.132	41.613	103.194	108.503	103.695	307.167	301.397	321.178	510.581	532.625	508.371
00:55:00	34.303	40.496	42.584	103.326	109.014	105.699	305.432	300.374	323.362	510.666	529.839	509.785
00:55:30	35.27	38.864	42.435	101.951	107.522	107.426	305.878	301.167	321.267	511.122	528.831	513.686
00:56:00	34.71	39.609	41.746	101.355	108.325	103.227	302.424	300.033	319.532	509.476	527.112	513.317
00:56:30	33.596	39.56	41.602	103.286	110.941	107.941	303.053	305.74	323.383	512.551	527.738	515.669
00:57:00	34.73	39.124	41.954	103.107	106.921	106.153	303.412	302.031	323.942	515.918	526.16	513.592
00:57:30	32.808	38.935	42.064	105.293	109.375	105.455	304.357	303.196	320.891	512.711	528.664	512.147
00:58:00	35.028	40.004	43.502	102.773	108.868	105.225	306.098	302.522	321.414	513.932	536.268	516.326
00:58:30	33.92	38.673	41.233	103.343	108.525	106.818	304.888	304.442	319.31	515.969	535.147	513.607
00:59:00	33.467	38.71	40.97	102.78	108.416	105.499	305.036	300.815	323.038	507.316	531.234	511.296
00:59:30	33.306	40.188	43.205	103.477	108.697	105.776	300.573	306.07	321.668	509.458	533.488	513.534
01:00:00	33.731	39.058	40.462	103.626	108.613	105.12	300.364	300.771	320.251	511.284	528.572	513.186
01:00:30	33.877	38.077	41.147	104.194	108.713	106.168	303.934	296.115	321.184	510.996	529.768	516.755
01:01:00	32.274	37.951	41.253	103.195	109.374	105.785	303.289	302.759	316.914	512.176	523.954	506.684
01:01:30	33.112	38.719	41.317	102.89	110.069	107.278	303.132	303.14	323.953	512.988	531.558	514.115
01:02:00	32.751	40.113	41.246	102.062	108.936	106.501	304.808	306.143	321.937	520.083	532.299	514.319
01:02:30	32.449	38.242	42.066	102.845	110.161	104.66	298.981	306.619	322.283	511.438	531.27	511.414
01:03:00	33.645	38.039	40.425	101.79	108.644	104.984	301.614	299.827	321.824	507.722	531.481	511.334
01:03:30	31.973	38.613	40.635	101.007	107.405	105.376	300.712	299.774	323.144	508.289	529.923	511.44
01:04:00	34.013	38.755	40.113	103.643	106.942	106.587	300.221	304.835	322.632	514.34	533.056	513.976
01:04:30	32.864	37.2	39.618	101.831	108.131	105.035	302.112	304.737	320.812	516.468	533.852	516.89
01:05:00	33.007	39.064	41.409	101.582	106.84	107.573	300.251	302.847	322.37	512.388	531.888	516.163
01:05:30	33.334	39.283	41.115	101.064	107.204	104.759	302.253	300.923	321.704	508.62	528.602	513.461
01:06:00	33.229	37.301	40.556	101.077	107.695	104.254	301.739	299.489	323.188	509.719	534.663	514.753
01:06:30	33.394	38.69	40.6	100.53	108.88	107.093	303.016	302.846	317.664	511.824	534.239	508.31
01:07:00	32.912	38.13	41.234	102.734	110.691	107.831	304.507	305.865	328.088	513.954	533.669	510.82
01:07:30	32.599	37.934	40.322	102.73	105.299	103.66	299.691	302.515	324.162	511.988	530.161	516.26
01:08:00	33.426	40.461	40.917	101.347	110.403	106.069	301.95	300.825	324.966	507.956	531.545	511.923
01:08:30	33.006	39.275	40.028	100.971	107.487	105.869	301.191	300.234	319.496	510.962	531.341	514.374
01:09:00	32.863	37.619	41.024	101.821	107.788	103.646	302.663	303.006	320.783	512.922	532.909	513.192
01:09:30	32.744	38.043	40.189	100.909	106.956	106.675	303.817	299.773	321.867	515.023	530.647	511.253
01:10:00	32.582	37.61	40.308	103.699	107.622	105.08	303.91	305.264	323.952	515.807	535.082	511.45
01:10:30	32.847	37.883	40.495	100.348	106.13	104.274	300.89	304.889	322.515	508.972	534.488	514.461
01:11:00	33.05	38.572	40.205	98.659	108.666	105.957	302.801	299.968	328.773	515.727	539.134	518.441
01:11:30	34.032	39.12	40.537	101.894	106.578	105.962	303.492	300.18	321.077	508.972	533.264	512.912
01:12:00	31.605	39.043	38.73	101.709	106.981	107.141	303.075	302.847	324.62	507.474	532.397	514.46
01:12:30	34.63	38.311	40.171	100.278	109.392	105.896	301.962	303.977	325.641	516.769	534.249	518.602
01:13:00	32.514	36.879	39.156	100.268	105.948	104.814	303.064	301.367	321.672	514.039	526.865	513.88
01:13:30	32.812	38.33	40.969	100.368	107.079	106.61	303.673	303.489	326.311	517.315	528.065	518.853
01:14:00	33.351	38.452	39.413	100.106	106.407	106.587	298.301	299.467	325.86	513.253	537.455	512.627
01:14:30	32.769	38.212	39.053	103.091	106.921	104.051	301.037	304.473	316.548	511.567	527.493	509.661
01:15:00	32.497	36.789	39.726	100.65	107.279	104.106	302.265	298.968	321.98	509.15	528.23	509.11
01:15:30	33.834	36.728	39.754	102.479	107.43	104.339	305.262	301.543	325.165	515.618	532.504	516.095
01:16:00	32.354	38.243	40.726	102.693	106.421	103.985	302.886	303.577	318.629	508.552	535.6	508.366
01:16:30	32.927	36.759	39.123	98.303	107.209	106.718	301.743	299.155	325.272	505.184	526.087	511.271
01:17:00	34.391	37.128	39.563	101.672	107.961	105.649	302.274	301.127	321.937	509.264	530.723	515.69
01:17:30	33.195	36.871	39.212	102.322	107.905	104.97	301.568	302.304	322.126	508.283	527.585	511.191
01:18:00	31.844	37.464	38.806	101.037	108.361	105.923	304.835	302.111	326.194	510.366	535.065	516.134
01:18:30	31.551	38.206	38.23	97.732	109.366	106.732	302.925	298.393	321.916	512.548	532.495	512.104
01:19:00	32.673	38.072	38.02	101.062	108.79	107.014	301.18	298.756	324.107	513.196	532.349	516.501
01:19:30	33.104	37.644	40.232	99.608	107.771	105.672	303.085	302.834	323.651	511.424	532.295	513.821
01:20:00	34.299	37.371	39.837	98.905	106.155	106.102	300.094	301.128	320.038	507.909	527.426	506.061
01:20:30	32.068	37.17	40.496	97.488	107.039	105.609	304.189	303.166	322.399	514.387	533.818	515.779
01:21:00	31.907	37.411	39.326	99.676	107.068	106.23	301.324	302.089	318.806	509.44	530.7	510.082
01:21:30	33.668	36.253	39.618	96.176	106.813	106.193	300.175	302.814	321.613	513.434	532.199	511.439
01:22:00	32.501	37.416	40.658	97.338	107.449	104.628	301.038	298.926	323.092	509.154	524.677	512.147
01:22:30	32.79	36.792	39.97	99.534	109.494	104.674	304.394	307.174	327.205	514.386	533.764	516.241
01:23:00	33.269	38.408	40.324	98.594	109.226	103.901	301.293	299.466	324.454	515.924	527.22	513.051
01:23:30	33.806	37.629	39.019	96.274	107.629	104.876	300.978	300.519	323.062	507.777	530.91	512.272
01:24:00	32.534	35.72	38.38	98.777	107.055	102.561	299.981	300.098	319.395	501.149	526.171	507.672
01:24:30	32.962	37.699	39.735	98.287	109.736	105.179	298.795	300.708	322.171	508.946	528.969	514.323
01:25:00	33.041	37.853	39.107	97.34	108.662	105.311	301.267	301.773	321.382	515.529	534.131	515.632
01:25:30	32.527	37.481	40.25	98.318	106.866	103.779	302.229	300.688	322.217	505.257	522.974	509.126
01:26:00	32.579	36.829	39.677	99.655	107.793	104.748	301.483	302.231	321.355	512.009	532.195	508.491
01:26:30	32.045	36.416	40.852	96.741	107.063	104.516	303.27	301.497	322.08	513.744	529.022	504.68
01:27:00	32.093	37.754	39.411	98.193	105.522	105.656	303.438	303.273	322.606	506.96	529.175	509.086
01:27:30	32.24	38.306	39.165	97.619	105.59	106.742	302.914	300.742	327.939	515.686	542.866	514.775
01:28:00	32.863	38.075	39.599	97.711	107.157	102.963	303.918	301.079	318.57	511.949	527.032	508.202
01:28:30	31.836	36.141	39.559	95.498	108.367	103.57	302.014	302.915	321.324	510.581	526.451	512.625
01:29:00	33.361	36.965	38.676	96.847	107.613	105.773	300.956	302.644	320.722	510.851	528.93	505.459
01:29:30	31.336	36.554	37.703	97.246	107.752	103.536	301.895	299.676	322.788	510.902	530.83	512.856
01:30:00	32.381	37.55	40.709	98.084	106.923	104.148	302.643	300.786	317.826	505.202	532.513	507.581
01:30:30	32.758	37.779	39.229	96.861	105.973	107.438	297.123	305.613	325.251	520.312	534.358	509.267
01:31:00	32.842	38.428	37.595	98.266	108.759	104.938	302.22	300.494	325.291	510.596	528.893	511.758
01:31:30	31.61	37.91	37.839	96.958	108.053	105.739	303.457	301.71	319.245	515.288	530.947	511.469
01:32:00	32.553	38.346	40.234	93.676	106.93	104.669	300.802	303.552	320.806	515.754	527.449	506.43
01:32:30	31.925	36.961	39.269	95.925	109.209	103.759	299.257	303.027	326.925	511.732	526.114	512.896
01:33:00	32.677	37.288	37.322	97.696	108.139	106.574	299.624	300.631	322.032	505.484	529.876	509.797
01:33:30	31.972	36.222	38.715	96.211	108.728	105.726	300.348	303.477	323.855	516.727	536.761	514.487
01:34:00	32.165	36.281	38.504	94.79	106.279	103.835	301.322	299.044	318.59	504.945	520.583	510.234
01:34:30	30.937	37.56	39.668	94.756	107.877	105.129	300.071	302.125	322.488	511.915	531.162	509.156
01:35:00	31.82	35.937	39.287	95.041	107.887	104.665	299.687	300.728	321.688	509.23	533.011	513.221
01:35:30	33.037	37.553	38.859	96.911	108.808	104.244	304.691	305.536	323.337	510.9	533.302	511.242
01:36:00	30.441	37.091	39.141	95.76	106.138	106.165	304.953	298.534	321.837	508.317	530.418	507.782
01:36:30	32.518	38.089	38.735	96.81	108.318	106.877	304.773	306.437	318.369	510.596	536.085	513.553
01:37:00	31.425	37.471	39.362	94.591	106.201	106.015	304.35	303.678	321.921	511.916	526.694	507.331
01:37:30	33.231	35.805	38.027	96.708	111.541	105.214	302.916	306.116	323.37	513.248	532.066	512.209
01:38:00	31.81	37.427	37.676	95.884	109.572	103.895	303.4	300.223	320.844	508.752	528.975	507.391
01:38:30	32.312	36.998	38.707	96.151	108.548	104.759	301.816	303.397	324.201	521.295	528.965	517.247
01:39:00	34.173	35.004	39.951	94.314	107.155	104.342	301.33	301.905	322.865	504.716	531.745	514.6
01:39:30	32.399	36.245	38.695	95.229	106.803	105.282	305.775	303.045	320.965	509.873	526.509	511.049
01:40:00	32.737	37.094	38.584	95.152	106.723	105.595	296.64	297.45	321.225	508.219	530.603	512.841
01:40:30	32.613	36.527	38.384	95.865	110.672	107.082	304.902	300.143	320.498	514.616	532.348	518.448
01:41:00	32.485	37.334	38.831	92.636	107.058	102.833	295.714	301.137	322.09	505.767	529.714	508.912
01:41:30	33.491	36.864	38.518	94.314	105.302	105.722	303.68	300.268	324.495	508.766	529.587	510.846
01:42:00	32.096	35.808	38.402	94.481	108.478	105.367	301.452	303.741	322.967	508.055	533.136	511.382
01:42:30	33.529	36.903	38.981	94.807	109.009	104.48	300.693	301.035	320.759	508.504	529.752	508.847
01:43:00	33.629	37.069	39.874	94.656	106.593	104.876	301.733	300.652	321.149	509.336	527.939	510.649
01:43:30	33.025	36.392	39.789	96.707	106.395	105.711	300.999	302.005	320.012	508.299	523.54	505.215
01:44:00	31.842	36.931	38.778	95.662	107.764	105.345	301.923	303.953	326.08	514.663	527.172	519.675
01:44:30	31.976	36.18	38.438	96.485	106.865	104.866	298.568	300.487	322.342	512.298	523.234	509.852
01:45:00	32.774	37.546	38.111	95.799	111.542	106.021	304.683	303.523	320.754	509.266	530.15	507.755
01:45:30	32.622	38.317	39.134	93.959	108.546	105.399	297.705	302.497	323.311	508.843	528.372	515.165
01:46:00	32.234	36.335	38.294	94.579	108.413	104.435	298.484	299.365	315.644	504.171	528.562	507.932
01:46:30	32.48	36.632	38.402	95.445	108.826	106.749	302.974	306.338	321.751	512.531	528.108	512.783
01:47:00	32.444	36.979	38.723	92.452	109.242	106.791	306.664	303.575	324.643	513.35	532.501	507.416
01:47:30	32.458	37.797	38.34	96.042	106.262	106.052	304.429	304.598	324.122	508.935	530.597	508.559
01:48:00	32.315	37.33	37.585	93.639	109.019	105.465	302.096	304.755	322.217	513.297	530.759	512.507
01:48:30	33.021	36.458	39.213	95.21	109.356	105.577	300.515	303.817	323.816	511.14	529.243	513.006
01:49:00	32.646	37.007	38.01	94.603	106.942	105.299	304.341	303.116	322.719	508.579	528.732	511.747
01:49:30	32.438	37.457	37.502	93.125	108.212	102.528	300.194	302.539	322.609	510.411	529.009	512.903
01:50:00	33.494	37.451	38.505	96.61	107.811	106.589	300.594	302.655	322.143	508.612	532.945	513.762
01:50:30	33.773	37.87	37.111	93.621	109.222	106.263	301.445	306.66	322.562	514.158	527.268	513.282
01:51:00	32.927	36.083	39.962	94.184	109.05	105.584	304.217	304.398	319.905	514.292	528.878	509.357
01:51:30	30.987	37.425	39.092	93.662	107.85	106.623	303.438	302.652	323.152	506.223	530.053	515.855
01:52:00	32.647	36.58	40.01	94.969	108.078	103.928	304.192	302.032	326.129	514.53	528.111	506.873
01:52:30	32.947	37.461	37.816	95.315	108.916	104.085	304.694	299.966	321.957	512.406	530.533	512.277
01:53:00	33.463	37.4	37.389	93.453	110.751	105.455	303.757	302.577	323.023	509.319	530.431	511.658
01:53:30	32.767	37.138	38.501	93.056	108.42	106.566	303.44	299.695	320.543	514.045	528.542	509.029
01:54:00	33.307	37.13	39.231	93.927	108.736	107.08	300.327	301.055	323.532	505.356	528.879	508.121
01:54:30	32.974	37.72	37.944	94.377	106.22	105.957	304.699	302.332	323.283	510.566	531.726	510.926
01:55:00	32.656	38.334	38.667	94.132	108.675	106.363	302.476	304.546	326.344	507.761	529.706	510.023
01:55:30	33.321	37.454	36.792	93.875	109.604	107.753	297.365	300.752	319.789	509.767	532.302	507.444
01:56:00	32.056	37.017	38.677	91.897	108.39	107.377	301.415	302.138	326.609	509.605	528.871	510.448
01:56:30	32.56	36.84	38.82	92.229	107.22	102.561	301.094	305.033	325.38	514.981	527.427	513.962
01:57:00	33.079	36.99	39.825	90.833	106.796	104.78	301.572	304.563	320.703	517.583	525.934	507.64
01:57:30	32.992	37.606	39.967	93.863	107.842	104.348	302.65	299.135	318.967	509.868	530.319	511.327
01:58:00	32.819	37.752	37.75	94.234	107.491	105.141	301.217	299.903	324.634	508.76	532.777	507.141
01:58:30	31.716	37.913	37.945	95.094	106.493	105.562	302.697	303.315	322.335	513.436	528.891	504.54
01:59:00	32.619	35.5	38.029	93.63	108.941	105.356	302.842	297.81	321.001	507.422	529.193	509.243
01:59:30	32.892	36.582	38.293	94.557	108.234	104.356	303.435	301.054	321.891	506.576	531.012	511.435
02:00:00	32.82	38.031	39.232	92.635	110.633	105.972	299.591	303.055	326.095	504.693	527.885	514.254