Time	25_1	25_2	25_3	50_1	50_2	50_3	100_1	100_2	100_3	150_1	150_2	150_3
00:00:00	109.99	102.859	106.852	214.55	210.507	201.095	395.697	399.108	395.066	596.088	566.545	570.777
00:00:30	108.721	100.323	103.151	204.967	198.973	195.818	385.499	389.113	384.503	574.492	567.315	558.51
00:01:00	95.644	93.6	93.791	197.004	189.916	189.805	372.532	376.024	373.49	560.642	553.55	553.311
00:01:30	90.341	89.279	86.56	188.504	188.129	186.575	364.327	367.103	365.615	551.776	547.584	542.037
00:02:00	88.374	85.125	82.682	186.852	183.873	182.019	359.877	361.613	358.247	539.408	541.639	538.644
00:02:30	85.067	85.24	80.894	183.896	174.929	180.309	357.621	355.483	353.798	535.62	541.769	538.574
00:03:00	81.249	82.462	82.172	178.059	175.577	174.404	352.274	350.979	349.447	537.466	540.606	535.379
00:03:30	77.621	80.609	75.975	174.125	168.149	168.009	344.62	347.762	340.077	531.13	524.409	529.866
00:04:00	72.589	79.25	75.456	169.734	163.285	168.861	344.161	342.133	337.184	528.38	532.658	526.266
00:04:30	72.011	78.7	73.199	167.402	161.432	164.691	345.498	337.442	333.995	524.333	524.768	526.992
00:05:00	70.023	74.605	72.604	164.791	157.713	162.393	338.112	339.667	335.288	528.603	521.965	519.597
00:05:30	69.402	74.068	71.412	160.63	160.155	159.644	336.083	337.194	335.8	528.789	522.646	519.954
00:06:00	66.721	71.136	68.562	158.133	158.221	158.114	336.945	333.999	328.635	526.537	517.276	524.553
00:06:30	65.526	72.91	67.577	155.646	156.143	154.955	329.981	332.008	327.209	519.95	522.47	514.097
00:07:00	65.581	69.626	66.993	157.328	150.799	152.878	333.491	334.325	330.472	525.352	512.727	511.487
00:07:30	61.856	69.631	66.873	155.667	150.568	151.244	332.97	334.793	324.969	520.489	516.874	511.016
00:08:00	61.68	68.219	64.442	153.067	149.489	151.386	329.832	330.39	326.864	521.109	517.999	517.505
00:08:30	62.083	66.978	63.168	152.663	146.249	151.878	325.226	328.951	323.705	517.475	516.408	517.665
00:09:00	63.033	66.02	62.703	149.232	146.839	152.358	326.716	330.801	326.755	520.204	516.262	519.062
00:09:30	59.318	65.507	60.969	148.19	147.821	148.057	324.234	326.259	316.668	517.637	515.793	512.318
00:10:00	58.035	62.611	60.197	149.766	147.292	147.713	326.266	324.084	322.848	513.621	514.359	510.029
00:10:30	57.135	64.324	59.799	148.627	144.749	144.498	326.412	327.219	324.675	521.475	519.354	513.143
00:11:00	57.138	61.141	58.754	146.059	141.214	143.488	323.76	325.807	323.882	515.309	515.882	506.903
00:11:30	55.529	60.891	60.831	147.338	142.245	143.09	324.868	321.089	318.969	511.581	513.349	511.744
00:12:00	56.182	61.026	58.43	145.517	141.74	143.997	324.566	327.34	322.292	513.199	512.399	510.331
00:12:30	54.517	58.379	57.098	143.456	139.62	142.694	320.147	324.798	319.639	512.309	521.528	509.279
00:13:00	54.981	58.953	56.369	143.25	141.642	141.858	321.405	318.281	318.674	512.347	514.733	518.581
00:13:30	53.174	57.589	56.536	143.4	139.039	139.947	318.697	323.103	314.928	513.514	511.696	507.479
00:14:00	51.713	56.891	56.439	140.321	138.207	139.881	322.883	320.428	317.856	507.41	513.074	513.52
00:14:30	50.339	56.725	54.303	140.168	137.049	139.827	319.017	318.904	313.361	506.971	515.756	505.195
00:15:00	51.449	56.962	56.109	139.658	137.041	139.122	324.66	321.909	314.837	511.795	511.387	508.853
00:15:30	51.532	53.473	53.163	141.323	138.547	138.904	316.754	319.246	320.206	514.089	512.043	510.098
00:16:00	48.398	54.507	55.703	139.112	137.959	137.627	320.043	319.334	313.775	514.355	509.795	504.969
00:16:30	50.454	51.701	51.091	138.461	137.682	135.371	316.504	321.371	316.058	513.379	501.826	506.011
00:17:00	48.796	55.325	51.594	140.896	136.666	137.363	318.913	322.567	315.039	507.844	507.994	503.822
00:17:30	48.933	53.17	51.169	138.539	137.474	136.958	318.774	319.34	317.525	508.126	516.271	506.229
00:18:00	47.426	52.333	51.067	138.204	132.531	133.614	317.882	321.795	310.27	513.095	511.173	502.704
00:18:30	49.006	51.753	51.227	138.23	134.26	135.982	316.973	319.57	310.668	511.323	510.1	507.042
00:19:00	47.041	52.291	49.288	139.899	132.682	136.853	320.626	318.068	314.51	515.845	511.281	504.822
00:19:30	46.111	53.198	51.083	134.618	132.13	135.171	317.637	318.14	316.22	512.285	507.38	506.556
00:20:00	45.949	49.367	50.336	137.553	131.296	135.753	310.147	319.492	305.918	515.403	512.533	506.696
00:20:30	45.177	51.107	51.594	137.639	129.254	135.94	320.015	318.268	309.299	508.133	515.721	508.123
00:21:00	46.511	49.137	50.486	137.245	129.171	137.889	313.518	322.588	307.198	509.715	504.509	505.326
00:21:30	45.988	51.061	48.417	138.391	130.836	132.786	316.945	322.457	309.691	511.954	505.587	504.677
00:22:00	44.897	48.863	48.199	136.57	128.153	138.156	316.006	318.38	309.276	512.885	514.118	505.333
00:22:30	44.546	47.707	48.062	135.755	125.439	135.885	312.494	320.218	304.811	512.328	507.114	504.206
00:23:00	43.989	49.578	48.2	131.826	127.595	134.128	314.171	316.309	310.574	508.401	514.064	502.101
00:23:30	43.842	47.503	49.399	131.357	125.671	133.331	314.915	318.922	311.598	512.974	511.931	505.009
00:24:00	44.425	46.588	46.632	131.303	125.841	133.576	313.12	313.79	314.287	512.928	511.253	503.579
00:24:30	42.727	47.788	47.64	130.007	122.675	133.234	313.725	319.065	309.491	511.55	511.134	506.22
00:25:00	42.748	45.988	46.132	128.624	121.838	132.379	312.516	314.803	310.865	505.169	506.701	506.524
00:25:30	42.815	45.862	45.968	128.727	122.75	131.465	311.31	313.951	309.317	517.58	512.832	506.023
00:26:00	41.626	45.958	45.03	130.391	121.476	130.153	316.326	314.477	310.944	516.841	511.47	504.898
00:26:30	42.117	45.154	45.716	128.197	121.49	131.414	310.569	319.734	312.869	513.34	510.576	503.335
00:27:00	40.91	43.751	45.874	126.681	119.201	130.172	316.56	317.379	310.045	510.247	507.506	500.241
00:27:30	41.153	45.356	43.287	126.099	119.002	130.092	313.594	311.106	304.384	515.039	510.628	504.781
00:28:00	40.771	44.76	44.066	126.641	120.568	125.959	313.594	312.943	308.586	513.06	504.406	504.501
00:28:30	39.536	42.827	45.135	126.808	118.918	126.953	313.226	313.859	305.381	509.079	508.008	501.968
00:29:00	38.608	43.271	44.509	122.384	115.986	127.894	314.372	314.031	308.713	512.757	505.138	506.016
00:29:30	38.72	42.533	43.563	124.125	117.122	126.619	307.742	309.431	307.307	507.94	505.37	505.481
00:30:00	40.972	42.754	42.072	121.917	115.254	125.001	312.754	314.225	310.436	504.805	505.754	504.942
00:30:30	38.32	42.372	42.581	122.536	117.563	121.05	311.263	313.675	304.822	505.484	509.972	504.678
00:31:00	39.006	43.268	42.156	122.38	115.947	124.772	314.279	315.041	312.822	513.032	510.19	509.08
00:31:30	38.652	42.945	43.386	120.367	116.17	123.067	312.762	310.419	305.568	507.799	509.06	497.236
00:32:00	39.826	41.684	43.871	119.041	118.148	123.319	312.136	314.781	308.868	508.985	506.42	501.988
00:32:30	38.138	40.884	42.047	121.657	117.904	126.211	311.515	314.679	305.912	509.438	511.699	503.97
00:33:00	38.951	40.722	40.977	116.833	115.612	123.989	307.174	313.944	309.525	504.848	504.143	503.984
00:33:30	38.692	41.002	41.622	122.52	114.236	123.467	313.186	313.337	305.587	507.435	502.799	499.986
00:34:00	36.625	41.999	42.568	119.396	115.702	122.422	310.297	310.013	300.936	500.813	505.656	502.94
00:34:30	37.319	40.831	41.502	118.024	114.831	120.94	314.464	309.892	312.069	511.923	512.316	499.55
00:35:00	38.407	42.223	42.379	119.316	115.893	122.313	311.045	317.179	312.17	509.006	506.387	504.318
00:35:30	37.296	40.757	41.21	119.187	112.892	119.29	310.019	315.785	307.592	509.891	508.731	505.227
00:36:00	36.462	40.95	41.114	119.412	115.015	120.528	309.784	308.386	304.315	504.259	503.278	494.518
00:36:30	37.098	40.886	41.217	118.875	112.832	118.781	312.206	315.313	306.343	509.029	507.654	503.37
00:37:00	37.893	39.711	42.097	116.615	114.37	120.055	308.223	309.7	303.042	510.319	503.223	501.34
00:37:30	36.499	42.158	40.493	117.666	115.116	118.234	313.247	310.652	307.221	506.726	509.891	505.95
00:38:00	36.685	41.337	40.212	118.599	114.055	119.243	310.956	311.033	308.285	508.396	503.201	499.419
00:38:30	36.775	39.56	39.811	117.755	112.868	122.781	315.243	317.383	311.719	509.79	503.913	507.823
00:39:00	36.662	39.307	39.729	115.356	112.914	119.011	312.189	312.854	306.716	507.958	512.571	504.752
00:39:30	36.035	40.67	40.466	115.198	111.158	117.855	309.961	313.275	303.999	504.044	511.009	502.136
00:40:00	36.194	40.089	39.637	117.602	113.874	118.93	310.249	312.602	304.108	505.57	510.03	500.139
00:40:30	35.258	40.605	40.839	114.814	111.236	119.152	309.835	312.116	301.254	502.935	506.515	499.97
00:41:00	36.603	38.324	41.483	116.423	109.508	119.219	312.642	311.444	305.494	505.604	505.904	497.703
00:41:30	35.984	39.203	39.297	116.072	110.241	119.744	307.547	307.334	305.086	505.93	503.879	496.118
00:42:00	36.055	38.311	38.906	113.662	110.132	118.88	311.811	308.996	301.621	506.383	508.221	496.139
00:42:30	35.408	38.591	39.167	114.585	109.463	117.163	303.646	310.684	301.185	504.211	506.655	500.419
00:43:00	34.413	38.788	38.194	111.392	105.752	114.579	309.138	311.355	297.998	505	508.861	495.798
00:43:30	34.79	38.87	38.259	114.189	109.744	118.614	306.341	313.514	307.509	508.884	505.787	500.883
00:44:00	35.539	38.835	38.094	115.826	107.359	114.096	305.274	305.915	300.892	505.679	504.721	497.138
00:44:30	35.633	38.669	37.901	113.215	107.316	116.287	307.839	310.601	300.288	508.718	503.971	497.422
00:45:00	34.984	38.756	38.986	112.443	108.311	116.534	303.94	309.74	308.494	504.647	504.12	500.659
00:45:30	35.188	37.532	39.288	113.506	103.23	112.695	307.434	311.957	304.667	506.522	510.076	495.648
00:46:00	33.269	36.286	38.37	111.112	107.319	114.492	307.893	306.849	302.643	504.051	504.045	490.735
00:46:30	33.145	36.68	37.97	109.618	105.332	115.195	307.214	310.421	302.447	502.188	507.23	499.897
00:47:00	35.012	37.482	38.008	113.116	106.104	113.12	308.125	312.576	303.984	504.354	497.067	499.701
00:47:30	33.507	37.929	38.678	110.765	102.915	112.501	305.787	308.908	303.18	506.126	505.574	501.879
00:48:00	33.827	37.282	38.394	110.236	106.931	114.078	302.431	308.246	299.545	500.741	501.37	497.496
00:48:30	34.308	35.969	38.403	113.41	106.031	114.663	307.148	314.182	302.596	503.768	503.39	494.849
00:49:00	34.512	36.925	37.586	110.951	104.812	113.633	306.919	312.324	303.8	502.995	502.975	498.697
00:49:30	34.553	37.693	36.218	111.477	104.334	112.37	309.602	309.897	301.838	502.202	501.997	497.625
00:50:00	33.815	36.469	36.577	110.22	103.536	112.367	305.567	309.282	301.916	505.009	501.025	496.016
00:50:30	33.529	37.488	36.148	108.198	104.6	111.762	307.181	309.959	298.342	500.247	500.009	495.251
00:51:00	33.28	37.139	37.634	111.141	105.478	110.653	308.072	309.076	302.278	506.036	503.143	498.713
00:51:30	34.302	36.093	36.732	111.384	105.001	112.535	308.711	308.838	300.81	502.067	507.214	497.393
00:52:00	32.022	37.137	35.519	110.768	104.103	112.694	300.969	311.825	301.816	502.715	504.054	493.865
00:52:30	34.36	36.13	36.863	108.672	105.225	110.208	305.347	310.588	300.406	503.475	500.474	495.291
00:53:00	33.329	35.951	36.689	107.982	102.386	111.723	304.823	305.716	298.889	498.991	501.955	495.92
00:53:30	33.317	36.294	36.422	108.03	103.509	111.322	305.322	304.986	303.028	498.478	500.118	490.366
00:54:00	32.31	37.532	36.537	108.439	104.419	110.041	304.389	308.84	304.366	498.042	502.941	496.264
00:54:30	32.551	35.568	36.694	107.566	101.987	109.92	306.388	309.937	300.913	499.304	503.885	503.105
00:55:00	33.186	35.384	35.424	106.959	101.97	112.574	303.623	309.842	299.182	502.388	503.155	494.827
00:55:30	32.506	36.805	34.665	108.025	103.134	108.401	308.609	306.753	298.774	500.268	500.833	500.867
00:56:00	33.367	35.052	37.194	108.837	102.907	111.042	304.331	308.177	303.226	500.806	493.445	492.532
00:56:30	32.606	35.743	36.918	105.413	102.743	109.045	303.781	314.023	304.276	504.087	503.281	496.987
00:57:00	32.287	35.974	35.19	107.819	102.115	107.478	307.991	312.891	302.421	500.089	503.967	496.828
00:57:30	32.793	35.457	35.619	109.542	102.872	108.071	306.715	309.646	302.198	503.461	502.65	497.714
00:58:00	33.531	33.982	37.284	105.602	103.343	109.999	307.074	310.873	304.412	503.185	508.141	494.964
00:58:30	33.899	36.201	37.722	105.815	102.685	108.803	306.788	310.224	304.908	502.379	504.533	496.071
00:59:00	33.087	35.845	36.679	105.588	102.932	106.84	306.923	309.072	305.158	502.008	503.55	491.943
00:59:30	33.204	35.843	36.386	105.892	101.092	108.322	309.527	308.396	302.233	501.904	498.732	493.367
01:00:00	32.595	35.511	35.562	106.227	101.124	108.958	299.931	305.467	300.786	502.28	496.513	490.837
01:00:30	33.963	38.148	36.311	109.098	102.296	109.883	300.922	309.474	300.233	501.592	491.854	496.164
01:01:00	32.64	36.963	34.788	107.557	101.646	107.468	304.653	309.58	297.013	509.031	500.394	496.009
01:01:30	33.398	35.358	35.549	106.667	100.572	110.66	305.701	310.404	301.836	503.94	505.307	496.328
01:02:00	32.245	35.75	36.637	105.127	97.678	109.259	307.494	307.525	300.055	502.928	500.425	500.724
01:02:30	31.939	36.319	35.166	106.667	100.734	107.299	305.704	307.847	301.877	502.455	500.743	494.984
01:03:00	33.467	34.912	36.723	107.366	98.594	106.523	305.011	309.733	300.451	503.276	498.816	499.53
01:03:30	33.753	35.05	35.84	106.753	100.908	105.574	307.835	309.349	301.914	499.35	496.281	492.664
01:04:00	32.082	34.668	36.014	106.816	99.032	109.317	304.78	311.396	303.1	501.53	502.531	502.607
01:04:30	33.244	34.878	36.117	105.652	103.359	108.18	306.83	307.905	302.132	498.06	497.362	495.079
01:05:00	33.796	35.451	35.939	105.146	99.802	108.638	308.066	310.067	301.201	504.129	503.736	500.221
01:05:30	31.968	36.543	35.226	103.866	100.839	109.407	306.421	305.533	299.25	500.823	498.157	492.629
01:06:00	31.239	34.692	36.415	104.347	100.238	104.566	304.475	307.687	300.298	492.273	502.512	498.196
01:06:30	32.497	35.656	35.941	104.991	99.208	108.278	306.009	309.829	302.795	498.132	497.417	493.017
01:07:00	32.998	34.588	34.952	108.017	101.414	106.87	303.493	306.983	297.461	504.665	505.252	499.266
01:07:30	32.465	34.263	35.39	105.828	98.775	107.6	306.864	305.204	301.964	506.85	502.742	497.787
01:08:00	33.43	36.408	35.053	107.861	100.914	105.015	306.181	309.044	304.234	502.295	504.655	494.859
01:08:30	33.281	35.327	35.287	105.688	99.759	104.463	308.797	310.155	301.812	503.985	502.594	497.775
01:09:00	31.85	34.292	35.745	103.007	99.229	107.286	306.707	309.706	303.029	503.969	505.75	494.739
01:09:30	34.075	36.148	36.021	102.367	101.418	108.184	305.81	309.949	305.186	506.021	501.295	491.398
01:10:00	32.023	35.27	35.084	104.783	101.731	108.169	305.96	309.846	301.37	506.489	500.741	500.396
01:10:30	33.541	34.192	35.339	104.982	99.575	108.081	304.433	304.932	302.896	498.561	501.964	493.493
01:11:00	31.477	35.312	35.048	105.383	99.487	106.363	302.863	309.595	303.332	500.049	501.33	498.675
01:11:30	31.788	35.454	35.569	103.139	97.929	105.73	306.762	307.955	302.512	503.831	502.188	494.703
01:12:00	32.657	34.902	35.257	104.541	97.291	105.878	302.807	307.463	298.653	501.156	508.771	500.574
01:12:30	32.374	34.771	35.102	104.12	99.765	109.667	305.953	309.524	302.693	506.19	506.863	490.965
01:13:00	30.928	35.141	34.156	103.666	98.201	104.258	302.546	306.452	298.666	498.215	499.977	488.731
01:13:30	31.041	34.972	35.802	103.985	99.164	110.006	301.238	306.061	303.008	501.124	497.709	493.229
01:14:00	31.572	35.086	35.801	105.085	99.491	103.196	301.895	312.737	297.827	504.652	504.38	491.883
01:14:30	31.358	35.337	34.417	103.878	98.79	106.638	304.586	303.009	298.505	500.788	496.76	490.922
01:15:00	32.258	34.772	34.851	103.663	98.695	104.218	306.392	305.952	296.861	500.68	500.08	493.207
01:15:30	31.74	36.536	35.484	105.296	100.147	104.531	308.638	309.92	299.738	503.829	499.886	494.31
01:16:00	31.469	35.232	35.023	103.119	100.359	105.258	304.167	308.208	301.522	503.111	502.251	489.389
01:16:30	30.2	34.159	33.889	102.66	97.623	105.399	303.147	309.388	304.437	496.396	498.276	494.519
01:17:00	33.078	34.41	36.061	102.873	98.269	103.228	306.191	308.099	301.674	504.092	493.548	493.785
01:17:30	30.518	35.557	34.041	102.37	97.951	105.714	304.917	307.313	299.489	504.778	501.469	496.314
01:18:00	31.233	34.402	35.93	101.308	96.458	105.299	301.378	307.63	302.276	502.335	504.589	497.158
01:18:30	30.922	36.86	35.037	104.85	96.706	104.283	306.778	303.111	302.051	502.744	504.026	497.521
01:19:00	30.057	33.539	35.088	101.343	100.078	106.01	302.343	307.751	302.756	499.147	502.771	495.435
01:19:30	30.556	34.17	33.606	101.67	99.935	104.674	306.013	308.985	300.066	499.042	502.452	496.364
01:20:00	30.424	34.779	33.71	101.492	97.904	104.426	305.615	308.195	299.008	497.995	496.556	491.533
01:20:30	31.408	34.209	35.743	102.725	98.487	104.356	305.095	307.593	300.074	502.534	502.293	492.324
01:21:00	31.268	33.979	34.82	101.649	95.582	105.12	302.107	303.36	301.597	502.084	497.348	491.586
01:21:30	29.836	32.924	34.622	103.062	94.93	104.009	304.528	306.1	301.564	501.705	499.81	493.987
01:22:00	30.961	34.681	34.053	101.228	96.91	103.743	303.963	303.483	300.979	502.396	494.962	486.182
01:22:30	31.611	34.426	34.287	103.854	97.95	105.074	304.878	312.83	303.567	505.11	500.158	498.142
01:23:00	30.576	35.103	34.335	101.447	96.742	100.84	301.228	307.305	297.688	496.894	500.77	494.01
01:23:30	30.766	34.561	34.552	101.719	96.972	104.547	303.09	303.808	301.336	495.717	495.119	491.902
01:24:00	30.375	32.989	34.829	101.232	96.726	104.066	302.388	310.445	298.595	495.656	492.204	491.954
01:24:30	29.601	34.01	35.409	102.707	96.792	101.327	305.692	306.358	301.102	500.177	498.155	490.355
01:25:00	31.543	34.307	33.885	100.529	97.221	101.768	301.418	306.697	298.128	500.134	498.402	493.535
01:25:30	30.954	34.446	34.761	99.484	94.431	103.537	304.561	303.067	298.462	497.538	498.78	488.492
01:26:00	31.403	33.81	35.325	100.637	95.772	102.409	302.319	308.493	297.594	499.266	498.458	490.218
01:26:30	31.175	35.578	33.999	98.617	95.559	102.394	306.585	303.771	294	500.737	501.959	491.696
01:27:00	31.379	33.855	34.245	101.953	96.024	102.739	303.564	306.962	299.828	495.977	501.398	488.817
01:27:30	30.459	35.641	32.831	104.591	97.136	103.578	302.039	313.725	296.222	507.626	502.526	495.647
01:28:00	30.521	34.578	34.932	101.405	94.582	103.547	304.019	308.159	302.754	499.297	498.924	488.529
01:28:30	30.012	34.125	35.803	101.517	93.01	102.346	301.781	311.386	301.692	496.41	502.268	489.564
01:29:00	30.824	33.947	34.283	100.916	96.237	104.517	303.16	309.266	299.212	502.076	499.853	492.119
01:29:30	30.604	34.047	34.592	101.1	97.411	103.133	301.066	308.699	300.012	502.792	501.242	492.054
01:30:00	29.85	35.343	34.546	99.667	95.126	104.135	302.172	306.384	299.572	494.123	493.368	490.923
01:30:30	31.264	34.547	34.494	103.024	96.817	102.921	304.276	307.519	300.356	498.575	500.822	493.522
01:31:00	30.502	35.116	34.367	98.453	95.159	102.335	304.31	305.517	297.118	496.144	499.222	488.39
01:31:30	30.587	35.419	34.2	101.052	95.487	102.567	302.369	304.49	301.59	498.599	499.927	493.354
01:32:00	31.621	33.513	34.413	100.311	93.855	102.184	306.246	303.192	301.09	501.08	498.283	491.54
01:32:30	31.146	35.268	36.013	101.152	95.038	100.593	301.501	303.879	300.336	499.224	500.624	489.717
01:33:00	30.047	34.264	34.032	99.229	92.081	100.319	301.524	308.725	299.833	492.998	492.078	493.336
01:33:30	29.421	33.715	33.943	99.95	94.686	103.459	307.508	310.518	301.041	507.041	496.926	491.373
01:34:00	30.237	34.958	34.127	100.191	96.134	99.662	301.623	304.513	291.722	494.92	490.948	483.227
01:34:30	30.6	34.74	34.222	100.94	95.208	100.25	305.933	305.816	298.752	500.778	495.494	490.925
01:35:00	30.045	35.199	34.287	98.873	93.458	101.666	301.181	303.382	297.743	497.519	495.39	489.685
01:35:30	31.23	34.518	33.827	101.238	93.778	102.859	303.258	305.666	300.701	499.862	492.394	484.911
01:36:00	30.611	36.538	33.285	98.707	92.026	100.068	303.03	304.62	299.34	500.815	496.167	490.328
01:36:30	29.49	33.978	34.141	100.291	93.807	101.132	302.951	305.042	297.974	498.157	504.472	497.09
01:37:00	30.728	34.437	33.387	99.436	93.957	101.33	301.759	305.636	297.029	503.447	498.431	488.554
01:37:30	30.911	33.802	33.012	99.115	95.17	99.419	303.864	310.539	301.155	502.904	496.656	489.009
01:38:00	31.343	34.725	33.975	96.887	91.894	98.307	302.65	306.52	298.357	491.778	496.55	483.102
01:38:30	29.46	35.238	35.262	97.881	94.305	102.81	305.509	306.941	299.43	501.365	495.974	492.46
01:39:00	30.814	35.511	34.001	99.624	94.355	101.63	303.456	306.883	297.672	496.653	498.185	488.737
01:39:30	30.816	34.09	33.767	98.845	93.011	100.905	302.729	303.143	298.552	495.759	498.979	495.444
01:40:00	30.916	34.837	33.558	97.122	92.535	100.722	301.965	304.207	300.297	499.32	496.522	483.149
01:40:30	30.845	33.585	34.033	100.341	94.231	100.917	302.973	305.427	298.448	503.694	504.485	490.424
01:41:00	29.911	33.906	33.61	98.213	93.468	100.434	299.411	306.137	298.863	497.873	490.581	486.702
01:41:30	30.656	34.977	34.164	99.742	94.361	100.655	300.114	305.459	301.704	496.111	498.485	493.661
01:42:00	31.105	34.541	35.378	99.057	94.211	99.438	302.306	305.367	299.209	494.207	500.177	488.045
01:42:30	30.236	35.991	33.613	97.206	92.577	100.744	301.127	304.872	299.035	500.473	489.177	490.384
01:43:00	30.395	34.506	33.895	98.861	91.805	101.604	301.372	303.171	299.92	495.245	496.744	492.148
01:43:30	30.311	34.217	33.41	98.071	93.215	98.761	300.898	301.1	298.235	497.94	496.042	482.724
01:44:00	31.966	33.871	33.252	98.64	95.385	100.394	299.649	306.5	301.59	500.517	494.637	491.538
01:44:30	30.198	33.655	33.674	96.001	92.994	101.265	308.612	305.469	298.086	495.691	496.296	486.798
01:45:00	29.579	34.232	34.382	96.027	94.07	97.169	302.004	307.483	301.119	499.493	497.987	494.31
01:45:30	30.873	34.008	34.605	98.816	92.91	98.643	300.945	304.735	297.98	495.2	499.763	494.315
01:46:00	31.077	33.971	34.843	97.001	93.64	101.425	300.558	307.457	299.972	496.163	498.272	493.53
01:46:30	29.567	34.022	34.683	96.568	92.362	99.842	303.812	309.435	300.128	498.778	500.419	487.75
01:47:00	29.257	34.872	34.142	95.924	95.26	100.289	303.902	304.058	301.502	501.465	497.897	489.835
01:47:30	31.31	32.956	33.558	96.119	94.247	99.035	302.367	308.016	299.35	498.745	497.679	486.433
01:48:00	31.421	34.415	33.615	95.339	94.411	99.027	301.074	302.367	301.905	501.421	490.759	492.218
01:48:30	31.525	34.503	32.757	97.497	93.723	98.344	301.182	302.897	302.925	498.79	499.242	495.887
01:49:00	29.968	33.72	34.129	99.976	91.017	98.662	302.131	305.646	292.25	498.269	496.205	494.504
01:49:30	30.878	33.378	34.085	97.343	92.895	99.743	303.253	308.201	294.63	491.848	497.316	492.598
01:50:00	29.969	34.053	34.334	95.902	96.253	97.311	303.923	307.202	299.3	497.994	497.784	495.567
01:50:30	30.923	34.183	33.931	96.587	93.858	100.547	305.252	304.51	298.862	498.383	498.849	487.266
01:51:00	29.696	34.544	34.809	97.138	92.579	102.142	302.745	302.538	299.93	499.639	497.504	489.201
01:51:30	31.04	34.083	34.203	96.207	91.055	100.205	303.079	309.192	302.456	494.917	498.798	491.19
01:52:00	30.584	36.347	33.637	97.911	93.139	100.407	299.53	302.735	300.48	498.204	502.022	492.72
01:52:30	31.477	34.596	33.954	99.012	93.648	98.824	303.307	307.611	300.213	499.722	498.662	487.263
01:53:00	30.746	34.287	33.231	97.998	92.711	97.399	307.019	303.968	300.803	499.09	497.572	489.817
01:53:30	31.632	33.942	33.876	97.1	91.83	99.557	304.043	304.099	294.122	495.358	496.882	485.953
01:54:00	30.605	35.081	35.352	96.613	92.704	96.73	302.867	303.351	296.675	494.041	495.922	490.717
01:54:30	31.286	32.775	34.294	98.323	94.24	97.774	304.013	304.401	299.814	499.928	497.113	489.343
01:55:00	31.948	34.732	34.414	95.98	93.978	100.26	302.669	307.43	297.017	493.255	497.748	487.665
01:55:30	30.522	34.561	33.834	96.743	92.419	95.792	301.381	300.153	302.724	495.135	494.774	486.64
01:56:00	31.346	33.777	33.828	94.882	93.107	97.782	302.942	305.557	298.179	495.358	485.793	488.608
01:56:30	31.479	33.677	33.237	100.753	90.62	96.753	297.701	306.304	298.82	500.817	499.545	486.526
01:57:00	31.011	34.367	34.63	93.959	92.184	100.124	300.388	308.359	296.135	496.156	498.579	488.014
01:57:30	30.542	33.529	34.169	97.306	92.656	97.425	303.211	304.923	294.288	500.245	495.567	490.66
01:58:00	30.828	35.111	35.098	94.587	92.12	98.103	302.53	302.577	298.2	491.525	495.148	482.925
01:58:30	30.493	34.069	34.551	96.802	94.093	98.827	299.299	301.443	297.987	493.604	494.501	484.507
01:59:00	30.375	34.159	33.59	97.793	92.467	98.593	297.683	301.314	297.425	493.357	485.639	483.956
01:59:30	30.352	32.898	33.089	95.911	91.154	96.613	304.888	306.559	298.481	495.102	495.873	488.638
02:00:00	30.453	33.646	33.759	94.228	92.408	97.107	303.997	305.454	297.345	496.1	499.297	491.929