Time	25_1	25_2	25_3	50_1	50_2	50_3	100_1	100_2	100_3	150_1	150_2	150_3
00:00:00	109.473	99.798	99.302	201.919	200.299	202.791	404.18	413.064	408.422	582.567	604.271	577.015
00:00:30	115.207	98.712	96.724	195.058	197.076	197.76	396.955	398.547	391.582	572.718	578.648	553.491
00:01:00	101.562	95.788	96.723	190.415	193.617	194.388	383.071	390.951	378.566	562.885	568.858	549.956
00:01:30	97.599	91.152	93.621	182.966	181.266	190.588	376.726	370.628	369.559	548.284	555.975	545.738
00:02:00	90.186	88.843	89.684	178.709	180.925	186.72	374.438	361.32	362.151	546.365	552.701	534.455
00:02:30	90.336	87.687	87.985	174.643	173.246	183.27	363.937	356.911	356.357	551.099	553.47	537.407
00:03:00	86.462	84.497	85.774	174.258	172.078	182.149	363.584	352.529	357.798	547.555	553.42	531.18
00:03:30	84.048	81.583	82.962	166.621	169.157	172.997	354.793	347.511	345.736	536.073	544.631	526.439
00:04:00	81.075	80.82	79.673	165.134	163.711	169.332	351.413	343.27	348.203	531.515	539.676	526.989
00:04:30	78.143	77.719	80.066	164.192	163.194	165.087	354.815	347.067	344.545	535.071	540.662	525.524
00:05:00	76.975	76.14	79.14	159.333	163.493	161.059	349.001	340.076	344.538	531.239	538.256	522.499
00:05:30	77.36	75.447	76.002	158.681	158.999	161.626	351.645	342.081	339.1	535.155	533.681	522.822
00:06:00	74.842	73.524	73.666	155.78	159.244	159.101	348.388	335.082	343.519	530.075	538.111	523.357
00:06:30	72.825	72.122	74.237	151.463	154.984	152.396	339.618	336.634	334.456	525.042	532.103	519.779
00:07:00	71.32	72.507	72.637	150.926	156.2	154.214	349.122	336.269	333.928	520.725	538.083	520.791
00:07:30	69.909	70.699	72.503	147.954	156.072	153.778	347.245	337.421	331.909	531.954	538.121	517.955
00:08:00	70.162	69.817	70.138	144.323	151.593	149.365	342.445	336.045	334.75	526.482	538.813	531.344
00:08:30	67.772	68.628	69.119	142.215	152.301	148	345.907	329.192	337.574	523.499	532.49	517.889
00:09:00	67.156	68.883	68.351	142.349	150.21	147.546	342.441	333.823	334.122	532.279	537.704	521.411
00:09:30	65.369	65.673	67.621	137.092	152.405	143.946	336.001	327.879	329.744	528.995	535.322	518.747
00:10:00	66.23	66.221	66.426	139.274	149.852	146.138	342.317	332.995	331.154	528.536	531.793	522.534
00:10:30	63.843	64.641	64.673	134.417	148.609	146.369	347.502	337.358	333.798	529.706	536.596	519.161
00:11:00	63.727	63.906	64.326	134.618	149.549	141.409	338.567	331.833	332.094	528.371	534.85	521.109
00:11:30	61.994	62.107	64.149	132.011	148.052	139.881	338.259	330.534	334.223	528.325	530.808	518.861
00:12:00	62.783	64.019	63.078	129.862	147.632	137.618	338.444	328.329	328.287	528.878	534.724	522.202
00:12:30	61.237	63.869	64.443	128.486	146.973	137.9	337.402	328.742	330.804	527.036	531.062	515.635
00:13:00	61.931	64.229	64.856	129	146.657	135.222	339.739	332.178	329.436	527.705	532.151	520.983
00:13:30	61.119	61.008	62.69	128.51	145.378	134.988	337.997	329.465	329.587	526.968	528.562	517.113
00:14:00	59.728	60.582	60.961	126.138	146.614	133.674	342.231	330.288	326.164	521.038	531.322	518.748
00:14:30	59.72	60.158	61.583	125.957	144.598	137.327	338.024	326.427	330.452	521.008	528.53	517.78
00:15:00	59.288	59.692	59.108	126.308	144.143	133.11	336.116	330.34	327.725	530.305	529.396	518.543
00:15:30	59.425	59.672	60.507	126.165	145.818	131.746	341.374	330.641	330.619	523.781	536.875	517.906
00:16:00	58.226	57.951	60.589	124.503	142.672	129.94	336.245	323.703	326.703	524.269	529.401	517.266
00:16:30	57.767	57.638	59.292	125.177	140.104	131.399	330.356	328.394	331.124	520.033	532.136	511.365
00:17:00	56.15	55.845	59.039	123.869	140.169	131.217	334.007	329.863	330.912	530.157	529.956	520.194
00:17:30	57.557	56.872	58.998	124.403	138.582	128.679	338.335	328.711	328.063	525.354	534.929	518.912
00:18:00	56.4	55.738	58.293	121.59	141.014	130.009	335.393	328.788	330.317	525.81	529.764	514.568
00:18:30	56.54	55.966	57.229	122.931	138.896	127.818	333.761	329.233	330.229	525.473	532.428	516.941
00:19:00	56.932	56.094	56.488	121.421	138.249	129.164	338.381	333.439	330.592	530.579	530.15	518.305
00:19:30	56.715	54.743	56.391	120.39	138.653	127.525	333.963	323.005	329.505	525.131	531.749	517.221
00:20:00	56.116	53.565	56.853	124.436	137.415	128.971	334.635	324.254	329.496	526.296	533.877	515.854
00:20:30	54.789	53.234	57.959	121.433	135.508	126.714	337.995	327.023	328.253	531.852	531.342	519.697
00:21:00	56.048	54.082	56.515	119.618	135.742	127.15	337.748	327.066	332.053	530.4	532.667	512.437
00:21:30	53.68	54.997	54.728	120.572	133.428	125.974	338.54	326.023	326.572	523.461	530.856	516.495
00:22:00	54.307	54.195	56.836	120.253	135.412	130.829	340.621	331.685	331.513	530.139	535.598	522.417
00:22:30	53.511	54.569	53.838	120.34	132.88	130.374	338.832	327.914	327.299	529.762	535.57	515.764
00:23:00	53.021	52.385	53.9	120.484	136.079	132.149	333.043	325.391	328.886	526.173	534.11	520.638
00:23:30	52.341	52.656	54.684	122.125	133.873	133.501	337.649	331.03	329.872	523.563	533.31	518.178
00:24:00	51.957	52.791	53.417	120.817	138.255	133.353	338.983	333.385	331.313	529.805	535.029	527.396
00:24:30	52.304	52.73	53.156	119.032	136.299	132.995	337.753	328.511	331.202	530.197	533.639	516.009
00:25:00	51.496	50.095	53.752	120.263	135.271	134.935	333.675	328.278	330.18	526.458	535.716	519.475
00:25:30	52.714	50.558	52.026	117.453	134.973	138.151	332.57	328.37	328.883	529.107	530.942	518.114
00:26:00	52.166	51.557	52.448	120.081	133.035	137.813	335.589	329.576	329.468	527.903	539.542	515.967
00:26:30	49.813	48.485	52.384	117.316	134.953	135.993	333.441	329.387	326.99	533.528	534.748	525.899
00:27:00	49.503	50.152	52.204	117.366	133.045	134.455	336.913	324.949	330.994	525.457	531.57	516.133
00:27:30	49.688	48.407	51.24	117.345	132.205	134.423	335.376	327.14	330.353	525.408	537.116	524.159
00:28:00	50.517	48.642	50.131	119.411	132.834	135.804	336.412	330.16	328.212	528.75	529.278	515.365
00:28:30	49.528	49.042	51.344	116.196	133.494	136.159	337.116	328.129	331.684	530.235	527.491	520.885
00:29:00	48.506	48.66	50.878	120.134	132.337	133.618	335.918	330.579	329.454	532.651	536.127	520.378
00:29:30	47.229	49.323	48.829	118.877	131.763	134.77	334.656	327.634	333.186	528.114	531.792	520.304
00:30:00	49.908	48.4	50.942	119.074	130.369	135.164	335.096	329.547	330.846	524.811	534.482	521.075
00:30:30	47.867	49.45	49.529	118.601	132.883	131.494	337.202	329.095	328.043	528.069	534.391	515.458
00:31:00	48.538	46.899	49.105	119.645	129.616	134.059	337.613	328.13	334.29	534.895	541.205	524.253
00:31:30	47.595	47.742	49.278	119.402	131.752	134.336	335.613	326.496	329.348	528.875	537.607	512.904
00:32:00	47.037	47.375	50.606	117.007	127.521	131.911	338	329.907	330.525	528.724	539.774	520.22
00:32:30	47.177	46.955	49.503	119.892	132.56	135.567	336.375	329.405	334.817	525.284	542.87	526.111
00:33:00	47.48	48.168	47.834	116.482	129.446	130.408	339.512	328.15	332.94	532.472	532.204	518.519
00:33:30	46.827	45.607	47.953	117.999	128.764	134.729	336.151	328.787	330.576	528.438	534.132	519.455
00:34:00	46.3	46.829	46.332	117.345	126.828	130.963	336.771	327.882	329.939	526.529	528.522	525.508
00:34:30	46.568	47.023	46.662	117.455	127.608	131.291	334.416	329.178	332.398	531.387	533.677	524.386
00:35:00	46.954	45.347	48.389	117.104	128.413	135.83	337.248	331.157	335.963	532.249	535.073	525.283
00:35:30	47.416	44.376	46.125	117.927	129.927	133.59	336.555	329.41	332.799	533.427	535.897	523.502
00:36:00	47.06	46.499	47.565	115.854	127.903	130.438	333.278	327.879	329.288	528.967	532.658	516.522
00:36:30	45.485	45.818	46.61	117.355	128.115	133.089	345.266	333.761	331.486	535.524	540.791	523.746
00:37:00	46.091	44.697	46.443	118.395	124.915	128.787	337.413	330.057	333.955	529.117	531.748	521.103
00:37:30	46.546	45.25	45.34	119.833	127.062	128.484	337.716	332.49	330.624	532.596	536.593	518.416
00:38:00	46.232	45.679	46.395	118.047	126.496	128.457	341.083	329.781	334.165	530.708	540.02	522.357
00:38:30	46.485	45.711	47.451	118.97	126.325	129.43	338.45	333.352	334.915	531.08	541.095	523.221
00:39:00	49.072	44.087	46.742	118.461	127.829	129.266	340.423	333.052	332.737	533.572	540.075	525.555
00:39:30	44.134	43.638	45.757	116.474	126.21	129.417	339.689	331.49	335.803	534.754	538.52	521.55
00:40:00	45.706	44.137	47.118	117.893	127.352	129.256	337.667	333.441	333.567	538.111	538.132	518.047
00:40:30	45.886	43.74	46.503	115.933	124.862	127.777	336.441	329.625	337.997	533.668	536.212	527.079
00:41:00	44.795	44.69	45.788	119.919	123.392	125.979	335.456	336.603	335.767	533.186	536.048	520.403
00:41:30	44.813	43.476	45.291	117.35	126.83	125.59	337.262	325.532	331.307	528.727	534.396	519.701
00:42:00	45.588	42.05	44.854	117.274	124.164	126.727	341.261	331.395	328.91	535.531	538.168	517.638
00:42:30	43.09	42.942	44.442	119.696	124.709	125.297	336.284	331.353	332.862	534.904	538.506	521.067
00:43:00	43.693	43.266	45.879	116.249	127.533	125.918	335.808	330.715	331.134	532.908	536.184	518.077
00:43:30	44.343	43.778	44.754	118.592	124.124	124.933	339.838	333.546	331.489	536.092	538.129	518.312
00:44:00	43.136	43.593	44.03	117.004	126.866	127.545	339.226	333.642	332.05	535.104	535.461	520.282
00:44:30	43.914	42.156	43.155	119.891	127.14	122.461	339.894	332.75	329.642	532.897	540.938	520.646
00:45:00	43.278	44.935	45.002	116.557	124.914	122.299	338.595	330.437	336.135	531.767	532.152	520.612
00:45:30	43.721	42.927	44.213	118.944	124.12	125.462	338.291	330.568	334.923	531.789	539.768	522.75
00:46:00	42.373	44.221	43.595	117.93	125.005	125.545	340.027	327.602	327.301	529.223	526.779	517.411
00:46:30	42.819	42.122	42.013	118.532	125.832	124.541	338.744	326.289	337.74	531.247	531.872	530.828
00:47:00	43.907	43.409	44.969	117.21	126.184	124.121	340.649	335.38	333.814	533.474	538.611	521.653
00:47:30	42.028	42.524	44.631	118.924	126.308	126.338	335.889	335.426	331.467	535.827	536.824	522.954
00:48:00	43.355	41.759	43.311	118.613	126.866	125.421	334.982	327.977	329.904	528.308	532.36	521.816
00:48:30	42.845	43.633	42.635	116.906	125.106	123.304	340.222	333.434	334.196	528.421	536.174	522.092
00:49:00	43.046	43.524	43.235	119.289	125.966	123.454	341.577	333.523	335.395	535.014	535.541	526.542
00:49:30	42.571	42.278	44.073	117.251	126.014	123.21	337.658	328.353	330.87	534.759	535.807	519.581
00:50:00	44.059	41.86	44.143	117.726	122.902	124.053	341.677	332.689	335.947	532.674	539.462	520.062
00:50:30	42.682	42.798	43.151	116.97	122.044	122.74	334.881	331.653	337.115	536.875	541.344	520.499
00:51:00	43.298	41.683	41.703	116.466	126.59	123.629	338.142	333.342	332.32	530.724	533.065	517.843
00:51:30	41.966	41.978	42.726	117.779	126.413	124.258	343.455	333.982	335.046	537.577	540.767	523.806
00:52:00	43.366	40.414	44.64	116.744	123.748	122.417	340.458	329.378	331.888	533.057	534.526	521.968
00:52:30	43.733	41.286	44.208	116.166	122.174	123.91	344.163	330.775	335.806	531.592	535.519	523.627
00:53:00	41.492	40.933	42.482	118.02	122.914	123.167	345.255	333.208	336.126	529.573	532.298	521.227
00:53:30	43.196	41.563	41.372	117.361	125.027	122.565	336.943	330.551	333.61	533.142	539.087	519.55
00:54:00	40.944	41.34	42.21	117.884	125.315	120.618	335.948	328.465	335.25	528.608	539.235	524.196
00:54:30	40.965	40.448	42.835	121.4	123.857	122.658	344.164	330.306	331.107	533.812	539.05	521.488
00:55:00	41.781	41.301	43.441	117.83	122.435	122.234	343.317	333.796	334.443	535.404	539.102	524.205
00:55:30	42.912	41.181	43.653	119.044	121.871	122.557	340.968	331.961	339.592	531.092	540.629	525.585
00:56:00	41.426	40.683	41.192	115.872	122.569	121.992	339.602	335.534	335.872	532.719	530.769	522.827
00:56:30	43.369	41.738	42.841	118.748	124.888	123.711	344.251	338.644	337.987	534.411	539.363	526.134
00:57:00	42.173	41.232	41.73	117.541	122.905	123.077	341.283	333.824	334.667	529.569	540.2	524.357
00:57:30	41.617	40.898	42.984	119.684	123.432	121.697	345.478	331.28	335.713	540.716	538.15	523.587
00:58:00	40.293	39.746	42.91	120.27	120.527	123.783	342.615	336.826	340.516	537.199	539.657	525.063
00:58:30	40.103	40.862	42.606	119.241	122.809	119.926	342.525	336.088	338.867	538.338	540.332	529.195
00:59:00	41.151	40.773	42.603	118.735	122.906	122.028	344.935	333.823	339.751	531.149	534.483	526.302
00:59:30	40.855	41.096	42.619	117.672	121.637	121.97	347.584	335.91	340.078	536.266	546.396	527.682
01:00:00	40.842	39.485	43.107	118.265	121.082	121.095	344.679	334.213	334.367	525.86	538.243	520.336
01:00:30	41.249	41.137	42.163	118.883	121.358	122.166	341.861	333.569	335.871	536.995	539.013	523.373
01:01:00	41.128	40.251	41.94	119.408	121.068	122.394	345.908	335.162	338.585	537.832	536.177	527.214
01:01:30	42.125	41.169	40.583	120.303	124.146	122.277	344.681	334.947	340.142	534.142	541.743	531.386
01:02:00	41.48	41.373	42.749	118.73	120.179	121.328	347.23	335.686	336.249	539.439	540.899	526.38
01:02:30	42.763	41.046	42.759	117.978	121.096	121.898	339.52	335.213	339.171	539.482	543.781	527.36
01:03:00	41.446	40.236	42.86	119.914	122.531	122.188	344.047	335.024	343.234	541.066	548.828	525.675
01:03:30	41.456	40.258	41.836	119.088	121.742	119.354	346.893	336.785	341.881	533.845	541.233	525.153
01:04:00	40.602	41.13	42.477	117.569	123.013	121.189	346.769	338.547	341.531	536.926	548.497	526.827
01:04:30	41.696	41.69	42.589	120.219	123.47	119.372	345.705	339.169	340.917	541.503	543.088	523.953
01:05:00	40.136	39.269	41.624	118.91	122.435	121.105	344.183	339.275	341.493	541.877	545.451	524.351
01:05:30	42.18	39.813	42.791	119.652	123.786	119.858	342.767	336.871	340.017	533.847	541.737	525.536
01:06:00	40.016	40.494	43.059	121.048	123.594	118.14	340.236	334.682	336.724	535.753	542.339	527.737
01:06:30	40.433	40.354	41.808	120.526	119.028	118.686	342.886	337.038	336.566	537.354	538.614	528.968
01:07:00	39.57	39.652	42.228	121.88	121.43	120.504	344.572	337.748	339.552	541.036	541.433	527.329
01:07:30	39.501	40.269	42.938	120.734	120.691	122.931	341.331	339.098	340.34	537.878	542.591	527.634
01:08:00	40.692	39.921	43.357	119.868	120.579	119.588	343.944	342.282	342.046	544.104	543.67	528.717
01:08:30	40.691	41.296	42.456	121.357	123.274	119.37	342.853	337.029	343.211	537.863	546.179	534.223
01:09:00	41.02	40.376	43.275	120.088	124.929	119.879	343.48	338.899	340.803	541.097	541.977	530.268
01:09:30	39.836	39.951	41.483	118.186	121.064	120.198	341.92	335.158	341.673	539.825	548.001	527.862
01:10:00	40.99	39.029	41.879	121.182	122.463	120.78	348.78	342.392	338.603	541.094	546.525	524.955
01:10:30	39.492	40.403	41.533	119.692	122.584	122.859	346.843	339.337	337.159	537.231	547.478	529.693
01:11:00	39.191	38.912	40.793	121.11	122.277	120.105	347.371	339.509	343.098	536.914	540.144	530.131
01:11:30	39.402	40.081	41.232	120.707	122.946	121.124	348.823	341.066	340.128	539.816	550.234	529.916
01:12:00	41.491	39.2	42.512	118.749	119.809	121.418	346.79	342.382	344.221	545.699	544.715	530.535
01:12:30	40.99	41.354	40.228	123.215	120.564	119.562	347.928	343.82	341.453	543.154	551.768	536.074
01:13:00	39.531	40.676	40.722	118.284	119.68	121.896	349.827	335.483	341.935	538.639	539.152	528.198
01:13:30	40.821	38.612	43.356	120.414	121.619	121.424	346.12	341.524	343.919	534.538	549.948	530.864
01:14:00	39.628	40.177	41.719	119.537	124.661	121.264	351.64	340.566	342.216	541.47	550.606	528.022
01:14:30	40.021	39.771	42.199	121.727	123.621	119.783	344.307	340.46	341.011	537.776	542.99	528.346
01:15:00	39.322	40.216	43.085	119.725	121.266	120.854	349.954	340.333	344.471	543.334	542.957	527.437
01:15:30	40.585	39.895	42.594	119.626	122.574	120.225	352.979	337.576	336.668	547.112	545.398	525.743
01:16:00	41.185	40.502	41.022	120.376	122.696	120.695	349.705	337.057	345.908	544.33	544.541	531.717
01:16:30	39.551	39.899	42.154	121.126	118.558	119.091	350.679	340.059	341.494	537.56	543.659	525.458
01:17:00	40.091	39.805	41.686	121.645	123.411	120.443	347.284	342.023	342.262	541.435	554.54	531.826
01:17:30	39.976	40.343	40.254	122.454	119.048	119.49	343.477	342.129	346.161	536.614	543.991	528.986
01:18:00	39.331	39.892	40.619	121.859	120.168	120.085	349.956	343.167	341.274	537.169	545.009	534.643
01:18:30	40.524	39.592	41.873	122.663	121.394	121.695	352.255	343.83	337.548	547.598	550.666	534.407
01:19:00	40.271	38.107	41.643	119.864	121.515	116.466	346.326	340.122	347.825	538.952	542.335	533.844
01:19:30	38.388	39.98	41.126	120.745	120.617	117.595	348.019	341.073	346.073	549.501	546.635	530.093
01:20:00	38.991	39.645	42.819	120.883	120.266	121.364	344.375	341.024	346.992	545.051	543.057	528.322
01:20:30	39.754	40.796	43.184	122.744	121.929	120.087	353.737	345.566	341.199	545.132	551.873	530.964
01:21:00	38.672	40.073	41.925	125.85	119.526	119.474	352.066	340.61	344.045	540.465	543.428	529.297
01:21:30	40.159	40.703	41.24	122.526	119.253	117.791	350.426	339.545	346.778	545.355	543.02	528.859
01:22:00	39.959	39.413	41.336	124.122	118.693	119.567	347.492	339.609	346.2	544.343	543.963	532.684
01:22:30	39.393	40.298	41.517	121.654	117.399	120.056	350.166	346.422	345.881	548.745	549.894	539.548
01:23:00	39.028	37.509	40.239	124.483	120.805	119.575	348.63	338.927	344.23	546.188	553.402	529.394
01:23:30	39.359	38.674	40.617	121.883	116.869	115.552	346.307	342.699	344.622	541.422	547.08	528.649
01:24:00	39.999	39.21	41.702	124.02	116.57	117.46	349.515	344.932	340.163	539.28	549.319	537.883
01:24:30	42.39	39.674	40.366	125.247	118.353	119.175	346.02	342.526	348.402	547.242	546.562	528.296
01:25:00	39.096	38.83	40.893	122.215	119.228	119.597	349.656	342.81	344.061	543.719	546.178	532.428
01:25:30	38.932	39.504	41.584	122.895	115.812	117.585	347.965	345.055	343.209	540.753	545.964	523.85
01:26:00	39.603	40.049	42.249	121.957	117.859	118.567	355.699	344.171	348.204	545.937	549.585	530.178
01:26:30	38.799	38.54	41.723	122.868	119.043	115.92	351.479	342.72	343.409	545.316	547.05	531.426
01:27:00	40.365	39.179	42.34	122.879	118.425	116.949	349.245	342.955	345.749	536.98	545.836	532.798
01:27:30	39.777	39.048	41.14	125.051	119.649	118.24	351.67	345.474	350.947	546.906	548.669	531.624
01:28:00	38.97	38.87	42.77	125.354	115.792	118.826	352.986	341.731	344.506	547.325	547.461	533.067
01:28:30	41.129	38.672	40.477	124.096	114.879	118.389	353.047	345.432	346.505	546.642	548.907	526.59
01:29:00	38.483	39.445	41.633	123.292	118.609	115.854	349.687	340.207	347.167	545.337	547.545	532.956
01:29:30	39.863	40.131	40.365	124.986	117.647	116.87	355.142	341.599	346.485	546.224	545.084	535.414
01:30:00	40.848	39.252	41.515	124.273	114.827	117.159	350.73	345.507	343.356	546.824	550.226	532.76
01:30:30	39.78	39.413	41.354	123.666	117.818	115.269	355.245	346.435	347.419	545.842	548.139	529.256
01:31:00	39.306	39.558	42.116	124.438	117.253	116.289	350.608	344.079	350.16	545.706	556.068	531.806
01:31:30	39.561	39.975	41.573	125.671	115.447	116.828	352.308	346.584	348.223	547.052	553.927	527.259
01:32:00	40.099	38.775	40.641	123.95	114.822	115.834	355.775	344.856	345.985	543.86	546.3	535.991
01:32:30	40.73	40.513	40.584	124.02	118.197	115.251	355.469	346.176	349.023	547.628	549.095	535.695
01:33:00	40.349	40.466	40.603	123.491	118.04	116.994	354.97	343.479	349.378	543.492	551.321	538.867
01:33:30	39.307	38.744	39.729	125.772	118.912	115.681	354.384	345.674	351.321	553.934	558.557	532.284
01:34:00	38.757	38.81	40.329	126.641	113.55	115.925	350.866	341.39	344.793	537.159	545.354	531.139
01:34:30	37.506	40.051	42.181	125.913	116.286	117.514	353.861	344.489	345.257	545.308	556.883	537.582
01:35:00	39.882	39.679	42.07	124.936	118.083	116.197	355.26	346.981	347.37	546.953	550.373	529.742
01:35:30	39.871	39.299	42.623	125.37	116.176	115.941	354.013	347.642	349.426	546.565	550.758	532.208
01:36:00	39.673	40.346	40.612	125.155	114.01	114.567	356.243	343.423	347.282	549.104	548.807	532.868
01:36:30	41.114	39.551	40.915	125.527	117.232	115.831	355.194	347.491	351.325	550.552	556.431	540.796
01:37:00	40.272	39.75	40.735	126.187	117.137	114.108	356.431	350.434	352.381	548.731	548.394	532.152
01:37:30	39.618	40.341	42.47	124.01	115.421	117.518	353.493	343.075	350.664	554.809	555.805	532.424
01:38:00	40.327	38.586	41.002	123.819	114.966	116.222	349.82	346.761	346.018	543.561	543.158	534.689
01:38:30	40.94	41.069	40.187	123.811	112.798	118.564	354.003	350.022	353.279	551.675	550.655	535.93
01:39:00	39.293	40.646	40.635	126.734	113.282	115.657	352.224	350.413	348.869	546.283	550.729	539.126
01:39:30	40.51	38.579	41.854	127.414	113.78	114.338	356.093	344.773	347.585	547.585	552.489	536.081
01:40:00	40.241	40.939	42.421	125.949	114.254	114.621	353.003	348.019	349.033	554.868	543.976	539
01:40:30	40.376	41.265	41.092	127.062	114.763	113.35	357.789	349.397	351.854	547.827	553.191	530.255
01:41:00	39.282	40.572	42.389	124.163	114.575	112.553	353.332	347.846	347.924	548.924	550.823	532.982
01:41:30	39.484	40.975	40.423	126.772	111.426	113.335	358.332	351.416	350.42	551.424	553.558	534.956
01:42:00	40.623	40.071	40.958	126.446	115.067	114.51	357.714	348.51	348.598	549.501	556.085	536.447
01:42:30	39.489	39.736	40.663	123.532	113.893	113.918	354.099	345.133	348.034	546.344	553.898	532.546
01:43:00	39.833	40.024	42.935	126.268	115.15	115.938	357.223	346.937	348.268	549.98	559.784	531.516
01:43:30	40.846	39.647	40.774	124.345	113.338	114.233	354.954	347.595	346.219	552.08	554.818	534.868
01:44:00	39.23	40.219	40.697	128.819	116.541	113.33	357.674	350.77	355.299	555.071	556.065	537.052
01:44:30	39.358	39.54	41.753	127.197	113.073	112.932	356.453	343.708	352.403	543.359	547.589	532.438
01:45:00	40.564	38.95	42.561	128.11	115.943	115.011	353.731	350.688	350.56	550.162	553.038	538.554
01:45:30	39.279	38.989	41.053	125.699	112.686	113.185	358.395	351.548	355.035	554.345	555.895	532.693
01:46:00	39.861	39.919	40.393	127.723	113.353	113.634	358.028	343.207	351.218	546.767	553.88	535.797
01:46:30	38.508	40.063	41.152	127.188	113.317	113.486	360.912	346.222	353.321	553.847	556.475	539.597
01:47:00	41.216	38.727	42.19	125.485	111.702	113.544	353.156	347.236	347.445	548.337	557.163	534.976
01:47:30	39.86	40.755	42.034	125.378	115.044	114.665	359.304	349.695	352.094	550.017	558.707	539.385
01:48:00	39.245	40.165	41.313	126.897	114.263	115.456	355.492	354.608	350.28	550.55	556.169	538.497
01:48:30	41.981	39.809	42.404	125.246	114.249	113.879	359.879	354.575	355.608	550.389	558.717	545.147
01:49:00	39.971	40.51	40.865	129.676	113.322	116.709	359.039	347.727	349.548	551.452	555.483	539.39
01:49:30	39.483	38.833	42.677	128.084	112.046	116.272	359.098	351.216	350.241	553.286	555.432	539.953
01:50:00	38.969	40.05	41.528	128.78	112.479	116.56	360.228	352.939	354.608	553.096	555.911	539.955
01:50:30	39.586	39.779	41.195	127.877	116.062	115.686	358.173	349.272	356.436	556.725	560.114	540.841
01:51:00	38.341	39.49	40.683	126.615	113.695	113.461	354.002	350.11	355.242	556.393	553.2	544.217
01:51:30	39.425	40.582	41.97	128.736	111.765	112.951	357.753	347.365	355.165	552.122	558.835	537.654
01:52:00	40.734	39.469	39.236	127.957	114.15	114.869	356.281	350.118	351.749	554.339	555.542	535.82
01:52:30	39.741	39.471	40.601	128.305	114.514	114.833	361.666	355.266	355.81	550.695	557.232	538.821
01:53:00	39.289	38.993	41.629	129.122	114.86	117.428	363.339	349.39	352.659	550.626	560.014	542.944
01:53:30	40.885	39.847	41.57	127.442	112.338	114.961	363.665	349.973	354.612	556.578	556.525	538.5
01:54:00	40.504	38.012	41.148	128.034	114.052	114.244	361.513	349.956	350.803	547.401	556.406	538.76
01:54:30	40.323	38.965	40.099	127.683	110.351	115.461	358.354	352.39	354.132	556.854	552.2	539.095
01:55:00	39.864	39.21	41.674	131.002	111.292	115.133	362.066	353.422	353.604	552.707	555.256	540.25
01:55:30	40.458	40.636	40.449	126.915	113.719	113.517	362.12	351.694	353.09	548.625	554.822	538.742
01:56:00	40.704	40.089	41.175	128.561	113.497	117.053	360.787	352.065	351.628	549.473	554.472	538.661
01:56:30	40.556	39.847	40.16	127.997	111.415	113.906	364.086	352.832	359.044	549.762	562.538	535.565
01:57:00	39.606	40.132	41.31	129.017	111.874	114.979	358.239	350.834	348.246	555.115	558.457	536.568
01:57:30	40.142	41.505	42.131	129.374	113.603	115.321	360.48	356.811	351.208	552.915	553.039	540.646
01:58:00	40.951	39.767	40.54	126.972	112.937	114.592	361.726	353.857	352.821	554.922	555.892	541.226
01:58:30	39.867	40.249	40.8	129.714	113.474	114.362	360.051	351.471	354.516	549.244	559.793	537.927
01:59:00	39.266	38.703	41.174	127.586	114.036	112.589	359.885	353.802	353.856	552.816	553.216	534.024
01:59:30	39.867	39.581	42.342	129.777	112.351	114.479	360.093	354.073	356.215	551.357	559.209	545.164
02:00:00	41.279	39.958	41.48	128.912	113.317	115.024	361.37	351.555	358.409	548.968	561.504	546.929