Time	25_1	25_2	25_3	50_1	50_2	50_3	100_1	100_2	100_3	150_1	150_2	150_3
00:00:00	106.308	107.094	102.038	209.59	206.694	202.181	402.406	392.439	389.638	562.104	584.997	567.592
00:00:30	99.023	100.52	95.529	204.18	199.743	193.647	385.785	383.567	383.731	553.448	568.814	562.586
00:01:00	97.311	96.677	95.102	200.54	194.532	190.652	372.894	373.763	370.618	545.112	561.817	550.974
00:01:30	93.244	94.079	91.641	194.506	192.522	187.38	363.673	363.166	362.047	532.341	552.562	539.648
00:02:00	93.886	92.463	89.067	184.037	184.519	181.543	360.401	361.108	353.342	530.971	547.78	537.98
00:02:30	90.132	89.57	84.708	176.843	180.485	174.853	351.92	355.722	345.695	526.194	545.098	535.906
00:03:00	86.765	88.445	82.513	176.755	177.599	174.121	350.959	350.261	345.844	524.678	542.297	535.55
00:03:30	85.106	84.112	78.915	170.683	172.663	167.865	342.457	344.268	338.693	519.456	537.978	531.759
00:04:00	79.822	77.866	77.811	169.039	170.759	166.407	338.426	343.511	337.944	514.247	537.268	526.978
00:04:30	76.35	76.545	75.048	163.281	165.429	163.365	338.299	340.964	337.466	520.927	541.392	531.845
00:05:00	73.849	73.962	74.733	161.994	164.729	161.682	336.568	339.774	334.668	512.525	533.971	524.145
00:05:30	72.466	74.007	72.29	158.181	160.178	161.102	337.918	340.698	336.529	510.063	533.659	519.925
00:06:00	71.193	72.339	71.282	158.527	161.916	158.292	334.441	334.735	332.98	513.112	534.031	522.038
00:06:30	70.354	68.791	69.297	153.962	158.349	156.068	331.363	328.766	327.859	507.498	529.353	516.497
00:07:00	70.301	69.467	69.418	153.502	157.63	149.58	327.076	330.03	327.211	511.323	522.174	517.865
00:07:30	67.473	68.487	68.308	152.959	153.281	150.76	328.804	328.912	329.749	503.385	528.29	519.821
00:08:00	67.568	67.946	66.953	149.682	154.294	147.502	329.476	329.292	327.609	508.475	527.036	519.077
00:08:30	65.889	67.832	65.683	144.911	152.11	143.596	328.464	328.007	326.767	504.489	519.207	515.629
00:09:00	64.578	65.181	66.238	147.06	148.644	144.01	327.641	326.175	328.107	504.984	527.754	516.058
00:09:30	63.687	63.78	65.093	145.207	146.584	140.503	323.808	328.9	323.961	508.781	525.789	513.648
00:10:00	61.851	63.748	62.796	143.335	143.539	138.847	330.267	329.214	322.498	503.755	525.335	513.17
00:10:30	62.557	63.75	63.561	140.438	147.084	139.678	322.4	325.13	321.753	503.138	529.816	514.799
00:11:00	60.938	62.105	60.966	137.973	142.19	135.362	317.991	323.908	314.463	503.47	523.91	512.706
00:11:30	59.992	60.008	61.331	135.819	140.004	134.414	324.747	324.555	322.184	502.919	525.963	510.529
00:12:00	59.553	60.538	60.634	138.182	137.157	134.429	322.115	321.261	321.816	498.714	523.662	515.643
00:12:30	61.681	59.833	58.476	136.606	136.518	132.685	318.539	321.42	318.365	504.24	525.924	509.814
00:13:00	58.417	61.374	59.156	134.543	136.389	131.108	320.872	325.865	318.424	502.013	522.61	508.495
00:13:30	57.901	59.594	58.627	135.084	133.117	131.684	323.53	321.212	314.624	501.433	531.158	508.792
00:14:00	58.006	57.845	56.946	133.099	133.05	129.983	316.304	319.771	313.175	504.908	527.036	510.029
00:14:30	56.287	56.847	55.881	131.927	132.843	127.612	318.413	317.413	315.104	507.086	523.599	507.964
00:15:00	56.095	56.2	57.628	132.303	133.074	127.172	316.537	321	314.707	503.088	519.343	515.275
00:15:30	55.721	56.587	54.74	131.991	127.954	125.284	319.722	322.051	315.731	498.093	522.639	510.258
00:16:00	55.898	56.317	55.401	130.185	127.066	122.6	313.517	317.523	314.127	497.697	518.881	510.918
00:16:30	54.281	56.575	52.871	129.18	125.274	121.311	315.718	317.121	312.011	496.575	521.694	505.028
00:17:00	54.332	56.664	53.787	127.346	125.324	119.325	318.98	317.716	315.547	501.426	524.587	505.718
00:17:30	52.871	54.046	54.193	129.022	124.37	120.485	315.916	321.44	316.797	501.257	522.86	509.419
00:18:00	54.461	54.312	54.171	128.299	124.138	120.3	313.659	317.309	313.257	500.813	524.592	513.705
00:18:30	50.391	52.923	53.4	126.364	123.439	118.216	314.012	318.265	317.3	505.596	522.297	505.481
00:19:00	51.79	55.411	52.906	124.606	121.6	116.048	313.369	317.69	314.473	501.808	516.233	509.245
00:19:30	50.725	51.981	52.072	122.829	119.5	117.924	313.173	316.529	318.212	498.734	521.922	508.243
00:20:00	51.919	52.041	51.775	122.694	120.833	116.674	313.136	314.891	312.694	498.976	517.975	502.829
00:20:30	50.686	52.92	51.8	121.41	119.507	115.517	312.228	319.403	315.056	502.203	525.931	507.953
00:21:00	51.932	51.676	51.608	121.095	120.558	113.441	316.25	314.688	311.801	502.045	514.297	506.703
00:21:30	49.669	50.889	50.727	121.703	116.338	115.039	314.563	317.816	312.891	498.357	519.592	507.774
00:22:00	49.148	50.5	50.231	121.364	119.062	113.464	313.32	315.808	313.627	502.952	519.015	512.018
00:22:30	48.973	50.04	49.82	119.89	116.744	112.703	318.378	316.313	315.44	498.918	517.909	509.574
00:23:00	50.57	50.509	49.707	119.419	116.36	112.01	312.961	318.413	310.36	497.859	522.901	513.1
00:23:30	48.562	50.741	49.922	117.439	114.081	111.168	314.348	313.446	312.766	501.204	522.351	508.147
00:24:00	48.528	50.197	50.712	117.561	113.842	112.558	312.72	316.2	312.897	501.964	519.117	508.316
00:24:30	48.916	48.288	48.732	117.822	114.06	111.143	313.052	314.95	311.719	499.525	514.549	509.207
00:25:00	47.584	47.875	47.526	115.535	115.124	109.778	315.109	312.042	311.18	499.036	517.483	505.667
00:25:30	46.288	47.458	47.969	115.005	114.196	111.704	312.256	318.92	312.455	503.817	522.677	507.434
00:26:00	47.505	48.915	47.085	116.683	112.483	110.749	313.348	317.246	308.296	501.692	521.105	507.358
00:26:30	46.901	49.82	48.095	113.765	110.627	110.717	315.442	316.399	311.821	502.655	523.636	509.586
00:27:00	46.128	46.772	46.767	112.16	110.432	110.077	310.084	314.17	310.686	504.849	516.615	506.123
00:27:30	45.504	46.603	47.118	110.807	112.632	109.764	313.074	312.901	313.112	500.121	517.012	509.96
00:28:00	46.409	47.954	48.518	112.777	111.593	110.079	308.395	315.854	310.974	500.218	517.458	505.202
00:28:30	44.65	49.13	46.842	110.468	110.164	108.441	310.299	312.592	309.537	498.793	519.523	502.074
00:29:00	43.866	46.729	44.994	110.836	111.37	109.801	311.007	311.438	314.914	497.524	517.083	509.522
00:29:30	43.65	47.466	45.947	110.354	110.964	108.629	311.866	314.871	311.684	500.181	516.455	505.272
00:30:00	44.706	47.851	46.728	109.939	111.025	110.423	308.372	311.839	309.008	496.275	517.07	499.293
00:30:30	43.257	46.031	45.104	107.962	112.027	108.343	311.591	312.807	308.302	498.181	516.222	501.019
00:31:00	41.72	46.273	45.376	110.472	110.379	107.058	310.947	315.905	308.016	500.106	523.187	507.343
00:31:30	41.824	47.243	45.153	107.843	109.798	105.11	314.383	313.62	308.185	497.428	515.643	508.138
00:32:00	42.13	45.557	45.323	105.989	107.239	108.1	306.509	312.156	305.174	499.952	517.579	504.322
00:32:30	40.516	46.364	44.963	106.863	108.731	108.386	316.587	316.973	312.141	501.663	519.352	506.68
00:33:00	41.819	44.573	43.845	109.443	107.54	104.499	307.624	307.528	308.447	503.575	514.108	507.296
00:33:30	41.625	44.275	44.603	107.137	107.725	105.518	307.78	310.71	308.919	492.369	516.42	502.428
00:34:00	41.493	43.946	44.883	107.774	109.994	106.715	305.876	312.747	310.419	496.799	511.299	505.366
00:34:30	42.074	43.753	43.258	106.813	110.053	105.731	309.795	313.357	311.157	497.063	516.145	506.167
00:35:00	40.365	44.771	43.434	107.447	107.645	103.765	310.827	313.774	311.604	500.603	517.943	506.196
00:35:30	40.449	43.718	44.988	104.69	106.731	105.036	310.417	315.365	309.431	496.32	517.999	504.775
00:36:00	38.858	43.776	41.754	103.832	106.505	106.532	309.04	310.843	307.037	501.198	515.14	496.161
00:36:30	39.413	44.183	44.516	106.015	108.781	107.835	312.721	312.478	308.62	498.255	520.505	504.289
00:37:00	38.884	44.585	42.154	103.747	109.122	105.522	310.483	308.287	309.583	500.854	511.265	501.59
00:37:30	39.567	43.566	43.359	107.874	106.299	104.374	310.461	310.873	308.136	497.875	519.018	504.737
00:38:00	39.613	43.538	40.077	104.669	106.107	106.314	305.393	311.208	307.498	499.301	515.653	501.969
00:38:30	39.52	42.26	43.387	105.608	108.434	106.627	312.593	313.161	310.259	499.728	516.9	508.025
00:39:00	38.09	42.148	42.908	104.283	108.99	106.551	310.698	314.974	310.769	494.811	518.238	509.395
00:39:30	38.756	43.032	42.19	103.324	106.152	106.175	307.21	314.136	306.092	491.636	513.268	503.196
00:40:00	38.092	41.815	42.865	102.723	107.903	102.615	313.703	317.069	307.21	500.401	519.489	502.047
00:40:30	37.45	43.224	41.05	102.337	105.666	106.309	306.131	314.101	308.35	497.024	513.555	502.422
00:41:00	38.634	42.882	41.716	104.614	106.613	104.939	311.673	309.981	308.995	495.723	516.647	500.116
00:41:30	38.537	42.213	40.898	102.412	107.11	102.319	306.191	309.402	306.104	497.477	510.921	499.27
00:42:00	37.591	40.873	40.63	105.512	105.483	103.003	308.473	311.861	305.172	498.611	513.103	502.013
00:42:30	36.754	42.215	42.566	100.456	105.874	103.86	306.804	308.745	306.368	496.294	512.333	502.327
00:43:00	37.364	41.415	41.941	103.213	106.227	103.926	308.635	314.363	303.816	494.572	512.938	500.773
00:43:30	37.234	40.336	40.997	102.474	106.071	102.081	308.247	310.309	302.698	494.604	519.518	502.456
00:44:00	37.693	39.995	41.056	104.378	104.237	102.865	306.791	310.658	302.332	495.436	513.628	506.461
00:44:30	37.186	40.7	40.146	102.131	105.11	102.943	309.378	313.162	305.812	497.893	518.961	499.256
00:45:00	36.211	40.076	40.177	100.03	105.181	102.589	306.202	312.781	309.145	499.707	514.789	500.698
00:45:30	38.518	40.404	39.605	102.96	104.963	105.26	311.132	310.366	307.917	494.889	515.924	503.716
00:46:00	36.334	39.081	40.068	101.872	105.61	102.841	309.18	310.555	305.311	492.738	509.342	502.532
00:46:30	35.8	39.64	39.398	101.864	104.645	102.314	303.309	307.127	304.988	491.648	512.529	504.436
00:47:00	36.262	38.862	39.226	101.941	104.702	100.411	305.842	304.962	307.378	497.623	518.255	500.582
00:47:30	35.851	38.766	39.989	100.558	106.279	102.449	311.449	310.87	302.021	494.821	511.175	503.901
00:48:00	37.086	39.758	38.717	101.405	104.541	101.018	305.905	308.346	302.801	493.181	506.25	503.532
00:48:30	36.317	39.872	40.442	100.307	105.988	104.317	303.424	308.198	305.515	491.223	510.942	496.791
00:49:00	35.536	38.18	39.929	100.668	106.324	101.595	306.168	309.107	305.684	493.362	515.36	499.274
00:49:30	34.267	39.071	40.474	103.168	103.919	103.243	303.214	306.142	302.291	491.154	512.199	503.362
00:50:00	36.507	38.602	38.983	100.079	104.104	102.527	305.894	307.071	304.22	492.492	512.074	496.064
00:50:30	34.782	37.469	40.373	99.26	101.065	101.07	303.54	310.831	305.517	491.41	515.347	493.98
00:51:00	35.419	38.239	39.663	97.905	104.58	104.376	302.937	303.907	301.707	495.732	507.488	495.077
00:51:30	35.442	39.198	38.825	102.141	104.038	98.299	303.567	305.864	304.686	490.8	514.607	501.165
00:52:00	36.306	37.416	40.103	100.275	102.495	100.282	306.007	307.168	304.185	488.984	511.902	499.252
00:52:30	35.072	38.706	38.913	98.934	105.939	101.515	306.494	310.198	302.267	491.339	511.211	499.143
00:53:00	35.448	37.702	37.999	100.008	100.887	100.335	303.851	304.743	303.366	493.69	509.332	497.371
00:53:30	35.816	37.882	38.699	100.529	104.637	102.657	308.509	310.51	304.997	486.66	509.712	501.307
00:54:00	33.812	36.911	38.095	102.145	103.337	99.74	303.698	307.728	303.27	493.897	510.033	497.883
00:54:30	35.8	38.22	38.515	98.898	103.956	102.164	308.029	311.719	305.637	491.12	508.238	498.91
00:55:00	34.719	37.088	38.401	97.849	102.199	102.348	306.719	304.305	304.453	492.74	514.519	498.815
00:55:30	35.891	37.566	38.834	98.536	102.349	100.866	306.849	308.803	302.517	487.891	510.076	499.949
00:56:00	34.082	37.367	38.54	99.131	102.164	101.143	303.46	303.193	302.408	490.096	507.135	500.103
00:56:30	35.995	37.812	38.633	99.974	103.336	101.544	305.322	306.27	306.665	497.767	514.175	498.087
00:57:00	34.236	36.178	39.38	101.367	102.058	101.533	307.31	305.984	305.203	493.204	518.074	502.262
00:57:30	35.197	36.634	38.895	98.616	103.366	101.111	305.01	310.09	304.798	494.56	508.286	501.701
00:58:00	35.58	37.85	37.76	98.114	103.076	103.35	307.48	304.95	302.565	495.645	514.349	500.759
00:58:30	35.262	36.304	39.177	100.614	102.908	102.28	308.664	308.088	303.401	492.258	517.189	505.713
00:59:00	34.861	35.597	38.469	98.47	103.606	101.049	303.66	305.561	304.017	488.722	515.117	496.912
00:59:30	35.49	37.295	38.048	99.544	105.372	101.96	304.534	304.983	305.089	487.236	512.254	501.738
01:00:00	35.244	36.459	37.783	102.547	102.29	100.25	299.972	308.389	302.521	490.736	510.664	497.818
01:00:30	34.542	36.861	39.345	101.132	101.16	103.422	308.868	306.444	303.932	487.977	510.363	497.244
01:01:00	35.344	36.208	36.606	100.825	101.999	100.501	306.265	304.551	302.215	493.759	509.373	500.453
01:01:30	33.419	37.738	37.562	102.335	102.967	99.468	306.611	310.076	300.541	496.977	510.869	498.874
01:02:00	34.406	36.018	37.594	100.36	104.823	99.921	303.914	306.384	300.168	493.17	514.48	496.424
01:02:30	35.098	36.561	37.346	98.588	104.908	99.554	304.17	306.798	304.473	494.956	509.036	501.038
01:03:00	34.248	36.882	38.134	97.09	105.049	99.516	304.142	306.692	305.753	487.917	512.559	497.352
01:03:30	35.011	35.406	38.373	96.232	100.919	99.746	302.357	304.31	303.207	490.61	512.807	493.981
01:04:00	34.557	34.602	37.634	99.55	101.594	99.711	306.058	306.624	300.986	491.214	511.272	497.188
01:04:30	34.299	35.982	37.106	98.993	103.427	102.868	306.179	308.272	303.631	495.49	511.183	503.272
01:05:00	35.285	36.066	36.598	98.746	101.83	98.69	307.094	305.195	298.646	493.501	514.915	502.369
01:05:30	34.198	36.788	36.841	99.572	102.404	99.659	304.61	306.622	303.714	485.909	507.495	497.8
01:06:00	35.392	35.229	37.006	98.726	101.506	101.369	308.305	309.876	301.615	490.707	512.882	495.575
01:06:30	34.723	35.648	36.261	98.96	103.766	99.788	307.404	305.697	303.418	490.871	512.03	497.03
01:07:00	35.34	35.541	37.793	99.797	102.44	101.316	303.079	307.467	306.07	486.793	508.671	497.61
01:07:30	35.144	36.185	38.202	96.755	100.064	101.764	304.406	308.092	304.408	493.318	507.73	500.24
01:08:00	33.695	35.587	38.555	99.511	106.339	101.131	305.459	308.085	309.057	491.819	508.03	501.042
01:08:30	34.07	34.635	38.426	100.088	103.324	101.676	305.153	304.112	302.757	488.103	507.577	500.778
01:09:00	35.915	37.862	37.283	99.115	102.526	98.868	305.818	304.774	307.37	492.069	512.219	501.113
01:09:30	33.477	33.402	36.192	99.087	104.082	100.269	304.587	305.152	301.933	491.856	511.381	498.844
01:10:00	34.4	37.655	37.594	99.589	102.805	99.308	304.58	305.735	303.59	493.611	513.517	498.875
01:10:30	35.308	35.053	36.929	98.959	102.696	98.802	306.543	311.179	307.637	492.124	513.056	504.682
01:11:00	34.959	35.774	37.161	97.739	102.931	101.405	303.03	309.569	305.109	494.614	515.491	499.844
01:11:30	33.524	35.452	36.935	98.477	102.127	100.5	306.628	307.375	302.47	493.525	517.219	498.991
01:12:00	35.19	35.919	36.487	96.871	101.763	99.685	303.404	306.629	305.261	495.675	508.603	499.383
01:12:30	34.781	36.344	37.262	100.403	102.085	99.873	306.224	307.304	304.073	495.593	511.996	501.562
01:13:00	34.837	35.514	35.89	99.6	103.445	98.566	300.332	303.582	305.054	486.692	512.494	497.013
01:13:30	35.007	37.04	38.342	99.341	101.758	100.032	305.541	314.104	307.887	491.462	516.671	498.858
01:14:00	34.379	35.042	36.429	97.152	102.927	99.997	309.257	310.105	303.365	486.272	515.583	500.085
01:14:30	34.02	37.421	36.376	100.685	102.561	103.595	304.847	303.25	304.603	492.51	509.207	493.522
01:15:00	34.826	35.398	36.677	98.511	99.893	99.439	303.394	306.872	302.822	489.888	512.711	496.123
01:15:30	34.927	34.912	37.085	97.969	100.401	102.326	306.989	308.716	299.539	488.957	509.891	500.657
01:16:00	34.559	34.934	37.115	97.871	102.351	100.9	306.835	306.976	304.906	490.229	511.553	495.005
01:16:30	33.812	35.031	35.834	98.671	102.195	100.472	305.544	307.828	302.984	488.702	506.966	495.377
01:17:00	34.441	34.986	37.345	98.034	101.928	101.726	307.839	306.566	306.807	492.158	513.09	500.288
01:17:30	34.19	36.347	36.194	98.445	102.733	98.484	302.876	304.679	301.46	487.915	508.56	497.798
01:18:00	34.058	34.866	36.277	97.127	102.545	98.858	306.625	307.515	302.816	492.423	514.17	496.968
01:18:30	34.028	36.696	37.043	100.795	102.86	100.07	305.89	309.018	305.853	493.214	511.838	492.503
01:19:00	33.454	35.75	36.005	95.827	101.434	99.394	304.277	304.565	298.331	490.043	513.506	500.149
01:19:30	33.945	36.361	35.531	97.801	102.285	98.251	304.799	306.179	301.728	496.016	511.574	500.933
01:20:00	34.011	34.62	35.979	96.864	100.375	101.569	300.746	307.283	303.647	488.649	512.498	499.067
01:20:30	33.792	36.446	36.698	99.395	103.643	99.999	304.335	306.797	300.278	490.642	515.638	504.833
01:21:00	34.852	35.69	35.847	96.944	101.225	102.581	307.301	308.119	303.067	488.899	509.311	498.959
01:21:30	35.215	35.569	35.64	98.889	102.162	100.719	304.468	309.362	301.592	497.451	511.187	498.388
01:22:00	34.749	36.419	36.31	99.473	101.476	100.053	307.069	304.057	301.995	490.069	508.786	494.66
01:22:30	34.732	35.524	35.714	98.53	102.359	100.096	306.912	309.431	305.589	493.155	511.425	497.695
01:23:00	33.877	36.859	36.56	99.261	100.955	101.744	304.942	305.694	300.703	489.472	512.998	498.978
01:23:30	33.902	35.392	35.954	97.629	102.668	99.661	302.885	305.232	300.662	489.046	511.397	494.987
01:24:00	33.909	35.471	36.672	97.692	100.531	100.997	304.465	305.707	298.656	490.069	507.128	493.607
01:24:30	33.753	34.926	35.729	100.278	101.386	97.781	306.164	305.215	303.335	489.388	513.332	499.71
01:25:00	34.705	36.191	36.435	99.618	102.421	100.24	305.405	307.044	302.016	489.717	510.561	494.685
01:25:30	34.234	35.33	36.679	98.671	102.345	97.372	300.505	307.338	299.02	482.944	505.411	494.551
01:26:00	34.291	36.048	36.804	97.348	101.962	98.918	303.422	304.896	301.538	496.66	511.607	495.922
01:26:30	35.5	34.573	35.644	97.135	103.891	98.286	305.841	300.436	303.285	488.259	504.99	494.717
01:27:00	33.728	34.773	35.377	97.792	102.958	100.316	302.176	305.607	300.522	492.163	508.778	490.994
01:27:30	33.786	35.282	37.216	100.109	101.621	100.101	305.947	305.259	307.842	493.054	517.427	501.646
01:28:00	33.751	35.342	35.258	100.176	101.047	98.481	307.458	303.604	304.281	490.357	512.19	493.939
01:28:30	34.041	35.829	35.625	98.087	100.354	100.038	306.613	306.53	301.889	490.418	513.571	494.028
01:29:00	35.298	34.88	35.221	99.061	100.284	99.111	305.391	305.128	302.715	490.456	513.418	496.178
01:29:30	34.249	35.309	35.564	99.322	103.004	99.701	301.098	311.177	304.13	486.982	511.193	494.706
01:30:00	34.171	33.964	36.708	99.877	100.3	97.883	304.274	302.781	303.071	485.57	508.165	492.953
01:30:30	34.355	35.268	35.072	98.017	102.135	100.506	304.147	308.275	303.065	486.709	510.721	494.105
01:31:00	34.899	34.642	35.008	96.354	101.247	101.313	305.156	301.816	303.522	491.625	508.965	492.701
01:31:30	34.252	36.087	36.816	97.329	104.532	101.37	305.347	303.367	301.323	492.218	510.04	492.361
01:32:00	34.599	34.69	35.774	97.364	103.062	99.722	305.161	305.888	302.148	485.073	510.482	495.82
01:32:30	33.95	34.587	36.114	99.906	101.572	99.103	301.16	304.723	303.538	492.313	508.213	498.614
01:33:00	33.664	34.612	37.352	96.428	103.201	98.661	305.191	301.249	303.4	489.022	508.537	494.004
01:33:30	34.727	34.49	35.555	99.027	100.627	99.404	301.472	304.01	306.735	492.435	507.96	495.739
01:34:00	33.786	35.766	34.635	96.471	100.263	99.069	300.435	305.846	300.581	483.089	502.247	493.767
01:34:30	32.45	36.357	35.121	97.922	100.306	99.793	305.047	305.509	300.747	490.354	511.311	492.513
01:35:00	34.133	36.216	35.769	97.777	102.24	97.405	305.514	305.478	301.762	489.323	507.994	489.137
01:35:30	33.818	35.649	36.203	98.607	102.779	99.73	302.303	303.579	301.064	491.298	508.763	492.51
01:36:00	33.164	36.75	36.313	97.317	101.574	99.861	304.716	305.95	305.094	495.121	517.057	493.403
01:36:30	34.264	35.356	35.961	99.224	101.989	99.862	306.477	309.397	300.468	492.888	510.238	498.037
01:37:00	35.077	35.418	36.034	98.423	101.1	100.058	301.714	308.613	300.986	488.089	511.589	489.307
01:37:30	33.299	34.933	36.265	98.582	100.848	100.814	303.673	303.65	301.933	493.26	514.998	496.952
01:38:00	32.343	35.218	35.887	96.6	100.109	99.299	306.969	304.026	299.809	487.412	508.934	492.865
01:38:30	34.051	36.825	36.829	100.392	101.444	99.916	303.694	309.376	305.632	493.198	510.364	497.836
01:39:00	34.498	36.798	36.896	96.697	101.306	98.879	305.733	310.38	302.967	492.068	511.827	497.678
01:39:30	34.368	35.002	36.398	97.654	101.793	99.798	307.275	305.383	300.878	488.006	509.572	496.857
01:40:00	35.078	36.252	34.725	100.749	99.777	101.291	306.484	307.672	305.966	490.099	507.158	498.115
01:40:30	34.345	34.66	35.665	98.059	104.096	99.996	303.813	308.292	304.079	492.016	508.711	499.806
01:41:00	32.257	34.773	36.106	98.291	101.678	100.481	303.375	301.536	303.172	487.097	505.769	489.99
01:41:30	35.431	34.982	35.313	98.24	100.67	100.185	307.139	303.863	303.01	485.093	508.944	500.222
01:42:00	33.992	34.664	36.215	96.195	101.467	100.986	304.725	306.578	305.49	488.039	507.378	499.625
01:42:30	34.284	34.984	35.598	98.258	101.643	95.948	303.363	306.032	299.814	488.496	504.054	492.836
01:43:00	33.267	33.764	35.506	98.487	99.018	99.489	306.395	303.253	300.388	487.933	513.277	490.739
01:43:30	33.606	34.456	35.659	97.659	102.105	101.16	305.401	301.936	303.252	483.528	506.255	492.296
01:44:00	34.59	34.847	34.767	98.093	101.546	100.965	306.32	310.652	304.051	490.464	506.121	499.974
01:44:30	34.517	35.382	35.096	99.092	98.993	100.181	305.096	307.585	301.905	488.997	502.224	489.411
01:45:00	34.559	35.428	36.049	97.569	101.601	100.973	303.38	304.444	301.549	486.789	502.004	493.502
01:45:30	33.607	34.999	35.87	99.417	103.168	97.762	302.217	301.642	302.326	488.518	505.79	492.885
01:46:00	34.304	35.329	34.458	99.21	100.311	101.103	302.245	305.625	301.06	487.117	502.454	492.369
01:46:30	33.87	34.058	36.347	98.358	101.439	99.996	305.902	304.199	300.738	490.983	508.519	495.167
01:47:00	33.257	36.179	36.766	96.918	101.225	100.053	301.116	311.543	301.812	489.751	503.428	495.186
01:47:30	33.028	35.031	35.737	96.78	99.487	101.328	301.053	310.06	304.191	488.573	507.842	494.942
01:48:00	34.916	35.398	35.276	98.536	101.748	101.329	305.575	305.155	303.036	495.819	509.793	497.811
01:48:30	34.484	35.183	34.905	98.734	101.633	99.496	305.162	307.719	303.771	488.26	509.196	496.434
01:49:00	34.987	34.4	36.294	99.309	102.671	99.758	301.57	310.572	302.201	488.082	509.574	499.687
01:49:30	34.193	36.12	35.467	97.029	101.754	99.731	304.305	308.703	303.544	488.218	510.029	494.294
01:50:00	34.208	34.432	37.051	99.406	105.043	98.857	304.139	306.487	304.222	488.274	505.072	494.418
01:50:30	33.714	35.893	36.083	101.332	101.837	99.425	307.854	306.889	303.093	492.933	509.607	493.248
01:51:00	34.852	35.356	34.364	98.603	101.387	99.587	301.61	303.747	305.137	493.561	504.124	494.318
01:51:30	34.5	35.992	35.341	98.3	102.673	99.922	301.791	312.906	302.395	494.95	507.342	491.211
01:52:00	33.812	35.815	35.028	96.43	101.538	100.794	304.09	307.475	301.86	488.199	506.284	488.872
01:52:30	35.393	34.679	34.339	96.238	100.76	98.729	303.87	306.391	304.399	489.951	510.768	494.986
01:53:00	33.682	34.972	34.682	95.86	101.261	98.029	302.289	302.266	304.747	486.246	507.868	495.487
01:53:30	34.453	34.651	35.899	97.702	100.126	101.102	306.452	300.809	302.984	489.115	508.376	494.558
01:54:00	33.894	35.075	34.272	97.689	100.149	99.155	304.954	309.148	301.975	491.562	506.123	492.881
01:54:30	34.549	36.989	35.154	97.657	103.516	99.695	306.105	304.865	299.948	487.014	506.435	495.77
01:55:00	35.001	36.14	35.379	100.227	103.611	99.731	304.556	308.155	303.059	488.973	511.045	490.175
01:55:30	33.357	36.364	34.053	98.279	100.48	101.118	301.141	307.941	306.073	486.841	504.981	497.137
01:56:00	31.781	34.963	35.188	97.363	101.152	98.723	302.011	306.704	303.952	483.543	506.28	489.14
01:56:30	33.878	34.716	35.179	99.314	103.857	98.027	305.188	307.051	306.512	492.033	505.899	498.747
01:57:00	33.034	35.781	33.765	98.935	99.585	100.459	302.193	307.028	303.193	490.058	511.065	492.018
01:57:30	34.463	34.796	35.61	98.228	101.859	99.313	302.107	304.495	303.692	487.324	507.834	494.387
01:58:00	33.862	36.029	34.386	99.107	100.395	95.938	302.553	304.773	298.534	484.346	505.695	494.763
01:58:30	33.985	34.886	35.944	97.429	103.127	99.523	304.16	303.007	303.977	485.507	502.604	494.262
01:59:00	34.175	34.471	35.359	99.295	98.005	101.089	300.729	300.429	300.535	486.369	503.841	492.163
01:59:30	34.751	33.703	35.07	99.568	101.792	99.883	302.511	307.542	298.852	488.25	509.027	496.36
02:00:00	34.841	35.921	34.991	98.097	100.579	101.592	304.248	308.582	301.408	484.365	512.319	495.739