Time	25_1	25_2	25_3	50_1	50_2	50_3	100_1	100_2	100_3	150_1	150_2	150_3
00:00:00	82.251	92.317	89.868	164.497	177.171	167.066	332.036	348.546	334.599	508.871	479.241	471.317
00:00:30	88.097	91.94	88.185	160.453	169.185	164.594	322.056	339.093	318.225	496.946	474.949	465.678
00:01:00	80.534	84.405	82.163	156.073	163.5	159.872	312.207	321.862	305.555	489.025	464.157	457.68
00:01:30	74.223	77.61	78.143	155.937	157.19	158.326	304.451	308.642	291.321	475.931	455.265	448.207
00:02:00	70.717	76.572	74.709	154.103	155.72	156.215	294.418	299.003	285.65	468.338	449.242	445.346
00:02:30	68.04	73.062	73.939	147.961	148.744	146.935	286.39	296.571	279.616	463.095	442.883	435.875
00:03:00	67.947	72.922	71.054	147.281	145.453	147.23	282.834	293.684	275.661	463.866	438.143	439.295
00:03:30	65.671	68.53	67.86	141.272	143.017	146.041	280.31	288.488	273.86	462.924	440.858	432.153
00:04:00	64.175	67.701	67.014	139.913	139.152	139.587	277.031	283.715	267.892	455.648	433.3	425.8
00:04:30	61.658	65.15	63.6	135.091	140.113	141.185	276.015	281.349	266.997	452.507	430.944	426.608
00:05:00	60.161	63.935	62.142	132.182	138.179	136.691	271.415	278.844	258.757	445.071	428.341	426.305
00:05:30	59.944	61.502	62.73	131.185	132.542	132.714	268.565	274.873	257.388	448.197	429.993	422.883
00:06:00	57.673	61.165	60.285	129.173	128.331	133.568	269.48	275.079	255.718	450.641	423.958	420.097
00:06:30	57.849	60.242	58.472	124.608	128.958	129.296	268.061	268.796	255.075	444.623	427.59	420.418
00:07:00	54.264	57.229	56.155	122.096	127.938	128.028	265.049	270.895	253.155	443.703	425.258	420.218
00:07:30	54.85	58.092	56.239	124.359	124.679	125.41	262.074	268.758	253.559	442.907	421.142	415.408
00:08:00	51.919	55.503	55.426	120.439	122.31	124.199	261.734	268.961	251.938	442.143	425.233	421.394
00:08:30	51.969	54.966	55.314	121.236	123.171	122.541	262.656	265.611	251.738	441.783	421.408	415.39
00:09:00	50.41	55.974	54.728	118.445	120.85	122.012	261.01	267.644	247.508	441.013	423.047	413.816
00:09:30	49.904	53.576	51.647	117.363	119.471	121.786	257.419	270.024	247.8	441.293	419.522	412.983
00:10:00	47.709	51.373	50.181	116.972	119.658	120.68	255.972	264.504	249.063	437.782	412.604	415.528
00:10:30	46.705	51.572	51.795	114.83	115.553	117.296	253.171	258.703	245.907	442.257	418.831	411.615
00:11:00	47.965	49.866	49.823	114.728	115.596	114.516	249.558	258.702	246.328	440.117	422.478	416.463
00:11:30	47.468	48.682	49.878	111.884	114.871	116.051	255.825	260.621	242.648	441.026	422.321	411.9
00:12:00	45.373	48.846	46.926	112.167	114.753	115.887	253.698	264.04	244	434.642	414.239	416.42
00:12:30	45.845	48.573	46.869	111.171	112.127	113.98	255.917	261.594	243.409	437.355	417.287	411.092
00:13:00	43.04	48.802	47.146	109.044	114.954	110.805	251.002	263.316	240.615	437.406	419.403	412.245
00:13:30	44.118	47.227	45.473	112.41	110.578	110.547	249.079	258.926	238.163	434.115	412.425	410.935
00:14:00	42.656	46.655	44.424	109.027	112.281	115.641	251.667	257.215	242.031	440.35	417.528	407.503
00:14:30	41.685	46.699	43.637	107.998	113.502	108.151	248.89	260.266	243.381	434.797	410.037	412.26
00:15:00	40.639	45.682	45.156	107.176	106.567	108.187	251.155	256.372	240.614	434.774	412.162	418.834
00:15:30	42.344	45.216	44.242	105.302	107.974	106.059	252.411	254.556	237.985	431.413	417.975	411.974
00:16:00	40.316	43.977	43.018	104.02	107.683	106.478	250.333	256.627	239.216	435.283	411.06	413.32
00:16:30	40.582	42.684	40.941	104.397	108.415	105.074	249.887	254.506	234.936	436.735	413.605	408.495
00:17:00	39.481	43.887	41.516	102.264	106.439	106.698	247.095	251.876	236.566	437.952	417.618	411.346
00:17:30	39.077	43.157	40.574	100.761	104.632	104.985	246.143	250.841	236.255	431.558	411.238	411.739
00:18:00	38.089	41.311	42.702	97.308	101.824	104.633	248.183	252.176	238.062	433.837	413.749	408.522
00:18:30	37.604	41.497	41.611	98.7	102.407	101.776	248.03	255.57	234.525	432.722	412.924	409.656
00:19:00	39.345	41.874	41.611	98.832	99.127	103.438	252.721	253.783	237.424	436.98	416.549	412.37
00:19:30	37.059	39.765	42.129	95.068	98.837	103.723	245.153	254.682	235.731	431.867	415.322	411.267
00:20:00	37.927	39.176	40.616	97.297	98.308	100.965	248.95	253.502	236.132	435.739	414.053	407.987
00:20:30	38.801	39.194	39.729	96.531	97.296	100.815	243.634	254.251	235.279	429.861	408.541	404.128
00:21:00	34.959	39.374	39.111	96.023	100.709	99.312	242.12	249.231	232.559	426.194	406.345	405.663
00:21:30	36.103	38.824	39.672	95.652	101.615	99.01	242.765	249.538	236.27	435.647	408.959	408.849
00:22:00	33.823	36.801	38.649	94.273	99.946	97.625	242.478	248.947	232.943	432.518	411.496	404.301
00:22:30	35.101	37.431	39.943	93.639	98.87	96.345	242.469	251.989	234.382	431.327	409.35	400.734
00:23:00	34.932	38.499	38.849	94.055	95.811	96.561	248.042	252.62	237.167	435.122	418.333	406.353
00:23:30	33.863	37.737	38.975	92.923	92.393	94.083	241.797	249.231	234.507	428.309	406.212	406.394
00:24:00	35.786	36.825	37.793	93.173	95.282	95.15	245.665	247.868	230.156	425.446	408.334	405.199
00:24:30	35.185	37.901	37.623	95.338	95.377	92.733	241.154	248.767	229.119	436.57	411.651	404.517
00:25:00	34.049	36.528	37.041	91.864	96.722	94.536	242.506	246.287	229.709	434.631	407.704	406.039
00:25:30	34.014	36.617	35.973	90.963	96.179	92.266	244.32	249.314	229.025	431.471	409.1	405.096
00:26:00	35.246	35.502	35.637	89.875	96.635	94.823	243.969	249.505	230.538	430.915	411.93	406.195
00:26:30	32.834	35.985	36.493	89.771	95.1	90.024	244.252	247.057	231.408	425.702	408.34	408.246
00:27:00	32.094	34.226	35.342	90.177	95.872	92.811	242.095	245.555	230.635	430.358	409.492	399.411
00:27:30	33.81	36.787	35.655	90.104	96.598	92.34	244.055	248.748	230.495	430.476	405.176	406.461
00:28:00	34.383	34.346	35.421	92.832	91.731	91.406	241.009	248.557	231.399	430.314	407.179	402.423
00:28:30	31.994	34.135	36.45	88.226	91.294	91.477	240.855	249.594	233.184	427.338	409.214	402.427
00:29:00	33.695	35.258	35.504	88.586	88.799	88.128	243.02	243.316	229.734	428.649	407.213	402.662
00:29:30	32.542	34.62	34.426	88.407	91.809	89.561	239.119	250.782	228.024	428.464	409.936	402.911
00:30:00	32.638	34.327	35.978	89.205	90.563	88.563	240.71	246.79	235.373	430.182	400.916	404.253
00:30:30	31.397	34.053	35.572	88.114	89.751	88.581	239.936	249.465	229.438	427.958	405.224	406.131
00:31:00	31.107	33.941	33.97	89.073	90.702	87.829	243.983	246.393	233.172	430.926	413.295	404.274
00:31:30	32.444	33.048	35.168	87.961	90.811	88.236	236.036	250.291	228.917	434.552	408.348	404.104
00:32:00	32.534	33.351	33.691	86.756	91.497	89.206	241.622	246.167	229.144	431.739	407.84	401.068
00:32:30	31.396	34.544	32.958	86.091	89.575	88.589	240.682	244.753	231.146	430.49	405.354	402.313
00:33:00	31.252	33.436	34.158	87.149	90.45	87.307	238.059	248.717	232.367	431.34	409.352	409.343
00:33:30	30.943	33.855	33.422	85.537	91.552	86.61	243.654	246.463	229.12	432.168	405.184	404.947
00:34:00	30.879	33.549	33.044	85.152	88.974	87.202	240.738	243.804	225.126	425.94	409.897	403.603
00:34:30	31.034	32.854	33.48	84.286	88.776	86.644	235.791	244.315	226.978	421.895	402.883	399.009
00:35:00	30.467	32.841	31.637	82.538	87.693	85.516	238.314	241.442	229.437	419.505	403.56	401.279
00:35:30	30.651	33.025	33.488	87.129	86.896	85.618	238.127	245.291	226.247	423.462	408.058	400.908
00:36:00	30.885	32.847	32.117	84.867	85.877	86.045	238.301	243.792	227.35	431.155	407.172	398.261
00:36:30	30.49	33.074	32.248	83.49	86.069	85.678	237.4	246.049	225.919	424.247	402.927	404.272
00:37:00	30.906	32.972	32.011	85.586	88.277	85.165	243.326	246.906	228.186	427.08	408.953	402.773
00:37:30	29.31	33.846	32.38	83.455	85.531	85.374	244.579	243.818	232.003	423.742	409.351	409.99
00:38:00	30.676	33.15	33.015	83.996	85.63	86.07	239.937	249.39	229.588	433.028	407.558	403.502
00:38:30	29.543	32.39	32.96	83.134	82.428	86.232	241.183	244.942	230.388	429.825	410.382	404.52
00:39:00	29.336	31.703	32.323	82.761	83.628	84.767	235.912	243.139	226.717	423.108	403.789	403.332
00:39:30	30.514	32.012	32.069	82.938	86.105	84.151	238.951	244.251	225.043	425.986	405.632	404.816
00:40:00	29.912	32.412	33.283	83.51	84.611	86.449	239.645	246.309	231.533	427.481	404.216	403.334
00:40:30	30.466	30.981	32.989	83.387	86.364	82.972	240.377	241.947	227.181	429.971	405.084	401.645
00:41:00	28.731	31.206	31.448	81.073	83.972	83.531	240.303	247.044	227.155	425.18	402.258	401.406
00:41:30	30.745	29.483	32.084	82.703	84.18	82.834	235.554	244.517	224.517	425.523	403.921	404.436
00:42:00	29.746	31.371	31.788	80.369	82.572	83.197	238.097	244.042	226.576	426.654	400.89	404.422
00:42:30	30.448	30.326	30.851	80.392	82.957	85.141	237.991	242.24	229.278	425.909	402.518	395.67
00:43:00	28.702	31.039	32.634	81.585	85.002	81.823	239.788	245.867	228.153	421.31	407.06	400.469
00:43:30	30.314	30.457	29.963	80.566	84.974	82.643	238.155	242.639	229.454	429.195	405.307	400.393
00:44:00	28.983	31.468	30.837	79.168	82.497	83.923	238.567	245.982	227.657	426.721	404.38	397.667
00:44:30	29.403	30.677	31.089	80.601	85.786	83.122	240.659	242.154	226.98	428.849	408.841	399.362
00:45:00	29.661	31.18	32.056	80.253	83.812	82.162	235.638	241.883	226.461	426.549	405.065	404.747
00:45:30	29.167	31.497	31.211	80.584	84.029	81.164	236.622	242.109	225.165	423.992	398.979	404.758
00:46:00	29.042	29.993	30.384	81.402	84.241	80.558	240.07	245.275	225.825	429.733	405.974	400.737
00:46:30	28.6	31.414	30.233	79.317	83.652	81.68	241.386	245.236	229.88	425.659	406.62	401.015
00:47:00	28.182	30.123	30.824	80.87	84.029	80.512	235.438	242.999	227.341	425.018	405.468	398.493
00:47:30	28.158	30.082	30.72	80.84	82.443	81.94	239.005	244.239	224.022	426.422	408.565	400.401
00:48:00	27.867	30.374	31.5	82.016	81.069	82.33	239.408	243.18	229.963	424.443	402.092	397.421
00:48:30	27.299	29.619	29.804	78.287	81.721	80.557	237.06	245.207	224.214	423.769	403.421	398.621
00:49:00	28.456	29.347	30.692	78.63	82.761	80.518	234.95	244.411	227.538	420.971	401.946	397.163
00:49:30	28.45	29.425	30.111	81.023	82.311	79.882	238.165	241.93	230.11	430.932	402.788	407.195
00:50:00	28.18	30.126	30.813	78.077	81.87	80.128	233.165	240.63	225.563	420.83	400.87	395.946
00:50:30	28.766	29.646	29.517	77.675	82.738	80.578	237.331	242.87	223	422.353	406.559	399.819
00:51:00	28.898	30.257	30.604	78.16	83.401	77.807	237.608	241.54	221.335	424.353	403.37	398.479
00:51:30	27.443	30.661	29.829	79.626	80.065	80.433	237.357	242.342	226.782	428.55	404.991	397.796
00:52:00	29.115	29.527	30.653	78.145	77.89	80.57	236.379	242.958	225.827	425.622	407.798	399.356
00:52:30	28.294	30.551	30.684	78.293	79.869	81.712	242.257	243.677	227.124	424.269	400.133	396.836
00:53:00	27.386	30.463	31.373	77.319	81.774	79.39	237.092	242.346	223.291	429.006	403.687	396.71
00:53:30	29.69	29.788	29.385	80.142	80.964	78.916	239.109	242.72	222.705	432.283	404.788	402.525
00:54:00	27.088	30.124	30.043	79.054	80.558	78.46	239.593	239.81	227.334	427.111	409.508	402.323
00:54:30	28.146	30.694	30.735	77.853	79.751	79.045	232.89	244.977	223.972	422.593	401.564	395.569
00:55:00	27.146	30.356	29.539	77.349	81.633	79.107	236.84	245.522	225.673	423.26	407.388	396.187
00:55:30	27.602	29.452	29.087	78.674	80.451	78.797	237.114	242.527	223.535	423.272	401.372	401.014
00:56:00	27.611	31.227	30.591	78.365	80.936	79.288	234.875	241.386	225.278	423.73	398.498	395.707
00:56:30	26.619	29.481	29.694	76.54	80.417	77.953	233.274	242.4	225.925	427.421	401.362	395.876
00:57:00	27.38	29.217	30.263	78.459	80.417	80.98	235.88	242.152	224.484	423.204	409.05	397.127
00:57:30	27.412	29.078	29.313	78.464	80.952	79.45	235.201	236.506	220.674	423.38	398.693	399.38
00:58:00	28.149	29.947	30.215	78.525	81.367	76.5	234.631	240.461	222.978	423.445	406.364	398.179
00:58:30	28.844	28.838	29.949	76.755	80.315	79.769	238.133	241.07	220.459	426.063	403.235	399.743
00:59:00	27.177	29.348	29.679	78.668	80.52	75.292	237.667	241.575	223.282	422.407	401.34	400.085
00:59:30	28.546	29.035	29.172	78.466	78.03	75.964	233.848	238.25	225.818	419.881	403.423	396.49
01:00:00	25.892	29.218	30.044	76.762	78.51	80.221	235.394	240.083	223.832	424.74	400.165	399.514
01:00:30	27.409	28.676	28.488	78.198	80.773	76.134	234.961	242.272	224.447	422.791	399.5	401.554
01:01:00	27.316	28.999	29.818	76.778	80.843	78.295	234.277	240.741	224.991	419.994	399.996	397.489
01:01:30	27.043	29.432	28.742	76.464	81.009	78.262	235.79	240.723	223.943	425.058	403.62	400.376
01:02:00	27.828	30.811	30.564	76.007	78.308	77.57	234.818	243.203	225.428	425.877	400.657	402.58
01:02:30	27.438	30.069	28.839	77.788	78.527	76.59	236.28	240.556	223.426	420.855	398.568	398.322
01:03:00	27.453	28.774	30.355	74.547	77.277	76.58	238.084	240.441	223.11	419.1	396.358	394.42
01:03:30	27.071	28.817	29.225	74.818	76.387	74.444	235.32	241.281	221.721	420.271	401.742	397.891
01:04:00	27.251	29.007	29.458	76.007	77.112	76.63	232.142	242.834	225.472	424.852	402.998	391.781
01:04:30	27.885	28.753	29.986	77.981	78.478	77.122	235.209	242.056	223.445	422.249	403.409	395.583
01:05:00	27.613	28.705	28.979	73.893	77.321	77.052	235.857	238.609	223.091	420.456	406.079	397.766
01:05:30	27.048	29.103	28.054	75.57	75.785	74.706	236.567	238.379	223.201	427.299	401.338	395.34
01:06:00	27.088	28.99	28.666	76.065	77.422	76.788	230.623	240.565	225.277	420.145	396.844	395.046
01:06:30	28.132	30.576	29.09	75.92	76.978	76.613	234.322	239.789	226.181	424.827	398.102	399.145
01:07:00	27.47	28.516	28.783	73.662	78.078	76.893	236.838	239.886	222.315	420.914	401.924	400.287
01:07:30	27.364	28.073	29.24	78.155	76.184	79.439	236.984	243.12	224.151	426.463	406.247	400.788
01:08:00	26.572	28.392	28.925	76.764	76.763	75.593	230.909	241.479	223.334	423.882	401.094	396.151
01:08:30	28.187	28.411	30.205	75.507	77.663	76.308	235.45	242.523	224.865	420.124	403.606	396.013
01:09:00	26.649	28.716	29.887	75.483	75.92	77.199	240.551	240.315	223.985	420.719	399.507	393.525
01:09:30	27.984	28.557	29.507	76.434	74.621	75.282	232.34	241.219	224.495	423.602	404.55	399.036
01:10:00	28.011	29.125	29.02	75.118	78.242	75.743	236.587	237.649	226.348	422.993	398.757	403.55
01:10:30	27.15	28.112	29.428	76.917	77.25	75.525	236.168	241.451	222.342	423.195	404.258	394.822
01:11:00	27.361	28.124	29.687	76.156	76.317	76.323	235.332	238.92	225.541	420.784	396.513	394.709
01:11:30	27.088	28.343	29.228	75.569	76.864	73.804	236.163	240.663	220.586	420.573	400.908	398.143
01:12:00	27.282	28.911	29.934	75.169	76.662	75.879	235.315	240.959	221.695	419.175	402.184	398.671
01:12:30	28.043	28.393	29.33	76.086	75.531	76.919	233.587	241.687	223.567	426.294	397.672	394.201
01:13:00	27.323	28.563	31.248	78.787	76.285	76.159	235.597	240.971	223.829	427.314	407.066	396.279
01:13:30	27.807	29.768	28.982	74.797	75.74	75.433	237.712	242.301	225.719	422.572	403.842	394.764
01:14:00	26.965	29.108	29.917	75.571	75.701	74.785	231.733	237.123	224.833	419.987	400.612	399.169
01:14:30	27.213	27.472	28.17	76.252	75.21	74.424	237.344	239.264	222.286	424.663	396.83	400.425
01:15:00	26.588	29.122	29.427	76.523	77.71	75.899	234.135	234.939	222.033	419.513	398.617	391.823
01:15:30	27.452	29.346	29.919	77.328	76.565	76.095	234.143	242.116	226.964	427.107	404.615	399.994
01:16:00	28.033	28.423	29.209	75.652	74.04	76.409	234.898	245.556	225.332	421.935	403.922	397.252
01:16:30	27.424	28.934	29.433	75.743	77.309	74.119	234.757	239.014	227.126	425.636	404.287	400.408
01:17:00	27.019	27.442	28.503	76.226	75.576	73.798	237.601	240.154	221.092	421.349	398.695	395.879
01:17:30	26.119	29.662	29.934	75.667	74.656	75.277	236.627	239.616	224.362	418.588	396.609	398.574
01:18:00	27.382	28.571	28.36	74.014	77.371	77.433	238.437	242.219	226.286	423.034	404.181	396.512
01:18:30	27.424	28.901	28.963	75.39	74.07	76.854	234.231	240.296	222.029	423.792	397.442	392.751
01:19:00	26.818	29.352	28.864	75.803	74.877	74.754	237.751	240.891	222.612	427.96	400.81	395.275
01:19:30	26.492	30.342	28.758	74.924	74.457	77.647	234.794	239.762	223.565	421.514	402.209	393.85
01:20:00	27.511	30.386	29.906	73.298	75.472	75.707	233.609	239.779	224.043	422.17	397.464	398.326
01:20:30	27.612	29.202	29.326	73.11	75.185	74.028	234.85	242.983	226.192	426.894	396.487	398.125
01:21:00	26.219	29.008	29.051	74.324	74.508	74.782	233.235	243.058	224.547	423.182	395.341	401.528
01:21:30	27.286	28.318	27.669	74.196	76.754	74.597	234.568	239.956	225.285	421.241	398.152	397.861
01:22:00	27.377	28.548	28.385	76.574	77.782	77.553	232.925	243.414	224.619	423.229	400.823	392.058
01:22:30	25.973	27.547	28.355	75.272	75.826	75.162	233.363	239.084	222.323	418.054	399.234	390.645
01:23:00	26.698	29.264	29.932	74.027	76.343	76.01	238.095	240.508	225.561	420.657	396.621	393.887
01:23:30	27.189	29.585	28.841	74.7	76.338	75.553	234.908	240.272	221.211	425.031	403.634	397.831
01:24:00	27.127	29.172	29.366	74.45	75.608	73.762	235.412	238.376	222.628	422.533	400.593	395.772
01:24:30	26.798	28.167	29.197	75.335	75.772	76.188	235.682	238.384	222.117	424.592	396.742	399.742
01:25:00	26.315	29.458	29.69	73.773	78.339	77.282	235.961	240.279	225.402	423.017	397.806	395.352
01:25:30	26.744	29.028	29.097	72.54	75.686	77.191	235.917	239.782	221.645	419.633	399.176	396.117
01:26:00	26.764	28.223	28.769	72.313	78.001	74.789	234.301	235.669	217.755	417.14	399.683	396.639
01:26:30	27.455	28.656	30.819	75.606	75.152	77.392	234.484	242.86	224.918	420.158	396.767	392.426
01:27:00	26.776	29.178	29.32	74.693	74.759	75.512	234.173	239.316	222.64	423.688	398.966	396.635
01:27:30	26.877	28.58	28.455	75.717	76.611	74.133	232.948	242.472	224.184	421.59	400.673	394.118
01:28:00	26.999	28.595	29.581	73.934	74.149	76.747	235.197	239.582	226.56	420.06	398.217	398.623
01:28:30	26.794	29.541	28.974	73.986	76.119	76.085	236.27	236.24	224.326	417.934	397.172	395.389
01:29:00	26.67	28.634	29.094	75.27	78.157	75.165	237.776	241.471	224.012	424.652	401.68	396.675
01:29:30	26.593	28.857	29.177	73.325	76.74	74.533	233.663	239.695	222.04	419.896	392.128	394.148
01:30:00	27.467	28.334	29.001	75.153	74.934	74.967	232.684	235.364	223.213	420.172	396.718	396.189
01:30:30	27.909	28.143	30.023	74.749	77.835	76.533	237.711	240.494	225.747	418.987	400.832	397.241
01:31:00	27.291	28.269	28.115	73.835	76.958	74.68	233.111	238.029	222.913	422.862	400.904	392.944
01:31:30	26.929	28.929	27.151	73.663	75.133	75.471	236.223	239.903	220.466	418.614	399.25	395.951
01:32:00	26.946	28.955	28.046	73.086	76.573	76.288	235.146	238.344	225.253	423.262	399.747	399.535
01:32:30	27.789	28.17	27.452	72.091	77.661	75.915	235.522	241.352	223.277	421.792	399.264	396.595
01:33:00	25.971	27.701	28.345	73.336	76.126	76.243	231.02	237.677	224.292	424.289	403.206	396.218
01:33:30	27.175	29.081	29.601	73.239	76.031	75.028	235.895	238.769	223.022	418.635	398.859	400.973
01:34:00	26.775	29.46	28.591	74.073	76.123	75.35	236.617	241.539	222.518	420.489	398.234	394.626
01:34:30	26.733	27.741	28.461	73.736	74.404	76.945	231.475	242.477	225.611	424.137	401.881	395.423
01:35:00	26.154	29.557	28.918	75.095	71.475	75.092	231.089	239.859	226.554	422.561	401.441	394.417
01:35:30	26.303	28.828	28.835	73.52	74.965	74.399	235.893	239.516	224.987	424.086	396.072	396.308
01:36:00	27.527	27.884	29.405	74.171	74.118	73.362	236.965	244.551	224.358	423.503	397.546	399.08
01:36:30	26.666	27.875	29.43	72.871	75.744	75.426	231.304	239.659	221.099	415.745	401.126	396.614
01:37:00	27.091	29.295	28.107	74.291	76.575	74.478	235.856	238.987	222.981	421.605	406.02	400.137
01:37:30	26.47	28.006	28.38	72.449	75.642	75.319	237.635	240.147	225.553	423.692	402.087	396.971
01:38:00	27.105	28.998	28.939	73.314	76.43	74.788	231.085	242.046	226.31	425.54	397.461	394.285
01:38:30	27.107	27.885	28.868	72.384	77.81	75.003	234.934	243.962	221.505	422.956	405.266	395.936
01:39:00	25.414	28.405	29.107	72.681	74.544	74.596	236.091	238.103	222.786	423.481	393.631	398.894
01:39:30	27.836	29.27	29.016	73.003	73.196	74.807	231.368	245.864	223.045	421.042	401.684	393.962
01:40:00	26.89	27.435	29.286	73.904	74.837	75.606	233.672	241.278	224.656	420.72	400.365	391.704
01:40:30	27.914	28.047	28.883	74.348	73.82	74.501	236.343	241.044	222.299	423.741	404.969	395.13
01:41:00	27.3	28.931	27.772	73.83	74.009	74.707	232.669	243.95	224.289	417.46	401.126	399.459
01:41:30	27.828	27.937	28.485	74.654	76.979	75.515	237.266	239.369	223.979	418.783	401.364	397.13
01:42:00	27.084	27.296	29.033	72.533	73.539	73.66	232.801	239.509	223.936	417.693	398.723	393.475
01:42:30	27.217	28.579	28.444	71.636	74.181	74.635	230.18	237.552	220.36	421.352	398.527	391.177
01:43:00	26.399	27.463	29.275	72.514	74.264	72.505	230.191	238.322	220.081	418.895	395.592	392.428
01:43:30	27.435	29.222	28.755	73.06	74.729	75.543	234.586	235.805	224.435	415.378	395.233	398.025
01:44:00	26.912	27.945	29.055	73.721	73.978	75.754	233.949	237.575	224.458	419.795	397.266	393.975
01:44:30	28.086	29.6	28.313	73.193	75.956	72.75	234.042	237.916	221.843	419.52	400.076	397.835
01:45:00	27.05	29.018	28.35	73.867	74.014	73.89	233.999	237.267	225.217	422.306	396.055	390.82
01:45:30	28.17	28.528	28.042	74.898	75.822	74.978	235.968	243.735	226.283	423.75	400.35	397.294
01:46:00	26.226	27.427	28.689	73.519	74.929	74.773	236.074	240.281	222.584	422.31	399.114	394.111
01:46:30	26.357	28.424	29.514	73.169	73.804	74.032	232.69	242.619	225.614	421.522	402.717	397.257
01:47:00	26.391	29.294	29.33	73.133	76.07	75.322	231.255	243.092	225.304	425.917	403.601	392.039
01:47:30	27.125	29.08	29.484	73.42	72.938	74.545	235.48	241.352	224.125	419.479	401.328	394.57
01:48:00	28.432	27.959	27.965	72.852	76.925	75.719	237.363	240.341	224.864	421.583	398.133	394.942
01:48:30	27.547	27.577	29.423	73.341	72.142	75.879	235.082	239.774	225.215	420.094	397.31	395.499
01:49:00	26.693	28.53	28.793	74.079	76.445	74.942	226.549	241.271	223.881	417.918	396.374	390.48
01:49:30	28.078	28.162	29.976	71.846	77.203	71.375	235.629	236.677	223.127	420.821	396.778	390.93
01:50:00	26.872	28.617	29.076	74.102	75.597	75.732	236.769	240.929	222.313	419.772	397.072	396.2
01:50:30	27.963	27.709	28.149	73.278	77.162	74.08	233.95	241.286	226.816	418.991	399.327	396.404
01:51:00	26.979	28.712	28.504	72.87	76.292	76.5	238.806	243.362	226.596	427.143	399.703	399.459
01:51:30	26.86	29.256	29.484	73.031	75.277	74.393	233.033	239.209	225.591	427.028	401.542	392.548
01:52:00	27.241	29.158	29.972	72.964	74.423	75.454	236.253	238.989	223.615	421.457	402.346	392.33
01:52:30	26.768	29.493	28.529	73.409	74.031	74.112	233.755	239.732	222.929	423.735	400.003	395.062
01:53:00	27.165	28.414	29.912	73.961	76.076	75.292	237.147	236.673	223.362	421.412	398.695	398.335
01:53:30	26.572	28.938	30.941	72.644	76.084	74.293	233.843	241.272	221.296	423.539	403.872	397.13
01:54:00	26.842	30.164	30.156	74.738	73.632	74.057	235.487	240.121	222.038	422.735	395.444	392.952
01:54:30	27.643	29.121	29.577	75.249	75.46	75.823	234.167	240.487	222.069	418.372	399.2	398.354
01:55:00	27.771	28.81	29.38	74.551	75.469	74.358	232.931	239.651	225.326	420.841	396.045	393.062
01:55:30	26.352	29.716	28.017	72.676	74.265	74.19	236.981	244.545	220.501	422.563	399.649	391.617
01:56:00	26.838	29.272	28.672	73.291	74.239	72.073	233.811	239.385	224.265	420.86	397.87	393.085
01:56:30	26.422	30.182	28.443	72.892	74.23	74.812	237.498	240.344	221.709	423.936	400.998	393.106
01:57:00	27.588	27.801	27.867	72.564	74.599	72.353	231.371	238.987	224.773	417.089	394.626	391.424
01:57:30	26.393	28.368	29.06	71.791	76.549	73.693	232.869	238.542	220.73	422.217	400.108	393.061
01:58:00	26.138	26.905	28.741	71.972	74.646	73.733	232.941	237.11	223.402	422.975	399.022	389.228
01:58:30	26.499	29.295	30.245	71.618	76.495	73.592	236.123	240.806	221.243	417.204	394.46	396.689
01:59:00	26.178	29.733	29.334	72.771	76.344	73.83	235.411	240.073	222.486	411.713	395.741	392.225
01:59:30	28.186	28.702	29.861	73.825	73.607	73.987	235.338	243.365	220.49	424.698	402.14	392.826
02:00:00	26.174	29.696	28.773	73.696	74.444	72.666	234.259	239.886	221.227	416.497	399.311	391.255