Time	25_1	25_2	25_3	50_1	50_2	50_3	100_1	100_2	100_3	150_1	150_2	150_3
00:00:00	97.199	105.982	109.36	206.506	211.968	211.158	405.187	385.154	420.421	568.416	577.09	572.303
00:00:30	95.686	100.945	103.866	197.615	203.532	201.873	392.865	377.205	410.993	556.391	567.083	562.747
00:01:00	90.107	100.805	101.444	191.341	197.591	198.677	385.342	360.071	395.061	552.811	555.431	552.241
00:01:30	85.177	100.19	98.374	188.665	189.141	192.053	375.22	348.955	385.687	537.368	544.703	544.378
00:02:00	83.878	95.587	93.065	185.584	190.548	191.107	374.647	342.243	384.896	545.445	541.457	540.634
00:02:30	82.328	94.152	89.175	184.613	185.398	188.88	366.316	341.86	376.459	530.011	542.495	533.165
00:03:00	79.464	94.215	87.418	178.659	182.582	180.94	360.846	332.519	372.252	534.322	537.778	535.564
00:03:30	77.627	90.247	85.277	172.56	177.979	175.515	355.754	329.227	370.734	521.777	528.021	527.504
00:04:00	75.166	85.372	82.381	171.34	176.231	169.734	351.961	323.757	366.433	522.182	525.662	526.068
00:04:30	75.173	80.795	80.715	163.283	173.633	167.442	351.569	324.239	363.008	520.62	522.727	521.431
00:05:00	72.07	78.882	79.208	159.755	166.977	165.385	349.167	323.373	360.385	518.797	526.199	522.365
00:05:30	73.044	76.289	78.173	158.417	165.617	161.402	349.41	318.327	357.028	515.503	523.237	519.465
00:06:00	69.379	75.126	79.074	155.504	164.634	162.125	342.159	318.379	358.194	518.734	524.769	518.556
00:06:30	68.7	75.027	74.813	152.856	159.103	156.678	340.402	317.329	349.556	509.923	519.359	513.631
00:07:00	68.589	70.825	75.715	150.505	161.243	154.505	342.902	317.58	352.911	515.864	518.421	516.003
00:07:30	67.233	72.597	74.005	152.193	154.973	152.857	338.898	316.135	354.995	513.598	517.35	517.627
00:08:00	65.419	70.254	72.106	148.971	151.958	150.814	336.841	313.72	351.925	516.302	518.306	517.944
00:08:30	63.153	68.575	71.893	144.937	146.614	149.066	337.838	310.605	346.474	509.687	519.676	514.852
00:09:00	64.822	67.958	68.676	143.122	149.469	147.405	337.753	312.107	349.112	513.066	520.075	522.629
00:09:30	62.262	66.626	68.48	144.02	145.844	143.036	336.18	311.655	345.311	507.903	515.663	515.603
00:10:00	61.564	66.666	68.501	139.142	146.604	146.568	337.034	313.069	344.672	509.95	514.345	513.088
00:10:30	60.099	66.313	67.897	139.908	144.422	140.933	336.933	309.619	351.749	512.82	517.553	516.104
00:11:00	60.319	66.314	66.09	139.532	141.141	139.883	336.467	312.743	345.832	507.671	515.99	515.676
00:11:30	59.953	64.772	66.903	138.651	140.773	137.091	334.854	307.684	345.037	508.982	508.387	511.717
00:12:00	57.907	63.252	65.149	135.117	137.917	135.024	337.32	312.025	347.674	507.834	510.128	510.308
00:12:30	57.302	62.473	64.926	133.296	135.031	133.74	331.562	307.19	348.231	507.577	510.954	511.821
00:13:00	55.658	60.59	64.45	133.031	133.996	133.584	333.884	304.795	348.225	507.13	511.058	513.693
00:13:30	56.572	60.125	62.307	129.036	131.457	129.801	329.94	308.681	343.751	509.516	507.561	511.769
00:14:00	54.296	60.386	59.27	129.376	130.804	130.879	329.506	300.352	341.502	510.795	512.799	514.424
00:14:30	55.667	59.435	60.307	125.287	129.686	126.736	330.759	304.177	345.223	505.292	507.602	506.875
00:15:00	54.851	59.674	61.507	127.419	126.697	125.944	327.812	302.335	345.326	505.922	512.94	508.521
00:15:30	52.823	59.892	59.419	124.966	128.969	126.539	332.423	306.48	341.68	506.665	507.23	511.836
00:16:00	55.927	59.217	60.052	124.44	129.842	124.486	333.906	302.941	346.982	509.146	502.893	509.607
00:16:30	56.782	55.383	57.515	123.237	123.804	123.756	324.766	302.881	338.572	505.363	506.279	502.935
00:17:00	54.543	57.07	59.356	121.671	123.375	121.144	328.941	302.599	341.171	507.084	509.126	509.989
00:17:30	54.181	56.355	58.74	122.871	123.074	121.704	327.823	304.307	343.126	510.072	511.798	511.626
00:18:00	53.807	56.708	59.204	119.658	122.132	119.521	332.999	303.496	338.605	506.608	512.235	510.469
00:18:30	54.094	54.701	56.539	117.633	121.451	118.993	325.102	305.842	341.231	508.314	510.059	507.482
00:19:00	52.061	56.236	59.018	120.979	124.772	117.921	333.97	304.433	340.825	508.297	510.607	506.334
00:19:30	52.477	56.423	58.687	117.954	124.108	122.293	324.959	300.344	343.922	510.246	508.223	508.972
00:20:00	51.435	53.704	56.945	115.148	119.266	118.846	328.794	300.369	341.41	506.41	511.249	505.849
00:20:30	52.129	54.29	56.269	114.278	119.722	115.923	326.401	305.782	340.749	506.969	513.056	511.325
00:21:00	51.061	52.905	55.765	115.978	119.324	119.594	326.254	302.715	340.399	505.972	508.288	511.609
00:21:30	49.782	54.375	55.59	114.522	119.726	115.114	329.975	304.816	339.312	501.91	507.031	511.435
00:22:00	50.59	52.88	53.928	111.75	118.293	113.214	327.737	303.499	338.25	507.384	508.494	505.958
00:22:30	49.178	51.867	53.743	113.196	119.406	116.863	325.739	301.403	339.935	507.847	508.271	512.712
00:23:00	50.184	52.769	54.319	111.616	118.335	112.692	324.745	301.674	336.211	506.364	508.826	506.534
00:23:30	49.193	51.338	53.741	110.635	119.148	114.934	324.892	301.685	341.874	507.54	509.348	505.71
00:24:00	48.689	52.432	54.702	110.171	118.135	114.658	323.29	298.972	339.818	510.853	509.573	509.256
00:24:30	48.858	52.631	52.511	108.917	116.897	114.748	326.079	301.49	337.499	510.07	505.71	506.62
00:25:00	46.852	50.326	51.5	110.162	118.542	115.941	326.862	301.366	339.037	504.097	512.616	506.079
00:25:30	47.235	50.673	52.3	108.852	114.071	114.75	330.68	302.681	340.987	506.998	508.949	506.403
00:26:00	45.703	50.271	51.398	110.019	116.348	111.839	329.692	299.084	341.67	505.009	509.601	502.197
00:26:30	46.527	51.382	51.964	107.4	117.475	113.307	329.488	301.571	342.286	507.437	506.24	508.857
00:27:00	47.279	51.202	52.59	107.19	115.517	112.658	323.617	297.36	336.553	505.554	505.814	499.96
00:27:30	46.128	50.191	51.902	108.567	115.458	110.688	326.46	301.389	341.361	504.604	504.418	506.677
00:28:00	46.414	49.11	49.854	108.442	114.062	111.18	325.531	300.233	339.754	509.687	507.204	507.113
00:28:30	45.519	49.142	50.579	107.599	116.394	111.06	324.105	298.831	338.091	499.494	503.621	503.34
00:29:00	45.963	49.857	48.706	107.469	114.076	108.78	323.935	297.287	337.931	505.307	509.201	510.939
00:29:30	45.967	48.964	48.755	106.979	113.823	110.898	323.915	300.065	340.09	504.144	508.445	508.069
00:30:00	44.659	48.468	49.892	105.358	115.475	110.244	323.648	297.489	338.878	496.38	504.091	501.629
00:30:30	43.666	47.78	48.84	106.35	113.328	109.328	325.756	300.36	340.306	499.411	505.715	498.704
00:31:00	46.499	48.301	47.947	104.421	112.842	109.771	329.327	299.252	339.197	506.626	509.521	508.97
00:31:30	43.774	48.236	45.478	101.583	114.871	106.417	323.075	295.543	342.539	499.31	501.943	507.135
00:32:00	43.839	48.546	47.215	106.774	115.006	108.883	321.609	295.949	340.742	504.095	504.605	500.663
00:32:30	42.979	47.023	47.431	104.953	113.394	109.829	325.856	296.729	340.62	503.632	508.8	509.215
00:33:00	43.943	47.641	46.594	105.719	111.889	111.262	325.349	294.605	335.276	506.309	499.616	508.091
00:33:30	43.679	46.314	47.381	104.009	111.083	107.086	324.323	296.556	337.934	503.534	506.821	505.272
00:34:00	42.989	47.553	45.847	103.677	113.202	108.783	325.709	297.034	332.935	498.143	502.49	504.224
00:34:30	42.099	45.868	46.418	103.055	114.012	107.218	321.616	296.895	334.591	500.27	504.926	509.865
00:35:00	44.16	47.361	45.479	106.386	113.674	108.162	324.085	298.622	338.439	506.906	508.966	509.071
00:35:30	41.908	45.461	44.336	102.397	111.244	106.646	325.052	297.873	339.111	506.778	499.29	503.548
00:36:00	42.86	45.193	46.305	103.372	112.031	108.479	320.229	298.221	335.206	499.609	506.715	496.826
00:36:30	43.353	44.84	45.104	100.702	113.394	107.94	327.792	298.644	334.682	503.69	513.32	502.101
00:37:00	42.388	45.367	43.667	102.422	112.637	109.243	320.489	295.463	337.69	505.481	505.669	504.111
00:37:30	41.266	44.206	44.575	104.033	114.851	108.815	322.46	294.502	334.859	503.432	499.79	502.72
00:38:00	40.323	45.907	42.849	104.579	112.86	105.793	323.044	297.744	335.984	511.273	506.147	502.106
00:38:30	43.308	44.677	44.443	101.756	111.307	108.435	325.822	302.21	339.633	513.003	509.447	508.063
00:39:00	40.792	44.126	43.818	102.234	111.505	107.824	325.06	298.542	336.611	504.636	508.093	507.589
00:39:30	41.281	43.98	43.129	102.237	109.765	106.198	321.433	296.935	335.502	507.581	503.964	502.641
00:40:00	39.724	44.793	43.011	102.244	113.35	106.295	327.429	293.877	338.09	500.322	509.676	504.521
00:40:30	38.699	43.832	42.497	101.177	110.975	105.555	320.819	291.024	336.584	500.958	503.276	505.155
00:41:00	40.33	44.101	43.698	100.395	110.188	107.067	326.377	297.432	336.135	501.046	503.179	508.361
00:41:30	39.63	43.887	42.087	101.482	111.382	104.733	319.187	294.329	337.404	506.09	502.257	506.15
00:42:00	39.287	44.449	42.345	100.839	113.21	104.956	324.344	292.556	328.802	496.111	504.028	504.111
00:42:30	39.114	44.304	41.786	100.164	109.662	105.151	323.498	291.184	333.566	500.664	507.713	501.334
00:43:00	39.404	44.361	41.027	98.561	109.196	106.997	322.246	294.943	329.93	498.087	501.144	504.896
00:43:30	39.277	43.679	40.905	102.5	109.363	104.286	318.796	292.312	332.896	501.103	504.06	498.948
00:44:00	38.76	41.732	41.298	102.465	109.404	106.14	321.015	289.251	332.013	496.961	504.935	503.055
00:44:30	39.956	42.343	41.604	99.9	109.57	105.612	320.361	294.986	334.266	500.533	504.597	500.332
00:45:00	38.038	41.716	41.625	101.43	108.015	108.312	320.787	295.771	336.197	497.003	505.075	499.387
00:45:30	38.083	41.745	42.275	100.207	112.385	106.78	321.053	296.52	335.477	499.704	500.295	500.928
00:46:00	38.563	40.504	40.501	100.57	110.846	103.961	319.866	290.007	332.19	503.076	500.432	499.323
00:46:30	36.856	42.078	39.69	100.709	108.661	104.798	320.759	292.046	331.997	498.279	502.438	502.454
00:47:00	39.024	41.771	40.739	101.973	108.654	106.458	323.481	294.96	334.899	500.836	501.596	504.341
00:47:30	37.077	41.069	40.694	100.316	110.453	103.633	323.78	293.924	333.881	498.977	505.314	499.584
00:48:00	37.729	40.719	39.402	101.627	107.73	103.152	319.002	287.035	328.845	493.828	501.843	500.908
00:48:30	37.109	39.888	39.8	97.444	107.245	104.577	323.481	294.242	334.575	501.44	504.201	493.976
00:49:00	38.593	40.769	40.167	100.7	109.895	106.368	320.28	289.88	337.353	499.797	505.305	498.752
00:49:30	36.706	39.092	38.244	98.911	109.377	105.057	323.788	293.712	334.987	502.399	501.291	492.584
00:50:00	37.272	39.998	38.444	100.25	108.088	105.19	325.212	294.73	331.953	503.454	494.868	498.256
00:50:30	36.871	39.806	39.33	97.861	109.779	104.22	322.601	292.793	335.332	502.579	504.959	498.173
00:51:00	36.226	38.52	39.32	101.144	109.671	103.406	322.569	290.163	331.587	498.786	501.672	499.02
00:51:30	35.943	39.01	38.757	97.545	107.611	103.802	322.339	294.47	334.986	499.229	498.767	500.342
00:52:00	35.615	38.615	38.672	99.153	107.915	102.287	317.217	290.324	330.982	493.679	493.901	498.157
00:52:30	35.978	37.497	38.378	97.735	106.683	105.61	322.218	291.524	331.976	501.746	502.405	500.109
00:53:00	35.581	39.742	37.976	98.779	107.473	102.547	319.665	290.896	334.665	495.976	499.218	496.708
00:53:30	35.256	38.396	39.105	97.19	108.094	103.983	319.237	292.742	330.602	496.696	503.088	495.875
00:54:00	35.672	38.696	38.543	98.07	107.38	104.519	319.468	291.715	332.417	500.175	493.478	500.981
00:54:30	37.479	38.847	38.843	99.143	108.173	102.272	320.912	288.867	333.874	497.433	502.828	501.746
00:55:00	35.476	37.384	38.51	97.752	109.144	102.313	318.035	289.885	334.923	497.327	502.155	497.612
00:55:30	36.387	38.778	39.903	98.265	107.151	104.073	316.587	291.105	331.812	494.146	494.065	499.446
00:56:00	36.188	38.439	39.503	98.322	109.625	103.911	321.326	290.591	340.169	495.86	500.651	496.771
00:56:30	35.175	38.135	37.339	98.501	109.333	104.872	325.44	292.392	335.149	503.582	501.669	496.934
00:57:00	35.543	39.365	37.735	98.643	108.38	103.019	320.487	290.546	332.059	494.49	496.041	501.127
00:57:30	34.43	38.717	37.887	97.821	105.191	104.046	323.022	292.117	334.603	498.928	498.796	499.887
00:58:00	35.249	37.596	38.169	101.798	106.675	102.238	323.392	292.301	333.072	499.651	500.874	505.466
00:58:30	36.065	38.077	38.085	98.887	109.256	104.762	322.752	292.211	333.451	499.813	501.06	501.551
00:59:00	35.953	37.589	38.253	96.314	107.179	103.425	323.89	291.078	329.523	496.292	499.585	496.788
00:59:30	35.778	37.162	39.134	98.885	105.383	103.023	319.925	295.033	336.128	506.075	500.654	500.571
01:00:00	34.537	38.472	37.869	96.817	107.771	103.344	319.069	293.276	332.133	495.596	503.44	499.428
01:00:30	34.538	36.889	38.235	97.575	105.415	104.435	320.091	292.563	333.41	502.813	499.115	499.252
01:01:00	34.734	36.852	38.942	96.276	104.649	102.736	322.327	291.528	333.616	500.204	503.187	494.884
01:01:30	34.463	36.93	37.738	97.727	107.874	104.069	323.1	291.837	333.773	503.335	503.025	504.247
01:02:00	35.36	36.294	39.402	99.254	108.251	105.383	321.668	290.827	335.542	506.219	498.632	500.86
01:02:30	34.484	37.56	38.305	98.968	106.559	103.773	322.524	292.698	331.537	501.1	502.866	496.139
01:03:00	35.095	37.521	38.489	100.398	106.915	103.275	319.822	293.916	335.387	502.164	499.64	496.758
01:03:30	34.173	37.679	37.092	97.51	105.653	102.297	317.955	292.621	329.989	493.018	503.547	494.617
01:04:00	35.56	36.744	37.715	96.491	109.853	101.186	318.718	294.55	331.094	504.722	500.163	503.615
01:04:30	36.149	37.258	38.443	96.818	105.227	102.567	322.12	291.864	335.226	506.111	497.055	491.622
01:05:00	34.208	36.835	39.081	96.827	106.467	102.902	319.638	292.12	331.167	501.712	503.762	501.506
01:05:30	33.852	38.197	39.06	96.275	107.307	104.031	320.689	291.63	331.132	491.243	496.809	495.121
01:06:00	34.201	35.536	38.965	97.328	108.838	102.577	320.843	289.674	332.949	496.108	498.393	493.725
01:06:30	35.103	36.862	38.586	96.622	105.757	103.427	321.372	289.292	329.748	500.523	503.156	498.495
01:07:00	34.19	37.626	39.009	98.287	108.937	105.406	327.156	292.688	337.203	501.84	501.668	499.145
01:07:30	34.143	36.479	36.981	98.194	107.678	101.798	321.186	292.556	331.651	500.789	499.364	496.343
01:08:00	35.008	36.812	36.713	99.054	106.644	104.423	320.731	289.464	331.654	495.861	498.324	502.604
01:08:30	33.968	37.837	38.81	98.024	107.434	103.908	318.879	288.408	331.81	496.939	500.977	497.894
01:09:00	35.675	36.336	39.624	98.626	106.411	103.866	320.484	295.386	337.282	502.185	498.212	502.977
01:09:30	34.364	35.488	37.452	96.792	108.664	101.817	323.117	291.242	333.601	500.913	503.209	496.718
01:10:00	34.096	36.912	38.751	96.532	104.661	103.187	320.676	293.167	335.336	500.079	500.878	495.11
01:10:30	34.637	35.635	38.118	97	106.512	104.146	318.93	292.872	330.461	499.629	503.741	500.873
01:11:00	34.018	36.05	38.002	97.081	106.685	104.834	322.43	291.881	331.48	498.447	497.894	498.951
01:11:30	33.983	36.229	38.527	95.818	107.824	104.462	314.807	289.779	336.554	502.493	501.236	497.485
01:12:00	32.365	35.661	38.086	97.238	107.13	101.521	320.422	293.733	330.982	503.433	497.676	500.38
01:12:30	35.389	35.28	39.307	96.6	108.025	103.88	320.738	293.872	335.449	502.472	503.484	502.398
01:13:00	33.336	36.599	37.575	97.898	109.491	102.651	317.888	286.18	331.631	493.256	495.23	498.203
01:13:30	33.843	36.569	37.067	98.237	107.206	102.468	320.853	296.628	331.381	498.12	497.676	498.572
01:14:00	33.889	37.242	36.986	98.046	109.671	104.504	320.796	293.411	335.291	499.049	507.591	498.16
01:14:30	33.993	37.763	36.713	97.242	107.704	105.071	319.551	291.469	334.391	497.074	503.501	497.31
01:15:00	34.501	36.783	37.722	96.744	104.515	103.401	322.775	291.045	334.274	497.86	495.188	497.799
01:15:30	34.073	35.755	36.919	98.045	107.171	103.25	322.097	292.892	336.668	503.078	500.689	494.671
01:16:00	33.041	35.366	37.494	96.268	107.328	103.89	317.479	296.905	331.887	501.037	500.745	499.565
01:16:30	33.677	35.995	36.845	97.776	108.319	103.311	317.848	290.743	330.911	497.868	498.926	494.786
01:17:00	34.096	36.278	38.297	98.347	107.942	102.187	322.575	292.34	332.892	497.965	491.741	494.942
01:17:30	33.561	35.478	38.367	96.783	106.842	101.91	325.166	292.381	336.608	498.799	501.472	497.524
01:18:00	34.612	36.416	37.982	96.693	110.031	105.233	318.426	291.975	335.856	500.335	497.234	500.029
01:18:30	34.901	35.754	37.237	96.588	107.848	104.017	322.954	296.139	332.096	505.67	503.963	504.486
01:19:00	34.699	36.762	37.354	97.289	106.716	104.567	319.613	292.412	333.71	497.162	499.635	497.774
01:19:30	35.882	34.412	36.31	99.16	104.842	100.952	323.619	291.137	333.426	497.346	500.019	500.426
01:20:00	34.447	36.171	36.638	97.258	108.45	102.289	317.733	290.38	334.449	493.383	494.146	491.094
01:20:30	33.466	35.733	38.014	98.36	109.971	103.269	321.147	291.088	334.706	503.516	500.315	498.979
01:21:00	34.6	35.89	36.739	96.469	107.502	103.502	313.678	288.871	332.653	496.05	497.313	496.967
01:21:30	33.609	36.976	37.688	98.679	106.796	103.979	318.914	293.476	332.506	502.442	499.195	497.858
01:22:00	35.27	36.323	38.057	96.767	108.284	100.729	314.267	291.754	334.311	498.218	498.967	492.823
01:22:30	34.233	36.663	37.82	98.034	105.715	102.831	319.647	295.565	331.622	503.185	504.185	499.795
01:23:00	33.282	35.596	36.125	100.202	107.072	102.722	319.517	296.993	333.32	498.985	499.636	494.589
01:23:30	33.776	35.375	36.778	98.452	107.409	104.512	316.962	291.034	332.771	501.003	494.089	496.686
01:24:00	34.269	35.781	36.208	97.231	106.098	102.686	316.339	293.839	329.898	494.544	493.68	495.697
01:24:30	34.04	35.821	38.201	96.411	107.818	100.417	318.374	287.857	330.472	497.311	497.347	495.755
01:25:00	33.236	36.76	36.756	98.54	106.074	102.217	319.062	292.382	329.693	501.531	493.087	499.038
01:25:30	33.967	36.873	35.872	97.018	109.121	101.352	317.566	293.586	331.251	491.275	498.259	491.035
01:26:00	34.169	34.816	36.671	97.588	108.57	101.822	321.146	290.62	332.484	499.266	493.948	492.13
01:26:30	34.117	36.015	36.518	98.191	107.658	102.227	314.016	288.764	331.266	495.484	493.828	492.028
01:27:00	33.411	36.057	35.982	97.924	106.699	101.979	315.826	290.247	333.531	493.719	494.061	495.605
01:27:30	34.481	35.357	36.706	95.931	107.715	103.948	321.362	293.593	332.829	499.442	501.979	498.408
01:28:00	34.796	35.445	37.423	96.778	105.765	101.943	317.048	291.541	330.226	501.269	492.97	493.257
01:28:30	33.076	35.589	36.304	97.672	107.581	104.163	320.245	289.961	333.803	497.294	497.417	496.936
01:29:00	34.247	35.399	37.151	99.923	108.549	103.097	318.923	290.475	336.963	497.66	500.742	502.944
01:29:30	34.122	36.564	36.824	98.341	108.282	102.523	322.288	294.906	337.902	499.651	498.404	492.836
01:30:00	33.114	36.021	36.536	95.288	106.388	104.11	317.876	288.217	329.567	489.299	496.616	495.465
01:30:30	32.952	34.926	36.796	98.969	106.82	103.005	322.781	290.327	332.675	497.695	505.246	494.316
01:31:00	33.677	36.008	37.612	96.387	108.536	104.105	315.74	291.013	333.467	494.739	491.523	498.959
01:31:30	35.303	35.805	35.702	98.89	105.184	102.568	318.195	293.668	333.093	500.053	501.796	498.318
01:32:00	34.724	35.639	37.258	97.743	106.235	101.172	318.73	290.561	330.111	496.513	494.282	496.323
01:32:30	33.546	36.908	36.995	98.863	110.027	102.349	318.876	292.106	335.536	498.878	499.265	498.017
01:33:00	33.12	37.177	36.629	96.517	108.617	102.14	319.06	294.967	334.158	493.216	495.044	497.047
01:33:30	34.868	35.483	37.994	97.796	106.132	104.145	316.214	290.841	334.659	499.617	500.345	495.356
01:34:00	32.947	35.955	35.457	95.807	104.877	103.527	316.509	287.693	327.217	494.022	494.037	491.629
01:34:30	33.896	36.013	36.253	96.184	107.573	103.506	316.499	289.202	331.671	498.635	498.557	495.819
01:35:00	33.34	35.193	36.211	96.799	105.532	101.682	322.819	290.123	335.934	495.231	494.824	493.426
01:35:30	33.561	34.528	37.229	96.626	107.066	104.182	318.588	291.535	337.165	496.62	495.347	495.401
01:36:00	33.661	34.945	36.105	100.67	106.364	105.277	323.24	292.505	333.788	499.217	497.231	491.349
01:36:30	34.06	35.693	36.436	96.857	106.203	101.91	319.096	291.912	333.352	497.427	502.275	502.783
01:37:00	32.451	35.302	36.321	95.278	107.735	101.963	320.767	287.76	332.207	498.999	500.977	496.491
01:37:30	33.599	36.382	36.564	96.588	105.818	102.97	318.68	292.527	333.527	500.215	501.325	494.68
01:38:00	33.508	35.705	34.822	96.623	108.38	100.587	318.252	292.351	329.918	497.52	495.713	490.744
01:38:30	32.921	36.109	37.408	99.248	107.889	103.497	321.601	293.405	337.777	499.453	498.776	497.053
01:39:00	35.241	36.027	36.512	98.618	108.128	102.984	319.723	287.227	335.843	498.147	498.864	495.717
01:39:30	34.496	35.196	36.091	99.298	106.015	102.273	321.383	290.432	332.411	495.374	499.544	491.906
01:40:00	34.04	34.611	37.204	98.051	107.432	103.343	317.522	289.339	333.424	496.275	499.168	492.56
01:40:30	33.979	35.676	35.567	99.388	108.392	103.934	325.003	291.257	335.533	499.79	499.452	500.078
01:41:00	34.552	35.042	37.328	97.122	108.786	104.585	318.551	290.305	329.175	493.919	494.908	491.708
01:41:30	34.729	35.758	37.453	97.799	106.451	102.586	324.002	292.181	330.507	500.38	498.123	503.111
01:42:00	33.878	35.729	36.743	97.759	107.61	102.945	317.339	287.779	331.107	496.367	502.016	495.949
01:42:30	33.633	36.03	34.875	98.35	105.7	103.488	318.356	293.59	328.134	496.793	496.503	493.953
01:43:00	34.203	36.451	37.22	98.614	105.642	102.223	317.708	289.024	333.263	495.22	495.191	495.597
01:43:30	33.93	35	36.576	97.168	106.593	103.139	317.965	290.18	330.339	498.077	496.837	489.221
01:44:00	34.468	35.354	36.898	96.257	106.488	102.057	320.114	290.615	332.103	499.602	498.374	499.745
01:44:30	34.258	35.464	37.16	93.437	105.729	100.616	317.843	286.972	329.299	495.084	495.676	495.202
01:45:00	33.352	36.286	35.881	96.861	108.657	99.984	319.821	288.645	331.594	496.749	499.202	493.6
01:45:30	33.154	37.13	36.821	96.064	106.833	103.588	323.139	289.991	328.167	498.367	500.772	494.022
01:46:00	34.512	35.53	34.822	96.871	107.294	104.486	316.732	286.638	331.372	496.374	497.842	493.659
01:46:30	34.482	35.581	34.392	97.902	104.877	103.741	324.255	288.923	335.725	501.94	497.396	494.766
01:47:00	34.337	34.692	36.873	96.363	108.569	101.864	312.916	291.68	331.764	500.545	495.844	497.76
01:47:30	34.088	37.186	37.471	97.132	109.73	103.763	319.91	292.954	332.398	498.441	501.023	502.248
01:48:00	34.881	35.649	35.778	98.961	108.819	105.195	316.201	287.824	334.923	497.561	498.515	492.189
01:48:30	33.706	36.686	35.879	97.543	107.693	103.154	324.196	292.035	334.288	499.846	500.127	498.015
01:49:00	35.41	35.931	36.636	97.594	108.04	103.584	321.542	290.253	335.964	503.168	500.664	500.203
01:49:30	34.265	35.174	35.417	98.214	106.179	103.398	316.756	290.246	329.154	494.478	503.301	489.293
01:50:00	35.33	37.361	35.249	99.875	105.763	102.203	319.898	292.955	331.188	495.013	494.386	498.254
01:50:30	34.176	36.652	36.443	97.054	104.814	101.682	315.692	290.576	332.125	497.941	494.387	497.722
01:51:00	34.786	35.295	37.284	97.408	106.945	101.755	318.191	286.669	336.474	498.091	499.556	494.785
01:51:30	33.775	35.145	35.482	98.113	106.963	104.872	321.76	290.061	331.398	501.974	498.411	498.151
01:52:00	34.494	36.007	36.426	99.154	105.38	103.011	318.509	292.058	330.728	494.208	491.265	495.447
01:52:30	33.725	35.066	35.671	96.146	107.13	103.253	318.355	289.445	333.88	498.285	497.337	490.252
01:53:00	34.561	34.808	36.943	99.277	107.132	102.767	321.044	293.689	333.454	498.417	501.856	499.406
01:53:30	34.604	35.913	35.747	98.165	105.839	101.496	316.388	288.699	332.139	491.901	500.095	496.078
01:54:00	34.267	34.988	36.278	98.608	106.642	104.18	318.636	292.292	334.938	498.885	495.742	497.552
01:54:30	34.885	36.443	37.795	96.607	109.497	104.894	316.606	289.572	335.272	499.3	492.771	496.018
01:55:00	33.922	35.141	35.035	98.546	106.367	103.729	316.01	292.204	333.432	501.18	492.656	495.219
01:55:30	33.139	34.779	36.111	96.125	107.779	103.926	322.938	290.392	334.001	492.208	495.201	496.213
01:56:00	33.394	36.712	36.889	96.196	105.843	102.191	318.184	289.251	331.264	497.208	489.382	492.481
01:56:30	34.028	38.423	36.063	99.764	105.128	104.717	318.168	291.892	333.437	497.011	499.341	496.58
01:57:00	33.269	35.233	35.848	94.707	107.505	101.125	316.809	293.214	329.27	492.805	498.064	498.904
01:57:30	34.159	36.335	35.565	96.381	108.414	101.032	321.42	289.585	328.936	495.657	498.844	491.53
01:58:00	35.337	36.785	35.607	96.47	109.841	103.213	319.553	288.919	330.618	497.492	494.913	490.235
01:58:30	34.287	35.104	36.864	96.849	106.145	102.586	319.132	290.533	333.867	496.694	496.433	494.409
01:59:00	34.895	35.006	35.673	98.922	105.857	102.71	318.57	287.965	329.106	493.956	496.483	491.251
01:59:30	33.902	35.372	35.54	97.055	108.649	101.418	316.871	293.475	335.519	499.882	494.582	494.833
02:00:00	33.279	35.087	36.193	96.486	111.044	102.832	320.509	291.53	330.952	493.756	494.196	498.04