Time	25_1	25_2	25_3	50_1	50_2	50_3	100_1	100_2	100_3	150_1	150_2	150_3
00:00:00	98.693	108.187	108.527	205.648	202.511	207.917	411.149	400.554	402.099	605.554	576.299	547.327
00:00:30	98.076	105.298	101.41	197.655	199.311	203.833	398.481	384.591	391.459	604.118	564.218	536.951
00:01:00	95.702	99.952	97.537	192.141	191.545	199.836	388.316	377.994	382.638	596.034	556.158	534.667
00:01:30	93.132	94.617	93.505	185.826	184.602	191.815	375.812	364.355	371.492	588.472	543.597	521
00:02:00	88.596	91.994	90.383	182.154	186.409	190.579	365.609	360.061	372.367	583.565	542.496	517.46
00:02:30	85.232	90.021	86.295	182.27	183.514	184.483	357.852	352.277	359.63	574.127	540.868	520.955
00:03:00	84.119	87.771	85.435	175.726	179.776	179.342	357.911	355.882	363.181	579.638	537.054	513.557
00:03:30	81.74	85.1	83.125	173.452	174.929	171.814	349.906	345.847	353.199	564.747	524.095	509.105
00:04:00	77.513	82.837	80.144	170.819	169.972	170.192	349.301	349.205	354.04	575.452	529.648	514.082
00:04:30	77.883	80.229	75.574	166.62	170.819	163.683	342.861	340.784	349.968	570.216	527.772	513.403
00:05:00	74.298	79.459	74.321	163.291	166.817	162.323	338.546	340.15	343.966	566.029	523.548	505.189
00:05:30	75.198	77.768	73.027	159.124	164.813	162.95	342.691	343.6	348.291	568.135	524.478	507.372
00:06:00	74.466	78.269	72.59	160.628	159.545	156.989	341.42	336.727	344.367	570.299	515.882	508.153
00:06:30	72.56	74.659	68.572	155.699	159.163	154.468	338.711	336.488	339.06	559.63	512.884	505.151
00:07:00	70.95	71.02	69.337	152.791	157.463	156.32	340.942	335.103	344.963	563.884	514.078	504.421
00:07:30	67.599	70.682	68.027	154.173	154.88	153.443	335.275	338.963	340.329	567.2	517.145	501.798
00:08:00	67.466	69.686	65.499	150.634	151.673	153.064	335.887	333.463	342.741	568.558	519.146	507.285
00:08:30	67.112	66.364	66.619	149.47	150.169	153.506	336.179	330.375	342.053	562.081	514.03	507.001
00:09:00	64.368	66.678	65.757	149.963	149.427	155.593	335.048	336.147	339.152	566.184	519.67	512.808
00:09:30	64.032	64.414	67.387	148.902	149.727	151.818	333.639	337.447	339.747	561.48	512.877	503.024
00:10:00	63.756	63.587	64.513	147.783	148.86	152.874	333.976	334.943	340.013	564.219	516.845	508.056
00:10:30	63.901	62.391	62.975	149.336	149.332	152.165	333.102	336.928	341.68	563.481	513.041	498.374
00:11:00	62.327	61.432	61.9	149.026	144.211	149.144	331.128	336.265	339.574	565.233	517.074	497.268
00:11:30	60.43	61.601	63.294	148.017	145.376	149.314	329.523	331.775	338.985	556.41	508.133	502.017
00:12:00	61.042	59.247	60.554	147.88	146.032	149.179	335.052	331.885	340.998	557.203	508.889	503.675
00:12:30	60.468	58.68	62.145	147.822	145.855	148.507	332.033	327.399	334.537	556.858	510.354	498.827
00:13:00	60.27	58.339	61.002	145.899	143.008	149.153	327.319	333.142	338.194	560.3	511.235	502.923
00:13:30	58.877	58.134	59.226	147.415	143.453	146.867	328.837	329.771	334.035	561.362	509.803	501.208
00:14:00	57.908	55.842	59.943	146.658	144.033	146.848	328.947	328.78	331.419	561.417	508.43	498.176
00:14:30	57.218	58.11	55.563	146.528	142.934	144.698	329.012	328.234	332.118	557.716	509.006	496.187
00:15:00	56.97	57.145	58.284	143.94	146.036	147.637	331.198	329.455	336.892	563.225	513.518	504.649
00:15:30	54.798	57.829	56.901	144.392	144.618	147.049	329.851	330.184	339.867	565.216	511.979	500.196
00:16:00	55.296	54.535	57.337	142.484	144.654	143.869	330.226	332.653	334.961	564.461	504.051	499.659
00:16:30	56.405	55.968	57.926	142.765	140.642	144.27	326.205	331.302	333.311	559.725	511.08	496.395
00:17:00	53.918	55.655	57.11	143.598	143.372	139.8	330.077	331.005	336.45	562.479	511.558	501.601
00:17:30	53.245	55.624	56.539	145.361	147.266	141.276	331.167	332.95	332.343	559.284	515.775	506.606
00:18:00	54.807	55.063	56.533	144.283	146.534	138.811	329.389	330.146	334.48	564.845	508.923	505.117
00:18:30	54.135	54.948	56.43	144.004	146.632	140.84	328.859	327.086	334.654	561.384	511.664	497.024
00:19:00	52.844	54.94	56.006	144.607	144.063	140.923	334.156	333.453	335.995	560.415	511.049	504.083
00:19:30	53.236	53.538	55.235	143.631	144.855	137.94	331.889	331.485	336.493	563.817	509.953	501.321
00:20:00	52.466	54.179	54.039	143.126	143.567	138.445	329.689	332.189	338.034	562.567	508.898	502.673
00:20:30	52.107	52.845	52.568	144.035	143.807	137.007	329.755	330.156	339.148	563.154	511.801	504.088
00:21:00	52.669	52.737	56.496	142.732	142.148	137.387	331.424	327.172	338.788	563.634	511.096	497.982
00:21:30	52.692	53.339	54.538	142.04	143.35	135.059	329.675	332.966	335.228	563.313	510.932	507.318
00:22:00	49.935	52.514	55.3	140.369	142.299	138.153	332.051	328.174	341.506	563.958	510.527	501.893
00:22:30	50.181	51.585	53.455	140.032	142.194	133.435	331.608	333.607	333.76	562.865	502.412	499.546
00:23:00	51.305	50.862	52.957	141.087	139.906	139.826	328.806	326.302	337.384	567.377	515.884	506.033
00:23:30	49.581	52.882	54.929	137.776	138.149	138.325	329.596	329.211	338.496	564.85	510.41	501.331
00:24:00	48.919	51.351	55.223	136.669	135.67	136.704	332.654	334.597	338.841	565.465	517.124	502.779
00:24:30	48.915	52.022	54.188	140.137	137.887	136.644	329.494	329.07	334.716	566.68	515.954	501.535
00:25:00	48.53	50.632	52.105	136.005	134.86	137.667	329.919	331.588	342.115	562.823	510.524	504.962
00:25:30	49.918	51.048	53.095	138.764	139.472	135.613	331.906	333.216	337.592	566.35	515.454	507.531
00:26:00	48.659	50.162	52.278	134.541	135.449	134.086	330.33	332.669	335.128	567.753	510.839	505.838
00:26:30	48.572	50.505	52.84	136.905	136.287	137.055	330.19	334.321	340.724	562.76	512.064	508.209
00:27:00	46.564	49.223	50.278	134.393	134.273	134.276	331.723	332.733	336.378	564.444	504.844	503.826
00:27:30	46.982	50.084	51.195	133.664	132.269	136.553	329.386	328.774	339.944	568.029	509.584	505.004
00:28:00	45.186	51.725	50.07	134.997	134.455	137.57	330.66	333.034	333.716	566.416	511.559	500.262
00:28:30	45.703	48.364	51.216	132.419	135.11	137.048	327.923	332.581	337.329	565.089	514.094	502.568
00:29:00	44.871	50.144	50.868	133.136	134.666	135.292	334.701	330.874	341.848	571.464	511.835	505.705
00:29:30	43.634	48.695	48.821	130.979	133.055	133.723	332.429	331.883	339.296	566.743	517.14	504.524
00:30:00	43.427	48.24	49.243	131.037	133.836	132.168	331.124	330.846	337.779	562.882	509.713	499.768
00:30:30	43.382	50.734	48.995	133.003	132.651	134.948	334.114	331.768	340.807	562.002	505.774	503.962
00:31:00	41.328	50.594	49.097	136.158	133.659	132.567	332.977	333.773	339.9	570.023	518.015	507.794
00:31:30	40.838	46.818	47.908	128.538	134.126	132.499	328.628	329.684	341.324	569.799	510.491	501.004
00:32:00	42.854	49.249	48.453	133.805	132.463	133.2	331.309	329.962	340.817	566.577	507.751	508.58
00:32:30	43.646	48.051	48.642	135.34	133.542	134.316	333.582	336.479	339.538	575.349	515.784	505.647
00:33:00	43.055	48.824	48.556	131.12	129.177	133.492	330.365	333.252	337.666	570.763	513.527	507.153
00:33:30	42.873	48.193	48.544	131.795	131.573	133.81	330.314	334.306	340.455	563.761	508.605	506.794
00:34:00	42.901	49.667	47.878	132.432	132.981	131.152	329.927	333.544	340.789	562.367	506.716	499.306
00:34:30	40.742	47.796	48.448	132.035	131.664	132.001	328.796	332.175	340.376	570.837	516.403	508.717
00:35:00	41.994	46.621	48.516	133.773	129.708	132.344	334.03	334.526	340.618	570.342	515.056	509.981
00:35:30	41.354	47.053	47.01	131.95	128.563	130.977	333.464	333.348	338.044	566.766	509.603	508.048
00:36:00	40.765	47.715	48.457	131.277	128.292	128.866	334.52	331.136	337.58	569.293	511.188	507.126
00:36:30	42.414	46.519	47.664	134.093	129.072	130.75	332.063	331.895	342.225	573.11	515.585	507.121
00:37:00	41.136	47.874	46.162	129.139	129.41	130.096	331.475	331.422	334.807	563.502	510.315	507.916
00:37:30	42.485	46.68	47.351	131.309	130.346	131.982	334.981	331.05	336.629	573.151	517.092	507.514
00:38:00	40.887	46.73	45.759	130.115	131.043	130.395	327.691	331.169	344.017	568.518	518.809	504.742
00:38:30	40.302	47.672	47.55	130.607	130.47	128.837	336.344	331.077	343.118	571.494	517.565	505.479
00:39:00	41.123	46.617	45.294	132.473	132.288	131.231	337.145	335.366	344.512	572.046	512.527	510.602
00:39:30	40.726	46.277	47.6	131.005	131.199	130.86	331.39	337.087	341.502	571.476	515.476	507.336
00:40:00	40.289	46.86	45.388	131.6	131.175	126.746	332.541	339.768	339.649	571.556	514.243	505.863
00:40:30	40.14	46.963	45.527	131.965	131.193	129.175	335.016	336.929	335.375	567.108	514.312	507.93
00:41:00	38.774	45.887	46.005	130.817	129.89	129.569	336.427	335.411	339.437	571.868	514.964	507.468
00:41:30	39.643	47.026	45.081	129.695	131.326	128.267	332.232	332.59	343.207	565.67	513.216	505.031
00:42:00	39.619	45.897	44.215	130.24	130.132	129.049	332.067	333.363	337.646	569.381	514.294	504.928
00:42:30	39.015	46.079	44.355	131.249	129.566	129.571	334.805	338.933	341.291	570.951	512.784	512.065
00:43:00	37.968	45.834	45.064	130.058	130.881	127.994	332.715	333.326	342.012	570.626	508.736	507.527
00:43:30	40.594	44.856	45.271	128.909	130.766	128.885	333.323	337.111	343.054	568.308	514.545	506.028
00:44:00	39.504	44.734	44.347	128.244	130.177	128.424	336.762	333.73	341.045	568.317	516.316	509.929
00:44:30	38.628	45.235	43.638	130.972	129.124	127.846	332.812	333.92	343.965	570.576	518.347	511.721
00:45:00	38.958	46.557	45.291	130.741	125.764	128.078	334.361	335.389	344.405	573.7	516.356	510.137
00:45:30	39.201	46.985	45.257	131.836	128.66	127.429	337.153	339.461	342.008	574.061	516.097	513.07
00:46:00	36.593	45.164	46.103	128.701	128.468	128.932	331.609	337.315	341.858	566.584	513.155	502.845
00:46:30	38.189	44.443	45.206	129.983	130.108	129.217	334.437	338.449	342.267	569.619	518.566	508.887
00:47:00	39.232	45.533	43.581	129.863	127.725	126.528	336.59	339.911	341.525	570.054	515.428	507.087
00:47:30	38.749	44.652	43.92	127.426	130.755	128.782	335.652	335.433	343.842	573.506	514.25	508.471
00:48:00	37.801	44.104	43.767	128.04	128.19	125.589	329.545	332.014	341.875	569.618	516.452	504.457
00:48:30	39.049	44.147	44.529	125.68	129.494	130.771	337.951	334.531	345.076	568.996	514.529	509.78
00:49:00	39.14	45.675	43.92	128.747	128.791	126.968	336.684	336.044	338.327	570.842	517.205	508.538
00:49:30	38.471	45.446	43.503	128.227	127.854	128.488	334.843	338.424	343.381	568.427	512.21	511.327
00:50:00	38.109	44.002	43.208	126.267	127.533	128.846	334.765	337.315	343.004	573.856	517.963	506.424
00:50:30	38.227	43.816	45.282	127.289	129.734	129.524	334.747	333.619	349.527	566.54	516.552	507.205
00:51:00	38.017	44.375	43.345	125.834	126.92	127.215	334.735	337.663	344.714	570.763	513.604	511.924
00:51:30	38.543	43.686	43.541	128.067	126.342	127.205	337.249	338.153	342.278	575.569	516.544	509.688
00:52:00	39.152	44.11	43.638	127.018	128.179	127.597	333.965	336.411	346.204	567.486	515.11	508.309
00:52:30	37.33	45.74	42.412	128.247	126.541	125.47	337.947	339.881	342.023	569.602	517.999	508.29
00:53:00	37.496	45.38	44.793	126.697	128.123	126.524	334.864	337.511	342.453	568.658	514.987	509.258
00:53:30	37.589	43.364	43.68	124.196	126.118	127.812	340.157	333.911	343.064	571.942	519.344	506.602
00:54:00	38.112	44.171	42.605	126.718	126.716	126.551	335.711	340.11	341.298	570.029	513.894	510.071
00:54:30	37.929	44.884	43.084	124.837	125.753	125.372	338.554	340.74	344.937	576.439	520.401	512.973
00:55:00	36.491	44.962	44.299	122.58	124.339	123.389	337.719	342.66	342.736	580.206	513.084	506.923
00:55:30	39.09	43.808	42.622	124.813	126.522	127.199	339.639	341.794	344.476	568.078	514.412	511.785
00:56:00	36.556	44.524	41.406	127.515	126.368	126.656	336.876	339.386	343.094	570.209	511.307	506.234
00:56:30	36.852	44.25	44.104	125.366	128.043	126.659	337.379	339.724	344.527	574.454	516.256	513.833
00:57:00	38.427	43.967	41.94	124.603	128.21	127.55	336.525	339.082	342.428	565.806	511.774	505.786
00:57:30	37.584	43.652	42.625	124.212	126.521	123.739	339.337	340.148	345.702	575.451	521.562	507.915
00:58:00	38.535	44.344	43.891	125.734	123.636	128.609	343.24	343.518	349.123	575.468	516.48	516.493
00:58:30	37.881	44.803	42.122	124.231	126.763	129.099	338.593	342.968	348.168	577.881	524.293	514.71
00:59:00	37.445	44.085	43.447	126.255	128.236	127.497	338.535	344.347	345.397	571.553	519.046	518.719
00:59:30	38.534	43.834	42.059	126.203	129.119	125.549	340.608	339.194	349.378	572.729	520.143	511.617
01:00:00	37.732	45.372	43.05	124.563	126.243	124.394	338.975	336.271	344.016	570.113	520.865	510.153
01:00:30	37.989	45.45	42.734	123.408	125.913	126.322	338.709	339.911	348.576	576.869	517.032	512.097
01:01:00	37.756	44.282	41.845	124.509	125.263	128.674	337.533	341.297	346.016	576.234	519.476	514.799
01:01:30	38.18	44.641	41.745	126.781	126.276	129.863	344.073	341.235	351.534	581.388	519.276	512.339
01:02:00	37.577	45.658	43.014	127.594	126.324	126.872	340.582	343.321	343.918	575.15	523.377	513.035
01:02:30	38.487	44.728	42.716	127.746	125.79	125.887	340.695	342.681	345.729	577.301	519.257	512.473
01:03:00	38.247	43.652	42.238	124.489	127.974	125.559	339.102	340.61	346.583	577.582	525.77	515.957
01:03:30	36.205	43.722	40.937	121.815	127.519	127.223	340.521	339.654	345.667	571.753	520.197	511.175
01:04:00	37.933	45.523	42.827	124.592	123.982	125.788	340.172	343.251	347.931	580.385	519.231	521.845
01:04:30	37.843	45.259	43.07	125.162	124.842	125.464	349.14	345.058	349.221	581.372	519.309	511.185
01:05:00	36.515	44.049	41.983	124.797	128.413	126.117	344.541	346.19	347.971	575.629	524.51	512.706
01:05:30	38.472	44.195	42.175	124.379	123.676	127.546	340.799	344.794	345.656	573.556	514.972	511.108
01:06:00	38.734	44.912	42.081	122.131	129.181	127.515	345.893	342.248	346.801	571.441	515.034	513.941
01:06:30	38.96	44.163	41.437	127.962	126.304	124.62	342.546	340.302	346.372	574.934	524.381	514.35
01:07:00	37.713	43.891	41.424	127.391	127.294	127.754	341.217	346.099	351.859	576.557	525.89	512.385
01:07:30	36.988	44.846	41.697	125.831	129.656	127.716	339.174	348.195	349.617	582.071	524.264	515.466
01:08:00	38.597	45.183	42.695	125.203	130.269	127.011	341.823	344.065	349.786	577.119	522.28	518.023
01:08:30	38.563	43.766	41.71	125.152	123.48	126.053	343.14	340.445	350.154	581.246	515.683	512.961
01:09:00	38.164	43.758	42.884	124.916	127.718	130.389	342.85	344.434	347.959	583.949	525.012	521.384
01:09:30	37.712	43.003	42.442	125.652	123.268	126.085	344.895	346.475	352.338	582.697	523.387	509.93
01:10:00	38.407	43.974	43.16	125.448	123.859	125.234	347.023	341.159	351.353	581.254	518.841	509.902
01:10:30	37.429	43.868	43.275	125.308	123.211	129.841	342.271	346.53	350.407	573.628	527.549	513.837
01:11:00	37.265	43.516	42.472	124.683	124.756	129.864	344.691	348.275	354.296	580.269	523.864	522.755
01:11:30	37.211	44.063	41.155	128.164	125.051	126.835	344.743	346.936	353.88	580.725	523.106	515.458
01:12:00	37.703	45.655	41.999	125.273	126.919	126.604	344.048	346.612	355.514	577.885	523.497	515.677
01:12:30	38.005	43.843	42.052	125.028	127.977	126.975	349.299	349.682	351.834	585.582	526.4	526.076
01:13:00	37.486	44.16	42.161	127.185	121.49	126.671	344.413	344.69	352.991	578.416	525.754	514.836
01:13:30	37.448	43.713	41.291	125.475	127.118	129.807	345.222	349.512	354.037	577.171	523.986	523.073
01:14:00	37.387	44.103	42.714	126.404	123.468	125.881	350.597	344.445	353.016	583.412	522.864	514.877
01:14:30	37.207	42.079	42.509	124.852	123.892	126.049	346.843	346.45	353.18	581.234	528.976	518.538
01:15:00	37.631	42.433	42.671	123.076	124.928	128.321	347.476	345.241	354.277	579.726	525.244	514.814
01:15:30	38.767	44.022	41.736	124.625	126.306	126.596	348.037	345.72	350.012	581.601	528.626	519.21
01:16:00	36.504	43.614	42.715	124.456	125.263	127.741	348.999	349.992	352.934	580.468	530.965	521.382
01:16:30	37.41	44.603	41.052	124.983	124.235	123.13	347.051	348.549	352.704	579.391	523.235	519.524
01:17:00	38.47	44.088	40.782	125.525	125.68	124.019	342.376	348.862	353.63	585.425	526.772	516.931
01:17:30	37.428	43.701	40.826	126.8	124.214	126.989	343.199	346.923	355.311	582.34	527.129	521.441
01:18:00	38.206	42.881	42.417	122.464	120.398	126.055	349.102	347.165	357.211	584.009	525.168	525.274
01:18:30	38.294	42.998	41.681	125.734	125.113	125.625	352.584	347.433	357.061	584.371	530.976	516.515
01:19:00	36.306	43.386	41.65	125.37	125.445	126.547	343.895	348.196	351.957	577.473	521.329	521.909
01:19:30	36.359	43.45	43.353	123.214	125.412	124.251	348.366	351.936	353.946	583.358	530.766	522.55
01:20:00	37.655	43.887	41.277	126.629	125.729	125.681	346.37	352.603	356.33	577.568	526.515	521.226
01:20:30	37.931	44.759	41.198	127.141	125.277	126.206	353.253	355.322	357.924	588.704	530.976	520.826
01:21:00	36.832	44.214	41.468	125.834	121.147	125.992	346.32	347.181	354.119	582.646	524.147	519.216
01:21:30	37.456	43.928	42.086	125.247	126.179	125.303	346.455	349.545	358.05	586.704	522.212	522.849
01:22:00	37.263	42.783	40.773	124.776	124.177	126.7	349.472	348.757	355.787	585.366	520.553	517.161
01:22:30	37.117	41.665	41.727	129.203	124.881	124.247	352.178	351.447	356.551	588.91	529.042	524.004
01:23:00	36.296	44.421	40.448	126.896	126.56	122.047	343.93	348.008	357.592	585.067	526.721	520.343
01:23:30	37.53	42.359	40.657	122.677	123.272	123.762	346.291	353.58	353.996	585.701	524.516	515.667
01:24:00	37.294	42.617	41.551	124.404	121.948	124.157	343.631	350.083	356.711	577.014	526.452	514.41
01:24:30	37.064	44.35	41.273	125.906	123.497	125.873	348.947	345.561	350.529	583.751	527.124	522.838
01:25:00	37.768	44.193	41.253	122.851	124.183	123.338	352.756	347.333	356.976	585.024	529.336	519.158
01:25:30	37.61	44.824	41.12	126.939	123.859	124.092	351.534	345.701	354.497	579.805	526.722	519.184
01:26:00	37.604	45.103	41.966	124.506	122.797	123.818	349.42	352.292	356.323	584.967	526.873	518.655
01:26:30	36.279	42.714	42.024	125.921	122.928	122.783	348.534	350.674	350.366	585.267	528.562	520.46
01:27:00	37.888	43.966	42.689	124.899	123.289	125.177	347.071	351.54	355.267	581.063	525.319	524.499
01:27:30	38.699	44.9	43.023	124.357	125.319	128.057	351.352	355.079	359.094	594.517	532.081	525.009
01:28:00	37.506	43.344	41.097	123.422	123.57	124.816	346.348	352.562	357.702	582.254	524.108	519.889
01:28:30	36.462	43.482	40.495	123.849	123.664	126.59	350.571	352.037	357.304	579.61	528.8	524.86
01:29:00	38.261	43.252	42.375	122.516	119.854	124.852	345.363	353.786	355.63	582.018	530.585	521.744
01:29:30	37.029	43.293	41.96	125.581	119.856	124.09	354.24	350.835	358.367	587.711	528.396	521.755
01:30:00	37.09	42.785	41.675	123.234	121.56	121.968	348.413	348.413	355.875	585.251	523.965	520.529
01:30:30	38.394	43.72	40.505	124.02	122.719	124.522	356.113	356.734	358.181	586.974	531.697	523.738
01:31:00	38.285	43.15	41.774	123.314	122.178	124.071	348.435	355.475	361.54	586.521	529.771	523.468
01:31:30	38.178	43.498	42.49	125.831	123.314	123.97	354.123	355.153	359.408	593.518	531.309	516.98
01:32:00	37.809	42.93	41.78	125.631	121.52	122.951	352.268	352.85	354.901	583.99	528.806	527.818
01:32:30	38.117	43.688	41.706	125.079	123.246	122.895	350.055	352.219	356.815	579.599	531.572	522.269
01:33:00	36.659	43.225	40.153	126.01	123.286	124.237	350.46	353.212	360.275	582.846	522.296	521.278
01:33:30	36.005	43.574	40.6	124.072	123.133	120.028	355.96	352.57	356.061	592.487	530.381	525.134
01:34:00	34.889	42.87	41.841	124.965	123.054	121.636	351.709	349.717	360.762	583.976	527.554	521.59
01:34:30	36.385	43.943	41.748	124.629	120.761	122.807	351.998	353.625	360.386	592.62	530.425	523.651
01:35:00	36.342	43.264	40.619	122.463	118.279	124.565	350.567	352.399	358.748	588.709	532.445	518.968
01:35:30	36.353	42.537	42.813	122.003	120.795	124.497	354.589	353.992	356.265	592.502	525.343	529.151
01:36:00	36.683	42.976	41.107	120.772	117.899	123.913	356.903	353.638	358.296	583.556	541.012	520.624
01:36:30	37.109	43.553	41.359	124.167	122.815	123.845	355.825	358.538	359.002	582.892	534.493	529.613
01:37:00	36.196	43.238	41.996	122.009	124.292	124.218	351.487	353.542	359.182	590.534	532.335	529.47
01:37:30	37.111	43.286	41.88	120.676	119	122.886	357.632	357.685	359.833	587.517	532.421	528.801
01:38:00	36.405	45.398	41.643	123.945	119.208	121.399	349.37	353.471	362.181	584.656	533.726	525.738
01:38:30	37.006	42.844	41.516	120.758	122.189	124.28	352.749	356.492	362.399	593.468	536.25	529.762
01:39:00	35.729	43.974	42.527	121.388	124.369	124.926	352.423	355.252	363.566	586.113	527.102	526.836
01:39:30	37.343	43.567	41.338	120.37	123.041	121.63	356.17	355.753	363.582	589.17	535.144	528.88
01:40:00	37.347	42.97	41.091	122.778	120.382	119.357	353.548	354.02	363.288	590.162	528.462	530.437
01:40:30	36.688	42.421	41.382	121.842	121.289	122.33	356.89	356.514	357.165	589.621	537.877	530.14
01:41:00	37.309	42.743	41.614	121.681	119.534	119.986	352.329	354.288	361.376	583.958	526.459	526.382
01:41:30	37.198	42.822	42.207	122.311	120.304	119.097	356.198	355.822	363.329	595.614	531.204	531.939
01:42:00	36.581	43.779	41.899	123.522	120.315	124.643	354.855	355.064	365.681	598.629	530.999	521.991
01:42:30	37.731	41.453	42.266	119.901	120.615	122.363	348.84	353.393	362.505	584.918	533.027	525.011
01:43:00	35.641	43.112	40.857	119.835	118.458	122.099	356.762	354.025	360.049	591.961	534.67	527.117
01:43:30	38.545	42.673	42.251	121.604	119.146	123.177	355.828	355.975	362.749	589.555	533.505	524.978
01:44:00	38.811	42.555	41.782	122.197	118.998	120.383	355.089	359.005	367.371	589.78	533.418	529.078
01:44:30	36.412	42.565	42.108	118.34	120.442	122.762	356.477	359.276	364.002	593.797	526.957	523.462
01:45:00	38.095	43.355	41.932	120.436	122.041	121.779	357.209	357.488	362.037	589.333	533.906	528.888
01:45:30	37.795	44.363	40.522	121.401	121.818	118.415	353.241	358.684	364.93	589.156	534.49	528.278
01:46:00	36.22	43.029	41.676	121.498	119.229	120.713	353.74	361.209	363.173	590.547	532.732	522.64
01:46:30	37.021	43.092	40.982	121.079	118.586	121.609	360.853	360.906	363.293	590.681	538.358	528.5
01:47:00	36.991	44.248	41.14	122.687	120.713	122.167	356.153	357.109	364.409	592.932	535.197	528.605
01:47:30	37.047	44.947	42.294	119.859	119.459	122.802	356.089	358.658	367.139	594.676	536.761	527.837
01:48:00	35.068	42.657	42.16	120.289	121.002	122.832	353.421	357.417	369.266	594.774	530.895	523.5
01:48:30	37.402	44.149	41.068	118.79	115.473	125.147	357.233	360.053	368.724	594.339	540.74	529.061
01:49:00	36.382	43.631	40.756	118.462	116.761	121.203	358.986	360.536	360.818	594.796	537.114	533.805
01:49:30	37.55	42.262	41.601	120.142	121.397	124.032	360.221	360.242	363.513	595.004	536.183	530.109
01:50:00	37.368	44.152	41.615	120.361	122.45	121.885	357.936	365.453	367.535	594.384	533.645	534.722
01:50:30	37.772	43.594	42.433	122.189	121.251	122.415	359.48	358.539	365.907	594.971	538.579	532.551
01:51:00	37.866	43.301	41.372	121.606	120.667	121.719	355.114	361.307	366.581	590.285	537.255	531.216
01:51:30	38.306	44.11	42.729	122.29	120.379	121.424	359.124	364.152	369.59	595.207	542.552	535.545
01:52:00	37.71	44.432	40.934	119.806	119.224	123.996	356.744	360.767	368.266	592.535	542.402	528.67
01:52:30	36.28	44.477	40.332	120.462	118.884	121.514	363.854	364.181	369.895	590.732	532.153	533.568
01:53:00	36.598	43.86	40.875	119.352	119.631	123.747	359.955	357.651	364.385	603.328	538.556	536.668
01:53:30	37.438	42.279	41.823	119.51	117.432	121.853	359.485	360.682	366.68	591.936	538.226	531.519
01:54:00	38.024	41.72	41.741	119.168	119.128	121.446	359.742	360.631	367.098	592.463	543.246	532.212
01:54:30	38.161	44.348	41.243	119.156	116.82	123.807	360.934	360.904	368.683	601.842	541.586	526.64
01:55:00	37.691	42.551	40.71	118.897	118.445	120.795	358.732	360.443	366.318	594.608	539.742	530.947
01:55:30	36.489	44.129	42.063	116.94	119.367	122.046	362.077	360.71	369.106	596.491	541.608	527.773
01:56:00	36.914	42.762	41.733	119.912	118.191	120.158	358.739	361.61	368.935	596.014	532.363	532.739
01:56:30	37.53	43.188	42.19	119.197	118.424	120.473	360	360.677	369.525	600.465	541.42	533.525
01:57:00	36.473	43.151	41.434	120.957	121.632	121.156	355.721	365.188	363.241	592.517	538.152	524.887
01:57:30	37.055	43.007	42.298	118.289	120.157	122.848	359.301	362.653	363.264	598.318	537.741	529.885
01:58:00	37.765	43.511	39.405	118.888	119.132	120.923	358.44	363.793	364.827	590.849	539.296	525.47
01:58:30	36.289	44.323	41.077	117.82	116.85	119.517	361.802	360.352	365.401	599.693	538.05	529.205
01:59:00	36.322	42.954	40.886	117.172	116.244	120.675	356.579	360.34	367.316	597.009	538.484	523.272
01:59:30	35.353	42.89	41.906	122.222	118.272	120.87	362.815	363.747	368.675	598.099	535.183	533.245
02:00:00	36.945	43.862	42.024	119.412	117.16	117.468	363.601	362.649	367.318	595.835	540.175	533.394