Time	25_1	25_2	25_3	50_1	50_2	50_3	100_1	100_2	100_3	150_1	150_2	150_3
00:00:00	71.111	66.931	73.062	140.965	140.862	132.512	266.804	266.88	266.326	411.345	391.234	380.215
00:00:30	67.156	66.593	71.505	134.252	135.096	131.207	257.346	261.418	262.596	403.253	385.669	370.324
00:01:00	62.978	63.327	66.289	129.937	130.221	125.574	251.354	251.577	248.184	381.122	368.566	349.728
00:01:30	58.214	61.17	64.358	129.29	126.508	122.796	242.345	242.087	240.997	369.837	363.271	343.101
00:02:00	57.418	60.563	59.984	124.128	124.214	120.727	232.821	233.626	233.092	365.61	353.545	330.747
00:02:30	55.954	58.404	57.196	120.288	121.563	114.262	226.364	227.774	228.407	362.173	348.857	330.166
00:03:00	52.925	55.698	55.219	116.904	116.978	113.472	218.264	218.098	220.547	357.587	346.023	326.867
00:03:30	51.572	54.656	53.705	115.373	116.473	110.972	215.74	211.656	213.284	355.78	341.098	321.277
00:04:00	50.111	51.26	51.833	110.692	110.422	106.645	209.224	210.662	208.369	354.476	336.143	315.085
00:04:30	47.188	50.933	50.878	110.472	109.361	105.561	203.438	203.312	202.433	344.695	334.666	311.539
00:05:00	46.595	48.84	49.156	106.898	107.408	102.315	203.313	204.74	196.768	349.588	331.518	312.706
00:05:30	46.484	47.608	47.937	105.368	104.95	100.941	203.604	204.212	194.327	340.387	327.969	312.215
00:06:00	45.242	48.037	45.032	104.076	103.233	98.142	196.775	199.694	193.571	340.042	327.47	310.53
00:06:30	43.756	44.849	45.608	100.665	101.729	98.083	195.076	198.13	187.267	341.483	325.5	304.478
00:07:00	44.268	45.736	45.802	101.021	101.997	97.496	195.572	196.787	188.263	341.578	326.795	306.935
00:07:30	42.522	45.154	41.565	99.369	98.676	94.761	189.682	192.572	183.366	337.395	323.194	304.635
00:08:00	42.248	44.887	42.459	97.363	97.124	95.048	192.677	193.481	187.018	336.665	322.552	305.445
00:08:30	41.095	43.714	41.413	96.294	97.4	92.08	190.21	193.753	180.44	336.771	322.557	305.713
00:09:00	40.702	43.641	41.227	94.222	93.912	90.18	188.568	190.794	180.64	341.881	319.774	302.82
00:09:30	39.423	40.357	41.04	92.94	92.875	90.422	185.114	188.749	180.229	332.526	317.88	297.994
00:10:00	37.796	42.82	39.134	92.417	90.829	89.584	187.644	188.516	177.148	329.977	319.191	297.455
00:10:30	38.954	39.464	38.611	89.622	91.744	87.569	187.252	188.538	181.458	333.646	320.209	301.584
00:11:00	37.51	41.07	38.558	88.053	90.484	86.741	183.971	185.459	176.943	331.717	318.149	302.921
00:11:30	36.327	38.865	37.82	88.388	90.403	87.338	183.803	185.726	175.199	336.113	317.926	298.937
00:12:00	35.06	39.722	36.496	88.496	89.181	86.217	182.578	186.786	176.295	329.971	317.459	300.769
00:12:30	36.344	38.436	34.635	85.958	87.088	84.056	182.365	182.912	175.238	328.548	314.768	298.015
00:13:00	36.138	37.688	37.127	87.076	85.726	82.441	183.918	184.874	174.256	335.836	316.667	299.86
00:13:30	34.39	36.349	36.002	86.542	87.523	82.285	181.363	181.278	172.955	329.487	314.948	300.352
00:14:00	33.715	35.84	34.78	85.331	84.362	82.84	179.857	182.275	170.009	329.533	313.483	300.206
00:14:30	32.68	36.863	35.363	84.387	84.253	81.846	181.381	182.939	173.563	325.149	313.323	294.333
00:15:00	31.785	35.728	33.487	84.164	85.439	80.344	179.254	181.998	169.444	330.496	317.823	292.74
00:15:30	33.297	33.234	33.058	82.97	86.424	79.783	180.733	182.074	171.89	333.416	315.596	295.159
00:16:00	31.898	34.974	34.42	82.326	82.072	79.212	179.001	179.186	169.039	324.365	313.278	297.783
00:16:30	33.4	33.756	33.203	83.413	83.81	78.761	180.121	182.786	172.311	331.947	313.395	297.129
00:17:00	29.893	33.437	32.212	82.677	82.039	79.46	178.994	176.988	168.833	329.155	313.957	294.198
00:17:30	31.492	33.29	33.448	82.057	79.834	78.36	181.872	180.552	168.426	326.651	310.779	297.368
00:18:00	30.996	31.865	31.649	82.681	81.389	77.923	181.406	180.797	169.835	326.974	314.717	297.29
00:18:30	30.634	31.625	31.978	79.948	81.23	75.422	178.362	180.134	166.676	326.603	311.953	297.788
00:19:00	29.948	31.884	32.746	77.905	82.778	78.297	178.144	177.345	170.792	332.667	313.834	297.789
00:19:30	28.675	31.786	31.854	78.078	80.013	76.16	173.946	179.548	168.291	329.242	313.534	295.133
00:20:00	30.162	31.257	30.267	76.961	78.713	73.482	179.393	180.706	167.689	327.683	315.843	292.211
00:20:30	28.849	31.186	29.819	77.072	77.416	74.035	177.095	175.907	167.941	324.191	309.46	295.434
00:21:00	28.222	31.59	31.068	77.642	75.535	74.387	175.632	178.792	165.431	327.796	307.834	294.431
00:21:30	28.939	30.641	29.76	76.054	76.737	74.176	174.372	177.465	166.371	328.201	313.3	295.825
00:22:00	28.652	31.477	28.577	74.968	74.706	73.473	176.648	176.329	166.315	328.244	309.473	296.278
00:22:30	27.19	29.373	28.939	75.171	74.755	72.753	176.379	176.377	164.433	328.216	310.108	292.102
00:23:00	27.265	29.592	28.523	73.184	74.448	72.906	173.513	174.895	166.327	323.875	311.253	296.668
00:23:30	27.576	28.984	27.92	73.62	73.293	72.706	175.485	176.38	166.143	324.877	308.674	296.072
00:24:00	27.664	29.167	27.508	71.387	74.141	70.406	173.963	173.146	164.362	324.067	306.483	295.016
00:24:30	25.772	28.834	27.189	70.999	72.41	72.015	170.44	176.001	161.846	325.182	311.978	290.315
00:25:00	27.628	27.746	27.999	71.328	73.385	70.45	177.426	176.96	163.978	322.868	307.548	291.573
00:25:30	26.52	28.4	26.9	70.427	71.353	68.165	173.67	175.948	164.456	325.642	311.76	292.659
00:26:00	25.805	27.947	26.123	70.679	72.535	69.124	174.783	178.806	166.754	327.113	310.447	297.162
00:26:30	26.253	28.756	25.933	71.184	71.844	69.107	171.708	175.836	165.684	326.283	309.379	290.313
00:27:00	24.631	27.042	26.267	68.425	71.331	67.92	171.037	175.812	162.621	323.922	310.184	292.714
00:27:30	26.611	27.111	27.5	69.33	69.614	68.155	175.673	178.164	167.309	327.596	312.203	295.688
00:28:00	25.421	26.668	25.769	69.321	70.587	67.025	176.352	174.591	165.339	326.534	310.171	292.657
00:28:30	24.471	26.9	25.801	68.929	69.38	68.626	175.033	172.018	165.746	322.401	307.376	291.306
00:29:00	25.175	26.239	25.146	69.35	69.091	67.709	173.489	173.693	167.221	324.448	304.326	296.115
00:29:30	25.286	27.477	26.124	67.444	70.149	67.282	171.95	174.076	166.713	316.086	303.68	293.608
00:30:00	24.764	27.165	27.041	67.017	70.489	67.582	171.888	175.431	164.256	323.718	308.997	290.75
00:30:30	23.574	25.783	24.671	64.64	66.63	67.752	172.139	171.662	163.165	321.62	305.913	293.017
00:31:00	23.975	27.496	25.277	67.3	67.513	67.252	171.245	175.976	163.414	325.438	307.605	291.346
00:31:30	23.115	25.751	25.315	66.259	68.82	66.751	173.302	173.92	163.003	328.291	307.454	292.306
00:32:00	24.021	25.317	24.335	66.041	66.969	66.454	173.634	176.833	163.061	322.832	309.462	291.58
00:32:30	24.181	24.89	24.039	65.483	66.768	65.186	174.303	176.886	163.422	321.662	309.99	291.472
00:33:00	22.966	25.01	24.568	63.846	66.687	64.615	172.157	176.17	163.393	318.442	308.1	293.579
00:33:30	23.048	24.707	24.288	67.118	67.094	65.023	173.848	174.754	161.168	322.033	310.19	292.151
00:34:00	24.051	26.112	24.239	64.443	64.903	65.065	173.786	173.146	163.535	322.875	309.517	290.984
00:34:30	23.062	24.144	23.574	65.31	65.797	64.125	171.18	173.71	164.22	322.811	310.934	290.436
00:35:00	23.411	23.696	24.564	65.82	65.187	63.15	170.927	171.792	162.732	320.363	313.85	292.47
00:35:30	22.782	24.617	23.682	63.455	64.791	62.736	174.365	172.095	164.488	320.57	305.823	288.143
00:36:00	22.963	24.513	23.493	66.252	64.599	63.797	170.758	176.492	161.221	326.674	303.347	290.342
00:36:30	22.873	24.381	25.8	62.698	62.32	63.631	172.491	172.697	163.117	322.804	304.609	293.057
00:37:00	22.526	24.908	24.387	63.924	64.211	63.573	175.03	171.928	164.377	326.172	306.542	291.311
00:37:30	22.586	23.288	24.733	64.531	64.499	62.763	172.368	176.578	162.941	325.842	307.368	292.314
00:38:00	23.229	24.297	24.022	64.322	64.24	63.77	170.471	175.738	164.233	322.25	311.852	295.09
00:38:30	22.905	24.161	22.287	63.62	64.156	62.664	169.765	172.986	162.505	320.402	310.229	292.508
00:39:00	23.388	23.612	22.87	63.759	63.307	64.04	172.259	169.176	162.691	321.991	305.506	291.719
00:39:30	22.857	24.417	23.455	62.862	64.596	64.136	171.472	173.484	165.568	324.424	305.401	295.958
00:40:00	22.857	23.329	23.849	62.319	64.934	63.267	169.892	174.435	163.666	321.599	306.648	293.501
00:40:30	22.812	23.648	22.758	63.03	62.649	62.064	171.453	173.897	162.861	326.735	306.06	293.75
00:41:00	21.641	23.305	22.443	63.997	63.75	64.529	170.414	173.263	158.703	321.794	305.524	291.126
00:41:30	22.326	23.946	22.689	62.419	62.041	64.218	170.114	173.033	164.842	319.319	307.535	293.416
00:42:00	22.006	22.49	22.976	62.562	64.321	63.149	171.206	172.476	164.177	323.092	308.08	291.201
00:42:30	21.675	24.011	23.892	64.319	63.349	62.028	172.5	175.548	161.628	320.325	305.431	290.296
00:43:00	21.523	22.708	22.827	64.11	61.912	62.317	171.667	172.022	165.888	322.451	309.063	292.027
00:43:30	21.359	23.042	22.123	62.558	62.945	60.962	171.184	172.505	162.817	324.483	314.436	290.241
00:44:00	22.402	23.612	23.779	62.563	62.066	61.238	170.744	173.247	160.885	321.927	308.172	292.018
00:44:30	21.455	22.998	22.872	61.441	61.056	62.503	172.915	171.835	163.462	319.196	308.615	290.942
00:45:00	20.615	22.935	22.16	62.846	61.63	61.481	170.267	172.802	163.947	324.649	307.267	291.175
00:45:30	22.327	22.679	22.999	61.83	62.527	61.82	171.93	174.482	165.704	324.737	305.832	293.815
00:46:00	21.675	22.6	22.811	62.017	63.04	63.362	171.289	169.823	162.801	324.298	306.393	292.596
00:46:30	20.715	23.233	23.235	63.656	63.384	62.926	170.298	172.283	162.07	319.24	305.901	293.702
00:47:00	20.967	22.858	21.643	61.883	63.176	62.356	171.297	173.941	161.725	319.928	307.758	293.704
00:47:30	21.384	23.633	22.381	60.344	62.684	61.543	169.324	171.917	162.65	319.247	306.875	290.374
00:48:00	22.09	22.55	21.717	62.182	60.384	60.819	172.064	174.447	162.398	324.233	309.719	292.238
00:48:30	21.951	22.666	22.678	62.383	61.97	60.461	176.468	172.736	163.751	324.521	309.415	296.31
00:49:00	21.792	22.752	21.441	60.685	61.528	60.512	172.579	172.899	162.028	323.786	308.868	289.922
00:49:30	21.086	22.44	21.037	61.384	60.171	61.129	172.343	169.995	163.225	323.914	310.248	291.584
00:50:00	20.458	21.83	21.756	60.384	60.978	60.2	170.755	173.056	162.466	323.899	308.465	291.502
00:50:30	20.624	22.36	21.624	61.655	60.567	58.814	171.709	173.544	161.002	328.566	306.708	291.336
00:51:00	21.291	22.638	22.327	61.526	61.436	60.503	171.923	171.866	162.781	322.107	306.324	298.397
00:51:30	21.341	22.655	21.564	61.604	59.904	60.681	171.853	171.331	161.502	323.507	311.484	294.329
00:52:00	20.383	22.368	21.533	61.959	62.445	61.127	171.19	172.997	162.902	317.475	309.222	292.609
00:52:30	20.691	22.648	20.588	59.247	61.594	60.462	173.235	174.075	164.061	322.936	310.05	290.674
00:53:00	19.593	22.146	21.12	61.69	59.112	59.956	173.757	171.465	161.579	321.479	309.34	288.972
00:53:30	20.682	22.678	21.885	61.63	62.969	62.855	170.239	172.169	164.225	321.992	309.105	294.258
00:54:00	21.199	21.253	21.115	61.949	60.181	60.008	169.677	173.614	165.692	322.493	302.431	293.684
00:54:30	20.528	21.537	21.25	61.016	61.806	61.358	172.219	172.468	165.09	324.216	310.661	292.187
00:55:00	20.739	23.751	21.022	60.155	60.713	60.677	173.248	171.691	161.915	325.329	307.316	292.126
00:55:30	21.674	22.189	22.278	60.37	61.685	60.481	171.966	173.409	163.614	322.955	306.69	293.442
00:56:00	19.447	22.811	20.229	60.455	61.064	60.206	170.364	172.378	162.553	324.131	307.928	295.529
00:56:30	21.249	21.663	21.436	60.059	61.207	60.539	170.124	172.115	161.503	322.911	310.948	293.51
00:57:00	20.597	21.424	21.655	62.035	61.791	60.443	172.049	170.496	160.192	326.075	306.88	290.707
00:57:30	20.474	22.329	21.889	60.312	59.306	59.442	172.902	176.952	163.421	322.211	308.867	293.373
00:58:00	20.494	21.098	20.18	61.03	59.882	60.344	171.555	173.585	165.046	321.761	309.826	292.239
00:58:30	20.586	21.932	21.283	59.997	60.081	60.229	173.834	172.176	163.686	324.429	307.403	295.06
00:59:00	20.398	21.854	20.628	58.872	61.307	57.378	173.203	171.163	163.052	317.979	307.089	290.167
00:59:30	19.853	22.329	21.38	60.638	61.871	61.013	172.739	171.204	163.684	323.19	306.175	290.319
01:00:00	19.638	20.988	21.672	59.129	58.499	59.439	171.766	171.297	163.675	323.971	307.301	293.301
01:00:30	20.481	22.105	21.671	60.922	59.953	59.228	173.055	171.179	162.508	326.991	311.651	289.835
01:01:00	19.954	21.83	21.64	60.641	60.861	58.818	174.68	172.744	167.376	324.092	307.623	294.442
01:01:30	19.943	21.835	20.745	59.228	59.836	58.508	172.55	173.98	162.929	330.011	309.178	290.735
01:02:00	19.889	22.265	21.433	61.026	59.192	60.632	174.135	175.296	165.353	323.113	310.54	295.505
01:02:30	19.897	21.986	21.156	60.393	60.352	59.971	171.141	175.952	164.128	328.597	309.663	292.627
01:03:00	20.124	21.578	20.382	60.209	60.253	59.014	169.535	173.356	165.07	325.303	306.846	290.519
01:03:30	19.463	21.3	20.607	58.949	60.58	59.611	171.436	173.289	160.275	322.947	307.975	292.02
01:04:00	20.356	20.921	21.163	59.314	58.977	58.378	172.932	171.548	165.014	321.681	309.131	290.077
01:04:30	20.255	20.482	21.199	60.05	59.125	58.257	171.931	171.592	164.371	324.062	308.703	296.079
01:05:00	20.331	21.116	21.145	58.795	60.18	58.364	170.359	172.24	162.259	322.682	306.165	291.148
01:05:30	20.069	21.727	20.308	60.707	59.404	61.065	172.734	173.883	163.339	322.583	311.123	292.196
01:06:00	20.024	21.71	20.007	58.175	59.59	59.977	170.544	174.15	166.146	324.757	307.871	294.972
01:06:30	19.392	21.224	20.184	59.412	58.073	57.43	171.433	170.889	165.1	324.922	307.145	292.361
01:07:00	20.598	21	21.133	58.827	58.025	57.658	172.615	172.908	161.664	326.151	309.704	291.789
01:07:30	19.936	20.69	20.916	58.456	59.798	57.573	169.419	170.707	166.55	323.943	307.445	294.794
01:08:00	20.921	21.341	20.361	59.668	57.51	58.221	174.797	172.357	164.076	318.632	308.981	294.484
01:08:30	19.427	20.933	21.125	59.178	58.703	58.043	172.938	173.311	164.622	325.041	309.112	294.422
01:09:00	19.169	21.349	20.031	58.587	58.583	55.928	174.575	172.582	163.933	327.566	306.949	290.283
01:09:30	19.359	21.695	21.379	57.704	58.609	57.982	172.004	172.817	165.455	328.277	309.523	291.394
01:10:00	19.799	21.045	20.68	59.473	58.136	57.651	173.065	172.228	163.302	327.007	310.145	296.763
01:10:30	20.717	21.755	20.238	58.083	59.352	57.426	174.549	173.688	163.495	325.491	308.92	286.132
01:11:00	18.322	20.281	21.157	59.915	57.935	57.484	172.8	173.91	166.522	323.579	308.043	296.454
01:11:30	21.032	20.159	20.424	59.51	56.343	58.126	173.389	172.731	165.196	326.322	304.795	292.905
01:12:00	19.797	20.995	21.635	58.848	58.901	58.12	171.535	175.675	164.332	325.318	307.585	290.12
01:12:30	20.01	20.311	21.207	58.816	58.482	58.368	171.274	172.936	165.439	327.533	306.951	291.787
01:13:00	18.967	21.516	20.871	60.284	58.116	57.771	172.251	175.804	164.164	320.628	311.279	294.149
01:13:30	19.748	20.214	20.54	59.389	60.372	59.526	176.928	176.535	165.17	324.934	307.623	293.17
01:14:00	19.784	20.337	20.151	58.728	59.024	56.603	174.918	174.754	163.579	326.131	311.995	290.031
01:14:30	20.223	20.902	20.857	57.13	58.356	57.498	172.012	171.746	165.799	325.798	311.332	292.115
01:15:00	19.572	20.964	20.921	59.184	58.299	58.486	175.196	173.499	165.543	324.661	315.155	292.66
01:15:30	20.482	21.105	20.082	59.193	56.383	57.12	175.319	171.876	165.631	327.076	310.055	295.393
01:16:00	20.485	20.126	21.204	58.825	56.633	57.901	177.242	177.421	166.534	323.9	310.873	293.703
01:16:30	19.84	22.236	18.7	57.228	57.242	56.506	172.041	171.758	163.895	322.28	310.793	290.969
01:17:00	20.044	21.078	20.692	56.851	59.293	58.354	172.817	173.085	162.672	329.637	311.786	297.499
01:17:30	19.651	20.893	20.908	56.432	58.154	57.574	176.185	173.79	165.562	324.897	306.548	293.012
01:18:00	19.081	20.295	20.731	57.062	58.3	57.653	175.808	176.04	165.728	329.857	312.92	296.299
01:18:30	19.754	21.355	20.135	58.628	58.204	57.37	173.963	175.025	166.865	323.731	314.102	292.985
01:19:00	18.851	20.72	20.192	56.787	57.047	56.677	175.394	175.411	164.246	325.545	309.983	296.524
01:19:30	19.184	21.165	20.092	56.067	56.46	56.104	174.28	174.913	166.371	326.01	308.98	297.644
01:20:00	20.221	20.219	19.412	58.76	57.153	57.025	176.264	174.882	165.01	330.927	314.388	294.737
01:20:30	19.605	21.251	20.991	57.854	54.961	56.292	175.989	175.615	168.101	326.3	310.035	296.52
01:21:00	19.616	20.088	19.891	57.453	58.001	56.751	176.196	173.462	169.02	334.015	307.531	296.566
01:21:30	19.404	19.803	20.259	56.602	57.355	56.837	172.98	174.043	167.52	326.85	311.801	295.042
01:22:00	19.79	20.634	19.818	58.858	58.362	57.124	176.67	175.436	167.693	328.38	309.865	293.033
01:22:30	18.794	19.895	19.872	57.168	58.118	59.775	172.173	175.675	164.267	330.244	309.202	292.412
01:23:00	19.419	20.511	20.522	57.195	57.356	57.387	172.854	176.011	166.996	325.454	311.286	292.46
01:23:30	18.554	19.871	19.52	56.485	56.696	56.214	174.037	178.662	164.986	326.218	310.609	291.877
01:24:00	21.213	20.749	20.219	57.641	56.685	56.862	178.751	174.249	168.206	324.918	310.895	296.387
01:24:30	19.467	20.345	19.846	57.492	56.482	56.325	176.804	178.526	169.223	327.011	309.904	297.493
01:25:00	19.467	21.107	20.141	57.399	57.553	55.451	175.43	173.977	167.154	326.069	306.495	294.786
01:25:30	19.904	21.505	20.995	56.215	57.605	57.441	175.783	179.588	166.257	330.48	314.374	293.973
01:26:00	19.348	20.712	19.166	56.996	55.646	58.42	176.935	175.903	165.921	327.41	315.129	297.818
01:26:30	19.108	20.745	20.426	58.691	56.953	55.845	176.624	174.548	164.817	326.56	311.789	292.203
01:27:00	19.774	19.115	20.515	56.812	56.52	58.305	175.141	174.948	167.882	330.39	308.828	299.041
01:27:30	20.33	21.477	20.669	56.577	57.409	56.838	175.08	172.904	169.785	325.257	308.692	293.532
01:28:00	18.773	22.027	19.23	58.818	56.803	57.514	175.987	174.566	166.422	324.935	311.461	295.381
01:28:30	19.766	20.952	19.655	57.834	55.375	56.1	177.814	174.751	167.942	333.066	311.258	297.316
01:29:00	19.164	20.652	20.115	56.173	56.1	55.654	175.886	174.053	167.929	327.48	313.119	297.422
01:29:30	19.764	20.52	20.188	58.312	57.413	54.58	174.088	174.919	166.441	330.238	314.295	300.523
01:30:00	19.619	19.904	19.216	58.865	57.993	58.342	177.22	178.345	165.359	330.164	310.712	299.759
01:30:30	19.111	20.456	20.623	56.062	57.282	55.706	176.177	175.235	164.753	329.496	310.258	296.722
01:31:00	20.016	20.61	20.354	57.03	55.532	56.803	176.509	178.569	167.331	331.084	311.24	299.8
01:31:30	19.324	20.878	19.899	56.451	56.909	58.508	176.051	176.428	166.326	329.766	313.41	298.584
01:32:00	20.125	21.33	20.205	56.556	57.142	56.234	177.499	176.421	167.202	331.754	310.979	299.109
01:32:30	19.125	21.428	20.905	58.379	56.694	56.012	177.001	179.892	167.827	333.856	312.216	298.469
01:33:00	18.845	21.195	20.569	57.324	55.783	55.719	175.684	176.097	167.672	327.486	308.111	293.792
01:33:30	19.72	20.117	20.47	56.78	55.261	56.504	176.755	177.857	169.046	331.967	309.124	297.401
01:34:00	20.83	21.014	20.803	56.24	55.992	56.562	172.596	179.437	168.731	329.68	309.572	293.378
01:34:30	19.445	20.595	20.103	56.973	55.83	56.452	176.668	176.968	166.981	327.499	313.03	296.52
01:35:00	19.082	20.595	20.407	57.188	56.262	56.393	173.277	176.393	165.734	324.748	310.997	292.245
01:35:30	20.41	20.258	19.888	56.848	55.113	55.015	177.018	175.64	168.14	327.945	312.394	295.166
01:36:00	19.638	20.01	20.573	56.363	55.622	56.041	176.137	176.908	169.78	326.8	316.535	302.504
01:36:30	20.083	20.956	20.032	55.47	55.065	56.558	176.728	174.521	166.747	331.845	312.973	298.498
01:37:00	19.282	21.688	20.642	56.696	56.369	57.184	177.901	179.167	166.263	326.699	310.941	294.62
01:37:30	19.862	20.847	19.029	56.417	56.09	55.992	179.492	175	166.753	328.402	313.53	299.75
01:38:00	19.518	20.925	21.083	56.962	55.906	56.771	180.517	174.539	167.508	327.125	310.169	295.377
01:38:30	20.23	20.3	19.552	55.186	56.126	56.87	177.464	175.151	168.279	325.704	312.726	297.743
01:39:00	19.706	20.218	19.854	53.516	55.057	55.223	174.375	175.551	165.225	327.974	307.105	294.148
01:39:30	20.012	20.003	19.768	58.167	55.423	57.263	177.52	176.491	167.037	331.37	310.594	294.547
01:40:00	19.778	20.198	20.599	53.015	56.482	55.6	176.134	174.892	168.696	332.466	312.4	297.693
01:40:30	18.929	20.68	20.404	58.22	56.197	55.685	176.687	178.41	169.582	329.962	314.643	296.583
01:41:00	19.595	20.623	20.048	56.238	56.224	56.822	175.883	176.385	169.768	331.794	311.221	294.659
01:41:30	18.833	20.082	19.016	57.39	53.208	56.429	179.344	177.242	166.401	327.609	311.704	297.106
01:42:00	19.743	20.689	19.802	56.611	55.377	55.99	177.62	177.245	171.325	325.554	314.629	293.4
01:42:30	19.967	20.667	19.384	56.14	54.52	56.067	178.47	175.51	170.652	331.184	314.177	302.817
01:43:00	20.285	20.905	20.773	56.972	56.247	57.062	177.624	178.151	168.363	329.588	319.382	299.598
01:43:30	19.703	21.008	20.418	56.275	55.652	54.43	179.002	180.045	165.248	329.723	315.408	300.765
01:44:00	20.067	20.221	19.775	55.797	54.305	56.677	180.258	179.411	170.308	330.46	318.812	297.428
01:44:30	20.084	21.671	19.856	56.016	53.797	56.137	174.723	180.153	170.08	330.294	313.916	299.796
01:45:00	19.905	20.641	19.804	56.235	56.558	54.685	176.478	178.441	166.883	327.422	312.175	297.601
01:45:30	19.316	20.257	19.673	56.914	55.819	55.178	176.353	177.382	171.237	330.975	315.063	301.243
01:46:00	20.109	20.009	20.008	55.01	55.347	55.997	174.753	175.022	168.764	332.482	311.086	294.58
01:46:30	20.126	21.263	20.182	56.016	53.227	54.637	175.473	178.445	170.231	328.921	311.471	299.444
01:47:00	19.326	20.358	20.149	53.012	56.984	56.021	177.786	176.842	168.481	328.357	310.679	297.796
01:47:30	20.102	20.599	20.501	56.046	54.523	57.122	180.076	177.181	169.981	334.268	314.478	296.288
01:48:00	20.005	20.295	18.94	55.269	55.828	54.503	177.515	176.716	168.258	329.519	311.153	299.11
01:48:30	20.109	20.375	21.272	54.938	54.855	55.269	176.622	175.993	171.135	333.717	313.219	296.225
01:49:00	19.137	20.816	20.841	56.653	54.807	53.815	180.023	175.887	171.015	330.776	315.549	302.017
01:49:30	20.439	21.199	19.762	55.123	55.856	56.683	177.842	178.126	171.8	332.201	315.115	298.476
01:50:00	20.211	20.127	20.906	56.857	55.269	56.584	180.411	175.309	167.069	331.554	311.847	299.439
01:50:30	20.685	20.686	19.883	55.785	55.518	55.987	179.056	181.196	170.351	330.458	312.676	298.93
01:51:00	19.76	21.065	20.287	55.284	54.345	54.922	177.471	178.531	171.914	331.648	315.408	299.712
01:51:30	19.984	21.94	20.783	56.027	52.591	54.763	179.629	175.313	170.212	330.884	316.174	297.753
01:52:00	19.483	20.09	19.885	56.266	54.859	55.509	181.429	179.845	169.465	329.664	314.531	300.39
01:52:30	19.649	21.178	21.22	56.684	53.266	56.271	180.509	179.543	169.417	328.547	316.533	303.51
01:53:00	19.5	21.036	20.675	56.171	54.653	54.803	182.479	179.151	171.126	332.172	317.421	298.91
01:53:30	19.15	21.338	20.279	55.791	55.998	56.976	180.448	175.265	169.094	331.155	311.372	299.443
01:54:00	20.12	22.015	20.538	54.476	54.376	55.372	178.377	176.803	171.77	329.386	315.932	299.718
01:54:30	19.771	20.326	21.365	54.345	55.44	54.181	176.846	177.283	165.082	328.998	311.768	297.959
01:55:00	19.604	19.769	20.822	54.739	53.361	56.356	175.488	181.352	169.901	329.145	311.889	297.339
01:55:30	21.061	20.924	20.817	55.384	54.945	55.292	179.507	183.026	170.402	335.471	317.385	301.612
01:56:00	20.371	20.536	20.753	54.945	54.23	56.626	179.457	180.752	172.761	331.165	313.971	298.701
01:56:30	20.369	20.858	19.92	57.022	52.987	55.562	177.428	179.424	171.907	335.613	312.179	299.308
01:57:00	20.225	19.687	20.064	54.499	51.501	55.617	178.766	178.183	166.61	333.012	317.417	304.31
01:57:30	18.67	20.617	21.067	53.839	53.561	55.766	179.327	178.687	170.229	331.338	312.593	300.656
01:58:00	19.21	20.644	20.593	56.982	52.734	55.974	179.95	181.101	170.052	331.987	314.526	301.133
01:58:30	20.054	21.275	19.79	56.548	53.976	56.18	180.751	182.348	170.709	330.86	316.493	299.355
01:59:00	20.35	21.16	21.601	54.211	53.65	54.887	181.641	181.961	171.889	331.376	314.035	298.725
01:59:30	19.858	20.83	20.091	54.959	53.451	54.576	180.865	179.682	170.544	330.377	316.621	303.976
02:00:00	20.069	22.298	18.824	57.74	53.069	56.486	181.912	182.788	172.244	337.44	317.472	304.096