Time	25_1	25_2	25_3	50_1	50_2	50_3	100_1	100_2	100_3	150_1	150_2	150_3
00:00:00	71.751	73.555	63.662	129.798	131.939	143.056	258.425	262.756	263.308	384.381	373.952	380.871
00:00:30	66.722	73.942	62.442	125.688	124.093	126.546	253.996	256.47	259.428	379.874	370.003	371.457
00:01:00	59.359	68.174	59.949	119.452	120.749	119.903	248.46	246.772	249.97	364.337	349.821	357.516
00:01:30	55.802	62.148	55.919	117.191	119.472	118.276	239.759	237.104	238.028	350.502	338.585	348.454
00:02:00	53.053	59.346	56.713	113.08	114.834	115.142	234.869	228.791	229.627	341.634	334.209	339.722
00:02:30	52.972	59.678	53.438	111.536	114.724	112.228	228.895	227.203	224.668	337.109	329.362	336.885
00:03:00	50.055	55.016	52.806	107.126	104.941	109.597	218.501	216.258	215.261	333.438	321.25	331.339
00:03:30	48.232	54.252	51.576	105.191	102.947	105.758	215.966	211.636	215.172	332.389	323.323	327.255
00:04:00	47.927	52.91	50.085	104.885	104.432	104.154	208.222	206.159	207.128	329.379	319.752	322.476
00:04:30	46.556	51.077	48.202	100.273	100.77	100.294	202.96	199.176	204.32	322.581	311.546	316.954
00:05:00	43.56	48.321	46.966	99.393	97.349	97.299	195.406	200.092	202.779	322.4	312.624	318.573
00:05:30	42.613	46.188	46.828	96.54	96.652	98.365	193.821	196.467	201.688	320.777	311.932	318.225
00:06:00	42.114	45.793	44.184	97.672	93.454	93.913	190.979	195.809	199.978	320.266	308.736	315.427
00:06:30	40.771	44.374	43.363	91.881	92.922	93.937	188.034	192.058	193.906	321.72	308.433	313.203
00:07:00	41.171	43.658	41.83	91.851	94.031	92.478	189.393	193.548	195.615	314.895	304.244	313.815
00:07:30	37.959	42.254	42.613	91.644	92.23	90.033	183.086	188.984	192.931	313.855	306.202	314.63
00:08:00	38.39	41.904	41.193	89.905	86.986	89.562	183.792	186.758	188.889	313.646	301.454	310.743
00:08:30	37.443	42.584	40.908	86.714	87.687	88.486	183.293	186.918	190.921	313.354	306.157	310.927
00:09:00	37.277	40.369	39.148	85.958	83.543	86.264	178.247	185.105	189.479	311.073	302.403	309.02
00:09:30	36.199	39.028	39.274	85.802	84.911	87.016	180.414	182.443	189.29	312.127	300.15	309.857
00:10:00	35.594	40.445	37.898	81.623	83.669	84.925	177.721	186.264	184.749	310.158	303.394	304.48
00:10:30	34.639	37.912	37.642	83.283	81.734	84.104	177.121	181.407	184.539	308.734	300.373	307.751
00:11:00	34.35	37.482	37.234	79.88	80.011	82.02	176.972	182.914	182.162	313.812	299.98	308.107
00:11:30	33.283	37.076	35.574	80.435	79.039	83.987	175.958	182.967	181.731	309.23	301.587	302.304
00:12:00	32.848	34.904	37.039	78.749	78.177	81.562	173.774	181.95	186.111	304.62	298.244	307.956
00:12:30	31.262	36.387	36.715	76.838	77.037	79.994	171.847	178.766	186.787	310.711	293.485	303.398
00:13:00	31.609	34.304	36.502	77.55	78.986	78.035	173.141	179.618	184.058	312.024	300.792	306.599
00:13:30	30.385	34.555	33.128	76.727	75.077	77.101	171.75	179.085	187.025	305.543	298.362	304.249
00:14:00	31.094	33.649	33.418	74.014	78.257	76.958	174.016	180.776	180.366	307.654	297.713	308.019
00:14:30	30.393	33.071	33.303	75.478	74.862	75.31	171.311	178.959	178.872	302.978	293.1	301.61
00:15:00	28.781	32.756	33.225	75.325	76.467	74.652	172.798	178.686	177.356	303.908	298.81	303.912
00:15:30	30.626	32.088	32.732	75.09	73.892	73.845	171.243	174.757	181.21	309.493	298.169	306.021
00:16:00	29.136	32.631	31.3	74.183	76.329	72.811	169.2	174.831	181.746	308.312	297.597	300.741
00:16:30	28.618	31.756	31.704	75.186	73.02	74.845	173.953	174.896	178.902	303.908	296.334	303.525
00:17:00	27.982	32.224	30.83	72.013	72.1	71.508	169.106	175.821	178.432	306.318	299.34	299.638
00:17:30	28.596	30.204	31.297	70.438	72.601	71.723	167.698	177.117	175.646	304.194	294.298	302.618
00:18:00	27.138	30.512	29.857	70.296	71.386	70.46	166.523	172.83	180.296	306.209	295.136	303.89
00:18:30	27.731	30.653	30.282	70.417	71.921	71.185	165.541	173.203	175.785	304.708	298.095	302.65
00:19:00	26.77	29.726	29.162	72.408	71.248	71.327	169.105	173.33	175.913	302.833	299.133	304.522
00:19:30	26.321	29.279	28.401	68.898	69.716	69.095	169.59	170.63	178.733	306.581	295.284	305.647
00:20:00	26.226	28.699	28.387	69.635	72.265	68.539	170.628	171.288	176.287	301.109	293.46	299.264
00:20:30	25.586	28.934	29.403	71.324	71.992	69.628	169.685	171.106	176.013	303.378	295.303	301.589
00:21:00	26.475	28.575	28.531	68.335	68.76	69.955	167.126	176.147	178.941	301.276	290.645	299.992
00:21:30	24.422	28.267	28.004	68.79	68.966	66.915	165.417	169.894	175.564	300.823	292.804	300.251
00:22:00	25.449	28.164	28.389	69.821	68.173	68.582	166.498	172.152	177.314	303.73	295.104	297.909
00:22:30	24.101	28.04	28.373	67.348	68.776	65.519	166.237	173.512	178.956	303.199	291.066	300.115
00:23:00	24.201	27.273	26.44	67.274	70.587	66.565	164.73	169.98	175.053	298.302	293.578	302.137
00:23:30	23.294	27.138	27.647	65.385	65.988	66.17	163.929	169.809	175.519	305.572	289.341	301.244
00:24:00	23.232	25.895	27.629	64.015	64.601	65.638	165.588	172.759	172.923	301.093	292.228	298.065
00:24:30	22.241	26.879	26.164	64.755	66.007	66.427	163.65	169.155	175.365	299.647	293.949	298.533
00:25:00	21.883	27.448	26.249	63.422	65.619	64.634	165.986	169.254	174.086	300.061	291.727	300.476
00:25:30	23.506	26.497	27.004	65.891	64.451	64.689	164.038	170.002	171.442	303.661	293.089	299.181
00:26:00	23.331	25.447	25.608	62.611	65.502	63.495	165.932	168.584	171.387	305.061	292.798	300.116
00:26:30	22.51	26.027	26.213	60.9	63.33	63.522	167.398	170.852	172.98	298.79	293.597	294.983
00:27:00	23.155	26.255	25.915	62.296	64.304	62.039	161.916	167.835	172.274	300.117	290.971	300.716
00:27:30	22.573	25.173	24.158	60.652	64.043	64.726	166.755	172.374	177.494	307.14	295.513	300.642
00:28:00	23.842	24.327	24.546	63.238	63.001	62.115	167.05	169.924	173.474	298.025	292.603	298.606
00:28:30	22.174	24.523	24.318	62.173	64.069	60.869	164.296	167.621	172.559	299.479	288.107	297.664
00:29:00	22.024	24.684	24.197	59.139	61.204	61.548	163.466	170.973	172.213	304.394	294.186	301.23
00:29:30	22.32	24.969	24.274	60.836	64.392	59.27	164.781	170.947	171.71	298.936	291.408	296.187
00:30:00	22.661	24.413	24.329	60.444	62.53	58.701	164.832	171.476	173.699	298.925	292.124	295.594
00:30:30	21.803	25.495	24.152	60.028	61.019	60.575	160.308	166.957	172.892	297.089	295.326	299.178
00:31:00	22.015	24.119	23.436	58.746	62.073	58.732	161.019	170.911	172.163	298.838	294.31	298.062
00:31:30	22.287	25.47	24.406	58.388	61.678	58.368	163.337	167.882	171.766	302.072	291.059	296.321
00:32:00	20.503	23.188	23.974	57.553	58.554	58.076	161.61	170.096	173.262	298.7	292.351	297.744
00:32:30	21.213	23.523	22.75	57.048	59.032	58.375	161.996	166.901	172.873	301.941	292.837	297.652
00:33:00	21.005	24.259	21.753	56.797	59.594	56.671	160.487	167.705	170.739	297.443	290.233	297.779
00:33:30	20.479	22.627	23.243	56.823	58.809	57.868	165.796	170.597	174.471	298.159	293.355	295.551
00:34:00	20.012	23.728	23.955	57.898	60.929	56.526	164.433	168.779	174.071	299.489	293.5	297.674
00:34:30	19.745	22.733	22.693	57.564	57.363	56.6	163.136	167.311	173.115	303.618	293.214	297.213
00:35:00	20.701	23.609	23.232	57.594	58.404	56.479	162.765	169.608	172.488	300.627	291.24	300.635
00:35:30	20.262	22.63	22.579	55.588	57.988	56.006	163.986	168.976	171.169	296.952	287.495	294.543
00:36:00	19.992	22.979	22.799	56.315	56.106	56.426	161.881	170.04	170.23	297.983	291.72	298.612
00:36:30	20.134	22.79	21.232	56.599	56.258	56.057	163.319	165.766	174.845	298.625	290.256	297.491
00:37:00	20.041	23.421	22.928	56.346	54.114	56.131	161.983	168.376	171.352	298.732	285.601	300.411
00:37:30	19.753	21.151	23.002	56.635	55.56	57.04	164.412	169.984	171.67	300.048	288.524	299.364
00:38:00	18.511	22.469	22.057	56.208	56.614	57.321	162.943	165.724	168.735	300.203	295.079	295.022
00:38:30	19.445	22.445	23.034	55.4	53.817	56.137	159.99	168.181	173.727	302.094	291.108	300.886
00:39:00	20.612	22.466	21.801	54.754	52.871	57.748	161.662	168.578	171.714	300.878	287.754	298.486
00:39:30	19.681	23.18	22.297	58.083	55.437	56.033	160.678	168.108	172.65	301.383	291.201	297.942
00:40:00	19.868	22.606	21.317	55.637	54.518	56.271	164.184	168.368	170.223	296.814	290.964	292.141
00:40:30	18.102	20.664	21.642	56.747	54.414	57.225	162.92	168.173	173.022	295.64	290.674	296.953
00:41:00	19.412	21.816	21.59	53.562	55.071	56.084	164.164	166.564	169.8	300.611	290.883	294.091
00:41:30	19.293	22.084	21.336	54.292	55.247	54.937	162.086	169.512	169.582	301.41	292.645	303.748
00:42:00	20.156	21.211	22.191	56.151	55.875	55.816	162.787	167.004	171.131	298.018	289.53	300.723
00:42:30	19.484	22.174	22.145	54.457	56.444	55.557	163.177	166.217	172.16	301.805	290.544	294.424
00:43:00	19.716	22.937	21.498	55.307	53.75	53.521	161.191	168.258	171.288	298.926	291.832	295.954
00:43:30	19.272	22.08	20.154	54.617	55.344	55.669	160.631	165.32	172.456	297.296	290.939	298.916
00:44:00	19.645	21.448	22.027	54.808	55.187	55	160.554	170.483	170.787	300.058	291.421	300.185
00:44:30	18.482	22.887	21.853	54.461	55.838	53.79	159.329	169.893	171.931	295.135	291.713	299.643
00:45:00	19.493	21.536	21.518	53.94	55.689	52.377	161.661	166.239	170.898	302.625	295.137	295.638
00:45:30	18.617	21.742	20.53	54.131	56.365	54.241	162.093	167.778	169.778	296.561	291.364	298.319
00:46:00	19.373	21.306	20.722	54.383	55.108	54.927	159.878	165.53	171.976	299.642	290.964	297.866
00:46:30	19.309	21.807	20.909	56.38	54.843	55.232	164.867	164.405	168.386	298.944	293.617	294.919
00:47:00	19.618	21.833	20.328	51.929	54.737	54.849	166.092	168.32	173.249	300.719	293.55	300.536
00:47:30	18.028	20.24	19.823	54.308	53.551	54.356	162.754	167.6	170.308	300.893	294.137	294.191
00:48:00	18.183	21.694	20.057	55.054	54.785	54.437	164.173	168.52	169.777	302.12	295.379	300.121
00:48:30	18.065	19.97	21.333	53.693	53.632	55.715	161.447	171.387	172.489	303.069	290.686	300.548
00:49:00	18.688	20.429	20.828	53.324	53.589	54.379	157.889	169.671	171.608	302.272	289.091	297.247
00:49:30	18.61	20.808	20.69	53.538	52.058	53.875	162.715	166.22	167.944	302.998	293.365	299.731
00:50:00	18.635	21.469	20.531	53.082	51.836	53.124	163.065	168.319	171.88	299.594	290.149	294.383
00:50:30	18.274	21.395	19.996	53.062	53.306	54.129	163.466	164.094	170.902	296.421	292.19	296.348
00:51:00	18.252	21.075	20.761	53.677	52.461	52.639	160.698	168.997	166.712	304.693	293.091	295.782
00:51:30	17.965	21.927	21.331	52.868	53.558	53.06	162.827	170.463	171.264	297.961	288.994	299.145
00:52:00	18.533	19.673	20.193	53.277	52.026	53.584	160.07	166.048	173.776	303.803	291.068	300.11
00:52:30	17.867	21.231	21.606	53.559	53.873	51.889	161.29	163.681	170.526	302.068	294.871	297.057
00:53:00	18.407	20.404	21.33	52.966	54.197	53.555	161.94	165.787	169.276	305.962	289.851	295.299
00:53:30	18.446	20.644	20.83	52.116	52.794	53.856	161.787	167.412	170.454	302.705	289.542	297.954
00:54:00	17.793	20.946	21.31	52.165	52.038	54.415	160.844	168.299	168.738	300.768	291.687	297.866
00:54:30	18.59	21.025	21.715	52.805	53.376	52.408	161.767	166.877	169.562	300.942	292.755	296.121
00:55:00	19.274	21.103	19.959	52.636	50.626	52.529	162.602	168.215	171.112	301.702	288.243	296.66
00:55:30	17.829	20.912	21.293	51.648	52.895	53.134	161.733	167.271	169.139	298.613	293.549	293.471
00:56:00	17.332	20.171	20.127	52.972	53.548	52.185	163.482	170.09	171.696	300.345	292.978	298.113
00:56:30	17.568	21.343	19.682	53.378	52.089	52.34	162.646	165.513	170.364	299.84	292.483	295.096
00:57:00	17.792	19.799	19.347	52.106	52.43	51.375	160.389	167.704	167.042	298.956	291.025	297.257
00:57:30	18.758	20.725	19.989	53.859	50.465	51.533	159.09	165.958	169.966	301.006	292.353	300.299
00:58:00	19.067	20.703	19.95	51.715	51.954	51.365	162.286	170.406	170.807	299.608	289.606	297.334
00:58:30	18.439	21.341	19.563	52.435	53.259	51.379	162.718	169.644	171.908	300.321	291.301	299.498
00:59:00	17.35	18.81	19.836	51.682	52.493	52.608	161.03	166.438	170.192	300.186	287.925	293.525
00:59:30	18.244	20.075	20.323	51.647	49.88	54.706	163.14	166.039	169.843	297.151	290.288	297.117
01:00:00	18.054	20.621	19.886	51.453	50.78	52.773	161.388	167.321	170.595	298.348	288.6	297.273
01:00:30	18.023	19.83	20.332	50.58	51.985	52.9	163.155	166.554	176.611	302.074	289.089	297.873
01:01:00	17.698	20.742	21.462	52.409	50.573	53.489	160.993	165.111	172.217	299.286	290.107	294.587
01:01:30	17.449	20.483	19.914	50.773	51.621	50.694	159.896	168.309	171.585	297.316	286.954	295.343
01:02:00	17.062	20.153	20.787	51.989	52.182	51.692	164.431	168.393	171.81	301.732	298.069	298.79
01:02:30	17.326	20.306	20.422	52.312	51.941	51.53	160.089	165.757	171.893	300.323	291.437	293.986
01:03:00	16.757	19.964	19.688	51.451	51.314	52.312	159.67	167.659	172.32	299.327	290.09	296.17
01:03:30	17.501	19.844	20.137	51.602	50.241	52.268	160.461	165.609	171.33	301.897	295.487	295.128
01:04:00	17.018	20.952	21.334	52.18	52.16	52.233	162.008	169.572	170.916	301.974	288.734	300.013
01:04:30	16.288	20.642	19.225	52.158	50.255	52.466	163.53	167.308	172.379	297.438	290.623	298.376
01:05:00	17.586	20.223	19.367	50.773	50.889	51.487	161.384	170.109	169.85	298.168	289.803	299.14
01:05:30	17.783	20.079	20.196	51.84	52.21	52.061	163.354	167.28	169.122	301.91	290.355	296.472
01:06:00	17.17	21.753	19.425	52.199	51.287	52.356	162.301	165.221	172.515	300.084	293.853	295.195
01:06:30	17.653	19.489	20.173	52.525	50.814	50.8	161.702	166.044	171.243	300.179	291.709	294.779
01:07:00	18.296	20.554	19.52	51.134	49.633	50.975	160.579	167.914	172.218	301.989	294.635	297.925
01:07:30	17.134	20.073	19.762	49.82	50.59	51.038	162.239	164.523	168.729	300.952	291.902	298.781
01:08:00	18.185	19.64	18.563	51.531	50.973	50.791	160.834	165.925	172.028	301.458	289.557	300.394
01:08:30	16.834	19.292	19.736	50.749	50.415	53.038	163.372	165.561	171.889	300.221	289.951	299.311
01:09:00	17.582	19.567	19.37	51.85	50.342	50.88	163.104	168.493	171.3	295.117	288.712	298.286
01:09:30	17.581	19.623	20.504	51.579	50.869	50.918	161.351	166.233	171.602	301.832	289.896	298.836
01:10:00	18.214	19.901	19.729	51.927	50.9	51.523	164.35	169.92	171.552	306.299	293.403	296.792
01:10:30	18.555	19.193	19.672	51.688	51.017	50.986	164.729	167.71	173.017	300.858	294.808	295.052
01:11:00	17.511	19.786	18.463	50.421	51.075	50.25	162.922	169.653	169.924	300.448	290.347	295.97
01:11:30	16.546	19.302	18.824	49.908	51.987	51.361	161.287	166.461	173.628	300.486	295.351	295.5
01:12:00	17.802	20.626	19.134	50.716	52.387	50.348	160.542	164.499	171.64	304.492	290.79	296.796
01:12:30	17.462	19.324	19.429	51.233	50.631	49.686	158.975	171.151	172.219	299.654	294.631	296.319
01:13:00	17.353	19.5	19.27	50.468	51.373	50.329	163.23	169.433	174.583	303.348	292.133	297.305
01:13:30	16.292	20.78	19.916	51.296	49.723	50.786	162.666	172.229	174.374	300.928	291.931	296.259
01:14:00	17.402	19.72	19.54	50.37	49.45	49.568	162.5	163.43	170.372	302.297	291.973	296.632
01:14:30	17.415	19.607	19.152	50.643	49.374	50.07	162.678	167.39	173.626	301.651	293.88	297.467
01:15:00	17.37	20.213	19.355	50.388	48.869	50.296	162.07	168.161	171.389	302.259	294.146	300.382
01:15:30	17.342	19.103	19.284	51.463	51.286	50.832	161.697	168.131	173.16	298.037	296.441	296.902
01:16:00	16.756	19.939	18.915	51.069	49.76	50.88	163.528	169.337	173.042	296.837	290.234	295.945
01:16:30	16.036	19.4	18.847	48.817	48.566	49.942	160.368	167.576	171.678	298.134	293.18	294.371
01:17:00	16.21	19.61	19.59	51.278	50.522	50.385	160.726	171.212	175.394	304.173	292.158	299.618
01:17:30	16.665	19.153	19.403	50.884	50.958	51.177	161.241	169.291	170.849	301.604	293.703	297.145
01:18:00	17.38	20.642	19.007	50.074	51.098	49.192	165.235	168.725	171.956	300.603	292.69	297.174
01:18:30	17.869	19.784	18.983	50.63	50.012	49.48	164.371	168.854	171.537	301.997	294.13	295.93
01:19:00	16.798	18.919	19.611	51.841	48.696	48.572	160.904	165.517	175.621	302.148	295.424	299.29
01:19:30	16.584	19.544	19.167	49.309	49.333	50.962	164.333	169.341	172.379	302.493	293.551	299.937
01:20:00	17.17	20.142	20.29	50.093	51.599	50.192	164.702	166.383	174.521	301.573	293.478	301.591
01:20:30	17.381	20.421	18.711	49.922	49.882	48.943	161.11	167.417	169.068	304.674	297.256	293.779
01:21:00	16.6	20.485	19.429	48.951	48.713	49.106	163.344	168.924	172.537	304.376	294.635	301.246
01:21:30	16.837	19.495	19.362	49.301	49.708	47.673	163.832	167.866	176.16	304.231	294.221	296.675
01:22:00	16.511	20.532	19.757	49.778	49.851	49.157	163.554	166.477	171.605	300.112	294.087	296.534
01:22:30	17.385	18.665	18.27	49.397	49.718	48.964	164.235	167.942	174.157	301.982	289.512	298.314
01:23:00	16.832	19.229	19.873	49.005	49.704	49.665	163.564	172.629	175.029	302.199	294.689	299.481
01:23:30	17.006	18.39	19.068	47.565	48.357	48.11	162.169	167.209	171.811	304.105	290.323	300.63
01:24:00	16.516	19.815	18.541	50.061	50.397	49.438	160.765	169.545	173.293	301.35	289.472	301.461
01:24:30	17.628	19.203	20.225	50.255	49.034	48.501	163.816	171.151	171.477	306.036	297.832	298.948
01:25:00	16.516	19.501	20.218	50.098	48.588	49.734	161.506	168.629	169.609	299.156	292.006	296.631
01:25:30	17.763	19.256	19.355	50.429	48.511	48.85	163.626	170.831	173.124	303.259	293.395	299.446
01:26:00	17.567	19.683	20.469	49.172	49.777	48.54	164.734	170.324	173.556	302.227	291.961	302.009
01:26:30	16.957	20.137	18.852	48.392	48.718	50.509	164.579	170.031	174.562	305.156	291.617	297.64
01:27:00	17.045	18.705	20.7	48.901	50.291	49.46	164.907	164.332	173.157	301.653	293.433	297.555
01:27:30	16.611	18.729	19.509	49.422	50.29	48.205	165.179	168.216	172.421	305.976	292.872	300.198
01:28:00	17.229	19.786	19.097	51.15	49.264	49.371	164.288	169.572	173.187	305.054	294.896	302.608
01:28:30	17.487	18.879	18.749	49.591	50.605	50.78	165.347	173.18	174.557	304.049	296.556	301.281
01:29:00	17.27	19.916	19.46	48.828	48.624	48.099	164.963	168.799	175.15	302.158	292.837	295.969
01:29:30	16.865	19.682	18.99	48.7	49.347	48.974	161.849	171.432	175.099	301.561	293.872	303.924
01:30:00	18.299	18.758	18.078	47.275	49.271	50.306	164.077	169.936	174.101	302.684	295.773	296.601
01:30:30	17.547	20.481	19.373	48.487	49.543	48.921	163.566	167.369	174.396	299.153	293.787	296.807
01:31:00	17.882	20.237	19.745	49.036	50.431	47.366	164.598	167.83	173.223	303.666	297.302	297.197
01:31:30	16.615	20.161	19.576	48.114	49.812	49.604	163.708	171.898	173.639	305.915	299.501	299.854
01:32:00	17.47	18.972	19.304	48.868	49.069	49.992	163.08	168.846	171.891	303.475	294.81	296.541
01:32:30	17.196	19.266	19.89	49.236	48.358	48.544	164.878	168.433	173.016	300.414	294.351	297.589
01:33:00	16.601	19.407	19.135	46.645	48.113	48.369	164.099	170.184	171.487	303.179	293.111	297.173
01:33:30	16.232	19.129	18.731	49.721	46.511	49.929	165.513	168.98	174.2	304.16	292.861	300.26
01:34:00	16.082	19.197	19.123	49.208	50.306	48.854	161.036	171.323	174.87	304.527	295.054	299.247
01:34:30	16.71	19.048	19.485	47.454	48.368	48.039	164.601	168.326	175.097	299.634	295.324	296.173
01:35:00	17.25	18.69	18.645	49.747	50.084	47.08	162.172	170.492	172.429	302.81	294.661	299.064
01:35:30	16.078	20.056	18.331	46.607	48.975	47.586	165.673	169.158	175.146	304.286	295.84	296.486
01:36:00	15.823	20.296	19.833	49.004	46.969	48.608	163.718	170.194	177.875	302.866	298.381	297.092
01:36:30	17.318	20.395	19.599	48.003	48.887	47.48	164.522	165.922	174.664	305.172	295.604	297.692
01:37:00	16.841	18.953	19.436	47.455	48.164	47.073	163.66	168.111	174.232	303.661	291.437	298.667
01:37:30	16.441	19.845	19.6	47.364	48.412	48.003	162.759	168.847	174.248	301.507	291.245	295.721
01:38:00	16.545	19.473	18.498	46.564	49.273	48.99	164.534	169.744	171.169	302.738	296.782	295.107
01:38:30	17.106	19.275	19.348	47.384	48.225	48.425	162.227	170.357	176.165	299.488	292.851	301.348
01:39:00	17.313	19.47	19.147	48.774	47.694	48.278	163.413	169.295	173.3	301.807	291.993	294.546
01:39:30	16.197	19.12	18.624	48.7	48.365	46.958	165.207	171.647	170.951	304.493	297.751	298.336
01:40:00	16.744	18.649	18.557	47.454	48.342	48.423	165.494	169.95	175.268	301.067	296.862	298.623
01:40:30	17.43	19.892	18.331	49.385	48.557	48.48	164.659	170.708	176.149	305.217	299.048	302.865
01:41:00	16.153	19.497	19.294	47.81	48.554	48.859	163.741	169.576	176.609	306.386	298.321	300.647
01:41:30	16.965	19.799	20.005	48.187	48.299	48.896	161.942	168.139	171.408	301.748	296.479	301.99
01:42:00	16.993	19.865	19.088	47.446	49.337	49.271	164.885	169.371	171.884	306.041	296.367	299.473
01:42:30	16.399	19.388	18.788	47.202	49.633	48.541	168.405	171.462	174.757	309.019	294.398	305.512
01:43:00	16.492	18.698	17.86	47.633	48.709	48.292	166.329	173.44	173.391	302.474	298.552	297.517
01:43:30	17.279	19.66	19.659	48.179	46.924	50.583	166.237	169.36	173.783	303.792	297.821	301.273
01:44:00	17.225	19.565	18.722	47.955	48.164	48.642	164.352	172.705	172.132	306.14	295.365	299.416
01:44:30	16.681	19.003	19.919	47.837	47.015	48.37	162.982	167.548	172.548	304.461	298.047	300.319
01:45:00	16.699	19.189	19.089	47.545	49.791	47.453	164.982	172.989	175.678	305.41	298.607	299.695
01:45:30	16.383	19.912	18.752	47.224	49.179	49.136	164.721	169.366	179.451	307.025	294.238	300.276
01:46:00	17.03	18.828	19.48	47.943	47.524	47.242	164.266	171.357	174.446	309.081	293.585	299.614
01:46:30	17.831	19.762	19.83	47.651	48.154	49.031	166.873	171.514	176.702	302.538	295.275	301.448
01:47:00	16.554	19.862	18	47.361	49.204	47.198	163.079	172.09	173.402	302.494	299.703	298.257
01:47:30	16.79	19.509	18.904	47.997	49.681	46.949	165.54	170.99	172.179	303.611	291.064	299.796
01:48:00	16.604	19.827	19.83	47.091	48.815	49.245	166.468	168.364	175.336	299.775	296.402	300.521
01:48:30	17.873	19.511	19.099	48.515	50.261	49.713	165.031	168.986	172.725	308.129	297.988	300.594
01:49:00	16.929	20.404	19.074	47.831	49.49	47.379	163.77	173.302	172.197	304.21	292.914	298.748
01:49:30	17.64	19.755	19.421	46.81	48.226	47.435	166.355	172.613	177.324	305.318	297.317	302.473
01:50:00	16.962	19.642	18.095	46.956	49.267	49.11	166.379	172.756	175.685	305.062	297.81	300.975
01:50:30	17.709	18.701	19.031	46.457	47.326	49.258	165.694	173.795	173.991	304.177	297.842	299.966
01:51:00	18.083	19.464	19.563	46.692	46.952	46.961	167.405	169.999	177.732	307.024	295.197	303.011
01:51:30	17.81	19.805	19.313	47.981	48.839	46.07	168.578	174.008	179.172	309.659	297.047	302.093
01:52:00	17.34	19.975	19.509	49.025	47.727	48.205	166.124	170.128	177.783	309.584	298.497	301.125
01:52:30	17.994	19.549	19.152	47.091	48.573	48.381	164.778	172.142	177.292	307.051	296.597	300.221
01:53:00	16.436	19.212	19.205	48.385	47.951	48.277	167.184	171.736	175.651	303.14	303.865	304.637
01:53:30	16.72	19.65	19.935	47.632	49.052	48.101	168.379	170.466	176.055	303.512	295.816	302.346
01:54:00	16.727	19.493	18.785	46.409	49.152	48.075	168.539	173.971	176.007	303.502	294.698	299.727
01:54:30	16.883	19.706	19.524	47.38	49.648	45.882	165.836	171.208	174.444	303.508	293.984	303.826
01:55:00	16.936	20.039	19.205	48.789	47.825	47.753	167.463	170.926	173.072	304.272	299.81	299.809
01:55:30	17.176	19.812	19.383	48.278	49.802	48.115	165.933	174.581	174.456	309.521	302.259	300.542
01:56:00	16.987	18.677	19.379	46.55	49.49	48.847	163.366	172.226	175.583	306.576	296.466	305.337
01:56:30	16.69	19.498	18.451	47.04	48.092	46.777	165.801	172.53	175.571	302.444	296.033	298.772
01:57:00	16.44	19.46	18.75	47.673	47.463	48.12	167.843	172.027	175.558	305.955	300.616	303.258
01:57:30	17.397	20.913	18.803	47.787	49.397	47.069	165.565	173.696	177.151	307.434	295.054	303.111
01:58:00	17.604	20.617	19.824	47.233	48.426	47.975	162.521	171.863	174.296	308.382	295.456	300.486
01:58:30	16.988	21.175	19.711	46.952	48.852	47.6	169.531	175.29	176.175	305.879	300.547	307.973
01:59:00	16.787	20.072	20.159	48.071	50.474	46.535	165.638	175.225	175.894	305.624	298.307	303.752
01:59:30	16.673	20.261	19.349	46.792	50.11	47.315	169.772	174.262	176.207	309.407	299.185	302.01
02:00:00	17.544	17.923	19.123	47.453	50.536	47.897	167.245	171.967	179.829	309.252	296.323	303.046