Time	25_1	25_2	25_3	50_1	50_2	50_3	100_1	100_2	100_3	150_1	150_2	150_3
00:00:00	107.99	106.565	108.627	206.514	212.294	187.928	424.883	402.574	388.406	607.901	605.176	606.875
00:00:30	103.332	101.088	105.503	199.414	207.066	181.139	409.687	383.246	367.728	593.006	594.966	586.436
00:01:00	100.275	96.639	102.464	194.065	201.261	175.621	394.65	376.613	363.858	585.964	585.532	581.525
00:01:30	93.774	91.663	97.183	188.676	190.136	172.028	382.022	370.345	352.639	571.549	580.432	573.831
00:02:00	92.243	89.464	96.42	179.96	189.518	168.731	379.456	367.614	348.664	568.566	575.68	572.107
00:02:30	87.871	85.906	89.448	176.401	184.659	164.047	371.705	359.102	342.609	565.969	570.519	562.531
00:03:00	86.729	85.173	86.374	173.261	182.727	159.841	369.71	355.034	339.01	561.054	564.358	565.924
00:03:30	85.426	82.117	86.459	167.621	180.051	155.081	363.411	354.155	337.684	556.77	556.427	554.419
00:04:00	82.209	81.351	82.71	163.523	174.995	154.421	358.125	349.262	332.13	553.657	553.768	550.404
00:04:30	79.321	78.599	84.833	158.342	173.417	153.475	358.701	347.907	330.275	557.475	556.42	559.327
00:05:00	77.098	75.575	81.69	160.91	168.453	148.584	355.53	347.832	332.628	549.079	561.565	557.383
00:05:30	78.659	77.761	79.193	150.884	164.78	151.299	356.532	339.908	331.401	546.27	554.68	554.609
00:06:00	76.025	74.681	79.627	151.82	161.344	147.961	355.565	344.582	327.078	553.257	559.701	559.012
00:06:30	74.812	73.506	77.402	147.27	161.169	144.875	352.662	346.874	327.117	541.612	558.363	552.289
00:07:00	74.54	72.546	75.773	148.803	156.893	144.632	353.244	341.933	322.118	554.412	556.861	545.016
00:07:30	73.007	72.403	74.588	145.4	154.564	141.097	350.411	345.845	325.508	546.329	555.428	540.123
00:08:00	72.557	71.55	73.492	145.699	153.897	141.929	347.327	336.607	319.746	543.591	559.754	545.249
00:08:30	71.525	69.802	75.54	145.653	148.714	138.355	349.054	340.023	324.484	548.026	561.329	550.756
00:09:00	71.359	69.145	72.335	142.756	149.11	139.086	345.426	341.46	320.034	551.546	550.729	541.944
00:09:30	68.345	69.583	72.564	141.517	148.951	138.591	351.134	335.923	320.102	545.838	558.568	547.557
00:10:00	69.4	67.684	71.595	139.843	147.97	137.336	347.584	344.113	322.097	545.931	555.762	547.514
00:10:30	66.566	66.987	70.698	141.706	144.978	136.681	346.423	339.18	319.756	542.414	555.881	547.928
00:11:00	66.439	64.363	68.61	137.834	140.494	136.325	343.419	342.382	321.067	547.381	550.438	548.562
00:11:30	67.204	66.13	68.86	136.586	141.308	134.502	343.633	339.093	318.509	555.114	560.762	550.404
00:12:00	66.081	64.57	66.899	138.96	141.072	132.623	349.796	339.154	319.248	553.499	556.931	549.451
00:12:30	64.434	64.207	66.132	133.423	139.221	133.251	340.536	335.683	321.676	548.593	556.082	550.398
00:13:00	63.515	61.44	67.447	136.352	140.32	133.09	344.628	340.812	323.099	550.991	556.5	550.037
00:13:30	63.492	63.349	66.468	133.484	132.805	130.66	345.087	337.811	322.235	548.186	560.482	550.294
00:14:00	62.892	62.641	64.777	136.658	133.124	128.91	346.388	336.85	323.106	551.503	555.173	557.656
00:14:30	62.432	60.703	63.784	132.887	135.091	130.781	348.067	337.126	319.82	548.54	556.195	544.589
00:15:00	61.538	62.62	63.154	135.873	135.148	126.708	343.622	342.97	321.049	550.883	552.668	548.838
00:15:30	60.339	60.178	63.592	133.758	131.313	129.753	345.352	336.5	318.777	550.142	557.889	551.029
00:16:00	59.963	58.408	60.132	129.908	134.07	127.013	346.134	338.841	318.526	551.356	559.08	549.578
00:16:30	58.123	60.719	60.819	134.052	129.083	126.996	343.956	338.806	320.088	550.248	554.797	551.995
00:17:00	57.784	59.051	61.732	133.903	130.067	125.831	347.926	337.69	318.228	552.378	554.943	546.032
00:17:30	58.442	59.93	59.538	134.239	126.539	126.171	345.662	337.975	323.23	551.057	552.724	548.613
00:18:00	59.904	56.523	59.338	131.486	126.958	124.789	343.12	337.825	320.224	547.367	557.255	545.638
00:18:30	58.363	57.357	61.44	132.017	126.91	125.283	344.2	344.708	313.545	552.583	561.942	545.729
00:19:00	58.476	57.031	58.356	132.851	126.674	124.503	344.881	338.334	322.546	548.707	565.263	546.079
00:19:30	56.444	57.984	57.17	130.109	126.903	125.778	344.367	338.992	318.709	554.665	560.288	548.961
00:20:00	55.998	55.988	56.477	132.719	125.609	125.257	342.318	341.618	315.393	547.925	556.029	548.728
00:20:30	56.605	55.24	56.198	128.747	126.859	124.259	341.126	337.609	317.8	555.717	556.342	548.487
00:21:00	56.953	55.553	56.742	131.441	124.921	124.516	341.169	341.064	320.367	550.3	559.329	546.456
00:21:30	56.549	55.012	57.337	129.693	126.899	124.702	342.772	341.476	320.616	552.153	556.961	551.479
00:22:00	56.228	54.037	57.36	130.865	123.355	123.112	347.764	337.881	319.342	551.643	552.46	549.657
00:22:30	56.558	54.582	56.303	130.812	126.79	123.255	344.45	337.557	321.201	552.454	560.982	554.116
00:23:00	56.559	55.621	56.605	129.593	124.794	124.246	344.782	340.268	320.94	548.952	562.263	558.073
00:23:30	55.048	52.927	55.659	129.921	120.549	121.942	347.256	341.725	322.945	549.342	561.349	556.525
00:24:00	56.631	53.966	56.033	130.299	122.053	122.561	349.642	341.574	322.649	555.659	566.19	552.638
00:24:30	53.58	53.287	55.757	129.605	122.906	123.044	348.098	339.962	323.125	557.508	563.152	550.949
00:25:00	54.451	52.807	55.247	129.605	124.066	121.378	349.679	342.897	320.049	547.936	566.159	550.649
00:25:30	52.426	52.711	53.975	128.664	120.555	119.256	347.161	336.237	322.471	552.8	565.024	555.423
00:26:00	52.197	52.279	55.878	126.381	125.163	116.409	346.454	340.69	319.664	554.199	560.858	548.461
00:26:30	51.365	52.75	53.568	130.599	119.06	120.767	351.028	340.744	319.502	556.144	564.93	551.269
00:27:00	51.323	51.334	55.46	129.434	121.331	118.326	343.789	343.676	318.311	552.526	564.314	554.697
00:27:30	51.095	51.06	53.46	129.273	123.204	117.268	346.207	338.127	323.422	556.971	563.27	550.738
00:28:00	51.88	50.707	54.456	129.985	120.16	117.652	344.126	339.549	319.187	556.972	564.695	553.337
00:28:30	52.008	50.118	54.4	129.563	122.059	117.788	346.472	340.715	319.912	551.546	567.13	553.452
00:29:00	50.575	51.557	52.546	129.948	119.824	118.33	346.011	338.13	319.33	553.913	568.847	548.448
00:29:30	51.51	49.359	52.277	128.531	119.309	117.509	344.317	339.276	321.015	552.901	564.285	545.273
00:30:00	51.403	49.646	51.089	129.975	118.789	119.567	345.749	337.176	319.001	556.569	562.246	555.775
00:30:30	49.434	50.016	53.505	128.497	119.078	120.988	345.625	343.719	320.973	553.892	563.644	552.16
00:31:00	49.963	48.544	51.553	125.481	119.965	119.533	348.006	339.921	319.18	552.645	562.993	559.979
00:31:30	50.502	49.279	52.587	129.492	119.185	118.725	348.887	345.35	320.292	557.224	564.953	548.321
00:32:00	50.817	48.469	51.799	128.287	120.994	117.589	348.238	341.334	320.973	556.894	566.189	551.985
00:32:30	51.111	49.272	52.165	127.176	119.35	116.691	348.306	337.711	319.839	555.736	559.933	557.789
00:33:00	49.442	48.697	51.317	128.414	118.258	116.523	348.645	338.35	316.983	555.353	562.64	548.863
00:33:30	49.95	49.152	49.103	128.835	121.826	115.323	346.037	340.738	326.183	549.452	568.993	547.646
00:34:00	47.867	49.431	50.777	130.419	118.415	120.884	345.477	343.783	322.48	551.815	557.515	553.37
00:34:30	49.149	47.377	49.664	126.586	119.057	118.414	346.083	339.848	320.742	563.301	561.986	547.788
00:35:00	50.809	47.416	50.582	127.474	122.714	119.048	349.825	341.014	322.571	562.105	568.665	555.573
00:35:30	49.351	48.791	49.407	129.386	119.35	115.853	348.536	343.161	322.37	557.341	567.409	560.029
00:36:00	48.653	50.958	48.629	128.235	118.645	116.827	348.085	342.108	323.374	556.824	570.382	554.516
00:36:30	47.869	47.828	51.022	128.878	120.787	115.781	351.125	347.707	326.095	555.6	558.904	557.586
00:37:00	47.578	47.891	49.28	128.026	121.1	117.916	349.533	345.202	327.532	558.815	563.688	559.881
00:37:30	48.725	47.355	49.031	130.076	119.745	115.096	352.212	343.325	319.687	557.713	569.363	559.538
00:38:00	49.801	47.809	50.03	129.016	120.854	115.601	349.515	341.423	320.279	558.636	563.876	554.319
00:38:30	46.732	47.835	49.393	129.242	119.786	114.356	347.627	343.68	323.994	557.67	568.356	557.18
00:39:00	47.232	45.439	48.449	126.875	118.711	113.538	348.703	339.916	324.019	559.754	571.167	549.669
00:39:30	47.532	47.036	49.142	129.912	120.058	116.125	353.796	341.522	323.58	561.141	570.274	551.363
00:40:00	46.319	47.953	49.621	128.982	118.785	116.465	348.733	344.377	322.66	558.736	564.088	554.691
00:40:30	48.049	44.976	49.605	130.074	121.851	115.527	348.216	343.594	325.528	556.712	563.955	558.067
00:41:00	47.954	46.505	48.999	130.192	119.78	115.252	356.331	340.878	322.142	564.151	571.154	552.917
00:41:30	47.617	45.969	46.649	128.296	119.045	114.943	350.577	348.431	320.773	558.753	565.189	557.41
00:42:00	48.347	47.571	50.455	128.378	121.619	117.606	349.066	345.242	326.142	553.436	560.717	556.246
00:42:30	47.028	47.277	47.588	130.084	120.752	116.395	353.907	345.445	320.755	566.546	567.791	552.977
00:43:00	47.405	45.799	49.778	127.897	120.325	117.675	353.058	344.31	324.897	557.724	565.942	560.188
00:43:30	46.364	44.057	49.117	129.652	120.739	115.367	355.427	346.279	325.406	559.767	573.059	567.46
00:44:00	46.747	45.906	47.625	126.787	120.714	111.75	353.764	346.472	326.943	558.572	575.75	551.721
00:44:30	45.243	44.704	48.768	129.921	119.58	113.996	354.138	344.216	327.326	560.766	564.452	558.035
00:45:00	47.184	46.548	48.687	128.624	118.84	113.497	351.729	344.471	324.87	562.082	572.699	566.278
00:45:30	45.885	46.187	47.763	128.277	118.074	115.769	350.245	342.782	323.757	558.895	568.426	551.392
00:46:00	46.542	46.126	47.383	129.357	119.622	112.348	354.662	346.104	324.95	561.599	559.718	557.519
00:46:30	47.35	45.413	47.184	129.007	119.596	114.92	352.655	347.523	324.3	563.254	579.244	560.194
00:47:00	46.317	43.227	47.442	128.89	121.887	114.351	349.914	346.557	328.785	563.984	576.047	562.297
00:47:30	46.011	45.946	48.052	128.064	118.123	113.538	354.479	344.215	328.077	557	569.513	555.558
00:48:00	45.185	44.738	48.263	129.088	118.894	112.717	349.899	348.453	331.086	561.156	569.198	558.373
00:48:30	46.175	44.372	45.865	127.943	119.427	112.76	355.544	346.143	329.101	562.478	574.235	561.972
00:49:00	45.906	44.733	47.889	131.785	120.176	113.709	353.906	347.392	330.359	566.559	574.396	559.843
00:49:30	44.615	45.735	47.559	131.636	123.479	111.996	356.242	341.457	325.068	568.537	570.762	552.129
00:50:00	44.651	44.79	46.601	131.546	123.795	113.007	354.738	348.877	330.549	568.386	569.624	556.722
00:50:30	44.41	45.82	47.038	129.006	121.511	113.135	354.367	347.989	325.329	570.853	568.301	563.007
00:51:00	45.343	44.996	47.355	128.595	118.68	114.08	352.054	348.706	333.003	569.794	572.275	562.714
00:51:30	46.684	44.421	46.766	129.132	120.456	111.606	354.971	347.834	328.843	565.905	576.483	558.983
00:52:00	44.377	44.341	46.786	131.571	121.996	111.341	354.243	349.834	328.932	567.466	574.215	559.65
00:52:30	45.851	45.844	46.919	130.179	120.551	114.043	351.676	349.623	328.179	567.897	571.202	558.67
00:53:00	44.727	44.84	46.68	128.048	120.563	113.108	357.348	351.29	331.555	570.745	575.915	565.883
00:53:30	45.313	44.229	49.443	130.333	121.357	112.264	354.29	344.099	326.274	567.535	569.321	562.664
00:54:00	43.172	43.957	46.218	128.045	120.577	114.111	358.068	346.452	329.908	568.643	574.483	566.963
00:54:30	45.39	43.514	47.193	129.288	121.823	114.425	359.624	350.482	332.079	573.043	578.552	567.828
00:55:00	44.663	44.182	48.67	129.734	122.838	113.519	358.387	348.354	327.395	572.35	578.928	563.759
00:55:30	44.766	42.514	47.093	128.554	119.171	112.754	355.078	348.497	331.346	563.575	575.961	565.167
00:56:00	44.027	43.563	46.035	128.673	120.46	112.398	351.516	345.715	331.086	567.532	573.265	565.343
00:56:30	43.854	44.177	46.46	131.57	121.073	111.808	358.328	353.696	327.916	564.45	575.356	566.206
00:57:00	45.466	44.988	48.594	132.825	125.174	114.297	363.832	352.553	336.172	568.956	577.586	569.558
00:57:30	46.442	43.806	45.224	131.37	123.4	111.877	358.243	355.723	334.427	574.485	584.12	565.924
00:58:00	43.705	43.698	46.741	133.917	122.249	110.732	356.276	351.778	331.686	566.395	571.541	565.042
00:58:30	43.882	43.62	47.886	132.235	122.235	111.49	357.25	350.191	331.777	571.439	579.283	568.16
00:59:00	44.014	44.695	47.593	131.819	121.238	114.045	357.815	355.786	328.593	576.255	578.396	559.526
00:59:30	43.832	43.541	47.659	129.629	123.569	113.874	357.973	350.913	335.072	568.573	576.275	569.597
01:00:00	43.767	42.715	46.519	131.457	116.388	113.433	359.037	355.068	331.424	567.103	578.709	561.987
01:00:30	43.518	45.314	47.018	132.625	124.303	112.639	358.84	351.367	325.946	568.612	577.014	570.468
01:01:00	43.575	44.156	46.297	130.707	122.975	112.459	361.506	356.056	331.471	573.965	573.07	562.331
01:01:30	44.66	44.358	45.541	131.383	122.034	113.611	356.481	350.745	333.219	570.765	575.695	572.126
01:02:00	44.505	45.37	43.988	132.302	122.729	114.018	355.829	354.487	333.794	570.813	574.672	565.984
01:02:30	45.16	42.475	47.02	131.376	122.3	113.468	360.694	350.086	332.317	569.083	580.803	570.233
01:03:00	43.545	43.432	46.718	130.544	121.628	112.914	362.975	352.734	335.949	569.378	581.344	566.604
01:03:30	43.377	43.228	46.267	129.595	125.121	110.013	355.657	354.794	336.451	570.723	584.911	563.023
01:04:00	45.394	42.832	46.554	129.614	122.871	111.022	360.329	352.331	336.314	575.893	577.872	568.48
01:04:30	42.996	43.3	47.305	132.443	123.358	112.931	359.458	354.636	333.361	570.751	581.737	570.748
01:05:00	42.759	42.894	46.435	133.889	124.042	109.724	361.35	354.88	336.809	562.825	580.54	568.614
01:05:30	42.036	42.343	45.655	132.425	121.576	111.769	358.74	354.799	331.11	574.312	582.36	566.766
01:06:00	44.253	42.689	46.874	132.946	124.851	112.137	363.627	354.406	338.21	580.357	585.293	571.032
01:06:30	42.872	43.437	46.446	133.57	123.657	110.731	353.479	355.548	332.748	574.661	579.653	564.337
01:07:00	43.925	43.013	46.811	129.304	122.478	110.52	363.575	355.043	334.367	570.281	576.534	563.359
01:07:30	43.691	42.526	46.294	132.457	124.026	112.597	364.333	352.08	335.679	575.379	584.866	570.119
01:08:00	43.636	45.066	46.304	133.366	123.04	113.718	361.269	347.258	332.105	572.341	571.874	564.181
01:08:30	43.184	41.918	45.012	132.824	122.872	111.261	362.261	356.39	334.293	575.208	582.456	567.639
01:09:00	42.273	43.375	46.161	133.917	124.702	111.572	356.876	352.843	333.556	577.058	579.344	569.839
01:09:30	42.502	42.831	46.389	135.068	124.234	110.711	366.958	350.42	331.789	576.917	586.413	576.359
01:10:00	44.219	44.498	47.226	135	127.075	112.566	360.449	357.017	333.882	573.879	579.324	569.721
01:10:30	42.454	44.459	45.798	134.238	124.767	110.616	362.01	360.123	335.247	574.323	581.279	568.637
01:11:00	43.134	42.453	46.164	132.806	120.462	110.602	362.039	352.069	335.358	576.105	583.482	570.304
01:11:30	43.837	41.156	45.948	135.269	125.954	109.434	367.313	354.01	333.924	575.796	583.672	568.118
01:12:00	42.805	42.409	47.175	130.711	124.228	109.905	365.922	351.406	334.598	575.9	581.847	570.751
01:12:30	42.857	42.858	47.664	131.452	126.606	108.786	361.064	350.471	339.926	575.883	586.827	566.774
01:13:00	43.883	43.277	46.008	130.78	125.642	111.726	366.209	354.546	338.464	574.744	579.417	567.507
01:13:30	42.661	42.276	47.036	136.486	124.82	111.698	362.368	357.246	335.681	580.885	591.731	569.967
01:14:00	42.876	41.817	46.1	135.814	123.952	110.039	367.803	362.437	339.779	575.332	584.403	571.784
01:14:30	43.24	43.048	44.161	133.403	124.007	112.748	367.259	357.574	333.046	577.385	580.96	570.057
01:15:00	42.869	43.678	46.412	134.699	122.686	111.342	361.886	359.139	342.948	575.006	582.064	571.367
01:15:30	45.101	42.909	45.086	135.051	124.097	108.919	365.5	359.536	338.373	573.615	588.612	568.255
01:16:00	42.765	45.632	45.137	135.952	123.711	112.099	369.533	360.22	339.667	577.862	585.267	576.071
01:16:30	43.557	42.158	45.87	134.199	125.525	111.317	364.166	362.067	341.949	578.897	585.403	577.024
01:17:00	43.749	41.762	46.806	133.143	125.213	111.978	368.154	357.517	338.862	578.684	583.204	574.22
01:17:30	44.306	43.517	46.796	136.945	126.196	113.243	368.264	359.101	343.859	583.086	591.731	572.115
01:18:00	42.671	42.688	45.451	135.154	124.233	111.6	359.878	358.447	338.411	580.716	586.955	572.823
01:18:30	41.965	40.777	45.919	131.375	125.091	109.538	361.721	358.66	337.528	577.384	585.994	573.069
01:19:00	43.519	43.378	45.431	132.988	126.84	111.223	369.509	357.812	334.111	585.4	586.529	566.039
01:19:30	42.964	43.193	46.533	133.996	127.836	109.408	364.852	355.365	337.002	583.202	585.19	573.762
01:20:00	43.607	41.711	46.871	132.259	128.39	110.039	365.982	357.978	334.023	586.375	590.961	572.27
01:20:30	44.394	41.778	47.044	135.924	126.834	109.133	369.858	362.745	340.289	585.976	590.899	578.918
01:21:00	42.18	43.492	45.229	135.023	124.014	109.722	366.861	359.507	340.035	580.273	582.455	568.512
01:21:30	43.429	41.481	43.899	134.372	124.352	110.235	368.105	362.014	341.958	587.178	589.313	581.408
01:22:00	41.859	43.114	46.62	136.449	125.102	109.62	365.657	362.163	340.903	582.285	583.25	573.87
01:22:30	43.408	41.563	45.475	136.195	125.523	111.373	371.253	362.632	339.004	579.195	581.9	571.06
01:23:00	43.604	41.9	45.067	137.22	126.769	109.756	366.679	361.76	344.129	582.405	593.319	574.229
01:23:30	42.677	42.229	46.026	138.875	124.873	110.455	370.036	357.256	341.468	582.194	590.078	573.485
01:24:00	43.115	42.888	46.536	135.618	124.584	108.974	367.626	360.522	339.937	574.038	589.126	574.258
01:24:30	44.327	42.557	47.375	136.349	127.387	109.42	371.609	362.399	335.699	585.57	586.732	575.189
01:25:00	42.026	44.58	47.611	136.985	129.013	109.494	373.891	362.987	342.507	585.015	589.053	572.275
01:25:30	44.484	42.611	45.658	137.327	129.381	108.842	368.891	366.744	342.23	582.961	593.43	571.776
01:26:00	42.322	43.55	46.207	138.181	127.678	109.886	368.632	365.127	342.256	581.462	586.024	578.973
01:26:30	42.519	42.653	45.713	134.617	128.596	108.544	367.066	362.901	343.597	576.984	588.943	574.122
01:27:00	42.089	42.444	45.494	136.272	125.412	108.827	368.724	364.443	339.264	583.062	587.761	573.972
01:27:30	42.966	41.56	44.563	135.592	126.752	107.472	370.3	362.067	342.346	580.47	589.232	570.08
01:28:00	43.06	42.672	44.529	134.884	128.692	109.616	367.869	366.424	343.768	583.153	583.404	577.394
01:28:30	44.478	41.533	46.52	137.586	127.014	108.165	378.501	360.435	345.262	584.483	591.69	573.453
01:29:00	43.013	42.527	47.033	136.836	129.176	111.149	370.461	363.389	345.168	581.918	599.782	584.969
01:29:30	42.431	42.6	45.358	136.59	126.71	108.668	370.676	363.535	339.923	583.186	591.21	576.869
01:30:00	43.501	43.619	44.863	135.617	126.624	109.326	372.362	365.242	340.407	583.787	590.847	576.233
01:30:30	43.052	42.007	46.556	137.427	126.015	108.71	373.246	365.014	346.986	590.689	592.904	579.87
01:31:00	42.328	42.12	44.987	138.561	127.791	106.419	365.607	363.215	345.826	583.342	592.825	575.715
01:31:30	42.32	42.348	47.636	138.353	124.934	109.931	371.839	362.924	344.601	587.984	592.929	580.77
01:32:00	43.13	43.025	44.773	135.269	127.964	108.965	375.558	367.633	343.479	588.067	590.233	575.85
01:32:30	43.136	42.404	47.288	138.359	126.455	108.905	368.935	365.114	343.427	585.812	586.828	578.103
01:33:00	43.073	43.279	44.79	137.478	128.821	107.678	374.403	365.845	343.962	585.503	597.215	584.361
01:33:30	41.746	42.904	45.978	139.081	126.908	108.833	372.754	365.874	344.58	583.464	588.672	579.494
01:34:00	44.526	43.359	47.127	136.943	124.871	109.054	376.313	367.491	347.386	589.966	589.243	581.232
01:34:30	42.528	43.23	46.534	138.191	127.947	110.826	372.689	368.21	346.893	586.43	595.009	587.469
01:35:00	43.191	43.123	45.724	136.844	126.407	110.076	373.196	362.873	346.38	589.017	585.906	573.723
01:35:30	42.473	43.115	45.332	136.635	129.755	108.936	372.723	368.508	345.22	585.872	594.869	581.946
01:36:00	42.294	42.287	46.1	138.718	128.045	109.15	375.87	364.361	343.941	588.687	590.457	578.942
01:36:30	44.34	44.304	45.261	137.285	130.019	109.82	372.391	372.368	343.573	597.583	601.41	587.027
01:37:00	43.82	42.582	45.237	138.695	127.999	109.9	373.342	368.144	343.07	589.509	593.763	576.553
01:37:30	42.009	41.339	46.145	139.067	128.662	110.503	373.354	365.053	346.616	583.553	590.519	582.884
01:38:00	42.514	42.472	46.869	137.674	129.483	107.958	376.922	365.056	347.594	586.748	601.996	583.921
01:38:30	43.382	43.695	45.41	137.642	129.337	108.24	378.762	371.675	351.865	590.019	597.802	581.698
01:39:00	41.725	41.795	45.663	137.815	130.729	106.626	376.669	368.298	343.911	587.728	591.574	578.419
01:39:30	42.973	42.788	46.253	138.738	131.479	107.658	381.756	368.296	345.776	590.551	592.41	585.437
01:40:00	42.644	43.692	45.449	139.343	128.43	109.18	372.277	365.054	347.303	590.525	595.481	577.762
01:40:30	42.514	42.693	43.613	140.26	128.301	105.895	376.187	369.083	345.048	592.033	601.352	582.803
01:41:00	43.258	42.707	45.509	139.347	127.052	107.247	378.019	369.582	348.665	592.73	595.775	580.86
01:41:30	43.587	41.608	46.831	140.891	128.058	107.554	380.13	373.412	349.165	586.853	601.708	585.258
01:42:00	41.927	42.548	46.193	138.128	128.553	105.181	378.283	368.165	344.744	591.71	593.108	585.99
01:42:30	42.855	42.029	45.3	139.006	128.612	107.674	377.196	372.101	350.983	591.403	603.262	585.757
01:43:00	42.683	43.469	45.457	139.454	129.442	106.482	380.148	370.511	347.012	588.451	594.223	578.456
01:43:30	43.149	42.863	44.607	138.472	129.798	109.079	369.353	364.502	343.582	590.894	594.71	585.787
01:44:00	41.502	43.619	46.989	140.262	130.229	105.843	379.01	372.102	350.05	593.557	599.05	586.166
01:44:30	42.839	42.99	45.372	139.555	128.825	108.191	374.351	370.093	349.146	590.559	595.889	581.93
01:45:00	42.98	41.658	45.63	139.241	129.718	107.896	380.139	372.335	346.674	588.917	593.93	583.849
01:45:30	42.528	41.971	45.809	140.515	129.685	107.608	377.403	370.478	347.2	592.226	599.287	582.673
01:46:00	43.905	42.588	46.015	142.394	128.385	107.439	374.238	367.366	348.427	590.007	597.594	585.331
01:46:30	42.347	42.862	45.343	137.962	131.326	109.34	375.483	372.641	345.257	588.042	601.57	580.955
01:47:00	43.372	44.757	45.973	141.922	131.688	107.858	374.857	373.227	352.309	591.726	599.439	582.556
01:47:30	43.972	42.575	46.168	139.815	129.888	105.982	379.016	371.282	347.915	588.755	587.511	584.138
01:48:00	42.484	42.472	45.666	139.778	128.743	106.3	376.993	372.612	350.478	589.233	592.795	575.953
01:48:30	42.229	43.077	45.84	140.371	129.223	108.029	376.301	370.53	347.272	592.101	597.461	579.447
01:49:00	42.8	44.199	44.87	139.205	130.553	110.506	379.324	375.621	349.867	594.595	599.046	581.822
01:49:30	41.986	43.295	45.952	140.528	130.19	107.773	372.86	367.456	349.488	591.775	594.372	578.87
01:50:00	41.611	43.652	45.004	141.224	130.392	106.178	378.709	375.036	348.594	590.919	598.911	584.99
01:50:30	41.853	43.202	44.095	140.634	131.769	105.962	380.551	372.838	345.445	589.728	596.686	585.102
01:51:00	43.641	42.611	45.123	141.891	131.648	108.189	381.269	366.426	351.447	592.043	592.154	580.791
01:51:30	43.043	42.711	44.612	140.435	128.805	106.006	381.651	369.954	350.887	593.974	597.061	587.391
01:52:00	43.333	42.345	47.176	143.662	131.064	107.973	379.543	371.315	351.891	597.193	607.778	591.702
01:52:30	41.826	42.938	45.011	139.895	132.898	105.643	380.363	369.759	349.438	593.587	597.777	589.972
01:53:00	44.225	43.823	46.879	142.945	131.265	107.742	376.893	374.998	352.479	593.909	600.726	588.256
01:53:30	42.507	43.648	45.599	142.532	134.976	105.613	384.19	372.669	350.548	597.83	602.442	585.207
01:54:00	43.6	42.684	45.828	141.633	132.629	106.69	376.203	376.085	351.523	596.394	599.169	585.48
01:54:30	43.844	42.204	45.692	141.828	132.838	105.401	382.99	374.85	357.342	598.193	604.362	590.103
01:55:00	43.372	42.085	46.036	139.936	132.597	107.506	381.405	372.38	351.41	594.54	600.893	587.375
01:55:30	42.795	41.636	45.713	143.65	134.045	106.286	381.027	377.065	352.026	602.345	609.016	592.128
01:56:00	42.083	43.348	46.825	143.16	131.609	105.83	385.114	378.013	351.701	601.313	599.91	587.447
01:56:30	42.987	43.138	45.747	140.078	134.119	109.757	380.261	376.011	354.972	600.753	604.046	586.399
01:57:00	43.695	42.339	46.216	141.1	132.107	106.037	378.648	378.057	349.508	595.612	596.611	582.431
01:57:30	41.714	44.96	46.365	142.196	131.905	105.223	384.822	377.644	353.8	596.548	603.397	587.237
01:58:00	43.183	43.299	45.585	141.685	130.862	106.781	381.293	378.723	351.203	597.409	598.705	583.259
01:58:30	42.237	43.113	45.618	144.034	134.679	108.059	384.794	375.514	351.032	599.269	611.576	588.21
01:59:00	43.359	44.191	45.887	141.081	130.544	107.735	386.16	373.332	355.113	599.415	601.823	590.525
01:59:30	43.479	44.456	45.954	141.406	131.047	107.455	379.388	373.115	352.772	595.615	602.632	583.799
02:00:00	42.701	41.83	45.15	142.702	129.833	107.93	378.728	371.618	352.497	595.538	602.22	587.807