Time	25_1	25_2	25_3	50_1	50_2	50_3	100_1	100_2	100_3	150_1	150_2	150_3
00:00:00	66.179	70.741	67.601	140.874	137.047	141.951	276.483	274.816	277.516	397.164	394.704	398.045
00:00:30	65.205	69.928	65.775	134.382	130.522	135.707	264.64	268.403	268.968	386.572	386.283	377.484
00:01:00	62.766	66.686	64.619	129.745	127.255	129.109	255.081	253.317	254.307	366.197	374.009	364.426
00:01:30	61.015	60.557	60.998	126.704	125.644	121.885	245.761	244.006	247.296	357.919	355.592	355.661
00:02:00	61.09	56.825	58.81	121.459	121.889	117.276	233.725	235.015	239.253	355.148	354.179	345.392
00:02:30	57.353	56.224	58.2	119.865	117.659	116.203	233.224	231.504	230.468	351.218	352.308	344.522
00:03:00	55.517	55.027	56.114	115.804	112.323	112.517	227.407	229.743	222.332	338.781	344.257	339.375
00:03:30	54.174	53.082	55.158	110.578	107.599	109.978	223.143	220.451	217.367	340.772	343.81	332.203
00:04:00	52.055	51.881	53.521	109.494	100.998	105.879	215.753	219.715	213.676	340.202	338.076	333.133
00:04:30	50.263	49.751	52.995	106.272	100.017	103.889	208.57	211.988	207.663	337.064	336.201	331.992
00:05:00	50.673	47.725	51.904	99.517	99.013	101.851	207.406	212.346	208.824	335.18	331.231	332.131
00:05:30	47.736	46.897	49.688	95.932	97.12	99.101	206.926	206.443	203.388	326.695	329.772	325.338
00:06:00	46.116	45.633	47.697	93.977	93.897	98.988	205.742	206.399	201.504	327.177	328.371	319.819
00:06:30	46.597	44.633	48.628	93.279	94.838	95.498	199.197	203.816	201.537	323.623	326.554	325.049
00:07:00	45.355	44.222	46.878	92.162	91.618	97.039	201.435	203.395	200.58	326.377	327.417	325.865
00:07:30	45.531	42.195	45.808	89.865	89.926	91.931	197.49	199.236	195.001	325.468	321.543	322.742
00:08:00	43.125	42.673	45.61	87.87	88.954	90.638	195.474	199.753	198.045	317.755	327.117	319.579
00:08:30	42.597	41.368	44.359	87.798	87.974	90.874	193.113	198.378	194.863	326.739	324.875	321.226
00:09:00	41.807	39.034	44.031	86.097	86.283	90.257	189.715	194.807	189.918	320.941	321.409	317.905
00:09:30	41.237	38.173	42.516	84.731	85.023	88.1	188.612	196.495	191.943	322.061	321.402	317.423
00:10:00	39.76	38.583	42.73	85.347	85.112	88.683	188.803	193.135	190.008	315.531	318.95	313.892
00:10:30	40.376	38.303	41.5	82.072	83.111	83.811	190.546	190.291	189.337	323.128	319.929	315.856
00:11:00	38.143	36.882	42.878	82.19	84.081	86.196	192.04	192.419	186.282	315.339	321.257	317.521
00:11:30	39.253	35.882	40.739	81.185	81.271	82.771	187.557	187.127	190.464	316.583	320.69	314.576
00:12:00	35.966	35.912	39.173	79.681	80.689	85.039	187.63	192.365	186.67	318.319	315.166	312.863
00:12:30	37.864	35.913	38.157	77.796	78.373	83.621	190.47	189.948	186.413	317.032	312.896	311.734
00:13:00	36.518	35.393	38.902	79.867	80.882	81.968	187.511	190.037	184.785	316.556	318.931	310.367
00:13:30	35.899	34.9	36.411	76.96	78.969	82.599	183.386	190.722	184.92	315.234	312.992	312.61
00:14:00	36.834	34.777	36.769	79.377	78.824	82.871	184.441	187.706	181.794	314.901	315.589	309.529
00:14:30	34.156	32.813	34.861	78.264	77.046	80.232	185.72	185.655	184.255	315.483	314.881	313.122
00:15:00	35.188	32.172	35.509	78.913	77.137	79.941	181.312	183.361	182.343	314.825	311.775	309.715
00:15:30	32.985	32.815	35.615	76.762	78.06	76.227	183.412	186.544	186.574	321.135	313.503	307.372
00:16:00	34.346	32.215	34.203	76.85	76.631	78.186	179.837	188.366	184.465	313.879	315.382	309.984
00:16:30	33.307	31.633	35.245	74.236	76.155	75.882	185.016	186.991	181.457	315.288	318.136	305.982
00:17:00	32.376	30.874	34.717	75.128	72.057	75.569	182.592	185.306	180.956	313.752	313.506	308.666
00:17:30	32.523	30.425	33.441	73.911	72.561	76.508	182.412	187.081	180.71	313.664	311.516	311.549
00:18:00	32.111	31.335	34.071	74.049	72.626	74.743	179.815	184.347	182.82	316.473	312.357	308.486
00:18:30	30.963	31.174	32.36	73.903	71.885	74.779	181.366	183.591	181.46	309.063	313.117	310.212
00:19:00	31.783	30.116	33.352	73.605	72.35	72.589	180.938	184.122	177.469	313.045	314.051	309.429
00:19:30	30.201	28.079	32.56	73.055	72.626	71.142	181.975	182.231	178.389	310.715	314.39	307.693
00:20:00	30.001	28.649	30.561	70.483	72.766	72.583	180.826	182.546	178.229	312.489	313.311	311.555
00:20:30	28.458	28.964	31.482	70.663	70.479	70.86	182.095	183.712	176.592	311.918	307.632	307.752
00:21:00	29.521	28.529	30.173	71.331	70.439	68.736	178.674	185.504	176.33	308.094	313.009	307.42
00:21:30	29.316	29.133	31.561	67.857	70.586	68.933	180.249	181.321	177.738	307.324	312.099	306.455
00:22:00	28.856	27.765	30.901	69.572	68.556	68.835	174.885	184.017	179.016	313.624	310.677	307.58
00:22:30	27.908	27.257	30.674	67.851	68.538	67.695	177.238	183.071	177.035	310.208	310.105	307.547
00:23:00	27.52	27.675	30.024	68.541	69.217	66.336	181.05	181.945	177.806	308.868	311.75	306.256
00:23:30	28.192	25.793	29.679	67.768	68.837	66.749	179.096	179.769	177.889	309.098	308.788	305.003
00:24:00	26.442	27.213	28.881	65.443	66.823	66.534	176.63	179.937	173.985	309.695	307.422	309.937
00:24:30	27.297	24.8	27.74	64.83	67.175	64.054	178.789	178.52	179.056	311.026	306.85	302.709
00:25:00	26.405	25.428	28.51	65.749	66.682	67.015	175.874	180.824	175.689	311.899	306.39	302.59
00:25:30	25.962	25.217	29.316	64.363	65.457	66.75	177.483	181.024	177.035	309.261	307.813	303.871
00:26:00	25.799	25.186	26.595	66.053	62.741	66.303	177.114	182.439	175.571	312.194	309.675	305.564
00:26:30	26.259	25.511	27.844	64.742	64.672	68.25	177.614	180.128	174.996	312.001	312.052	307.088
00:27:00	25.249	25.162	27.354	64.925	62.784	65.216	175.46	176.548	175.958	308.874	309.589	305.153
00:27:30	26.25	24.611	27.574	64.813	65.943	63.999	180.261	179.888	176.656	309.145	314.783	308.594
00:28:00	25.43	25.874	26.629	63.769	63.139	62.529	172.52	179.542	176.994	310.079	309.143	303.638
00:28:30	25.47	23.17	26.747	63.792	62.657	63.648	178.046	176.959	174.724	306.827	306.975	302.534
00:29:00	25.126	24.094	27.416	64.016	62.107	64.315	176.756	179.266	174.698	309.898	310.57	309.094
00:29:30	24.781	24.216	25.995	60.774	61.212	61.698	176.536	177.168	173.426	309.926	302.514	302.104
00:30:00	24.886	23.21	26.149	62.283	62.098	62.786	177.313	178.511	176.405	307.358	307.618	305.855
00:30:30	24.101	23.832	26.313	61.923	61.308	62.163	171.289	177.11	173.449	304.053	308.51	301.275
00:31:00	24.648	22.703	25.75	63.062	60.556	62.443	170.901	178.961	174.1	310.729	307.28	299.17
00:31:30	23.804	22.809	25.756	61.137	59.678	60.521	177.751	176.822	175.317	309.726	310.81	309.2
00:32:00	24.799	23.341	26.295	61.37	59.05	60.557	171.644	174.065	175.34	305.651	306.766	306.521
00:32:30	24.237	23.624	25.243	59.08	58.302	60.576	175.323	177.679	175.258	307.888	307.784	301.736
00:33:00	23.041	22.538	25.829	59.045	58.262	60.012	172.332	178.869	175.541	307.375	307.248	301.481
00:33:30	23.558	22.548	24.621	60.028	58.901	60.838	173.73	177.676	172.587	307.953	304.257	301.137
00:34:00	24.066	21.751	25.132	60.154	60.072	62.119	173.031	178.915	174.16	309.001	306.964	300.675
00:34:30	23.312	22.283	24.324	59.762	58.032	61.116	174.656	175.064	173.653	311.165	308.278	305.377
00:35:00	23.13	22.754	24.767	58.577	59.245	61.869	170.692	175.279	174.179	307.382	310.139	305.984
00:35:30	24.047	21.821	25.772	58.465	57.825	60.785	173.573	175.387	174.195	308.166	305.738	303.648
00:36:00	22.306	22.786	25.192	59.658	56.068	60.174	172.011	174.691	171.92	306.366	306.485	303.07
00:36:30	23.341	21.339	24.665	58.838	56.748	59.56	172.436	176.215	170.55	305.63	305.686	305.645
00:37:00	22.369	22.143	23.982	59.195	57.298	60.771	172.199	174.32	172.581	310.402	306.742	302.718
00:37:30	22.869	21.983	24.767	60.047	57.159	62.313	174.544	177.764	170.946	307.554	313.471	298.645
00:38:00	23.023	21.095	24.67	59.582	56.537	60.406	172.195	172.148	171.255	306.662	308.589	299.824
00:38:30	23.023	21.573	23.822	58.982	55.434	59.545	174.119	177.044	174.982	313.471	308.972	300.561
00:39:00	22.45	21.783	23.889	58.134	58.418	58.738	170.36	175.332	174.202	309.602	309.717	304.787
00:39:30	23.709	20.687	24.336	57.307	57.412	58.38	172.51	175.786	171.422	310.86	306.659	304.438
00:40:00	21.955	21.473	22.814	57.772	54.608	59.814	172.14	172.237	175.014	306.222	306.843	304.362
00:40:30	22.229	21.228	24.411	56.912	55.717	57.959	174.155	172.982	170.706	305.259	304.511	300.104
00:41:00	21.311	21.021	22.962	57.835	57.073	57.715	173.569	172.201	171.628	303.447	305.185	296.808
00:41:30	21.942	21.934	23.947	57.591	56.649	58.281	171.274	172.239	171.777	306.961	307.966	303.836
00:42:00	22.412	21.658	23.695	56.241	56.621	59.069	170.747	177.334	173.686	305.026	301.966	303.397
00:42:30	22.991	20.923	22.997	58.004	54.698	56.795	168.944	172.184	172.538	303.794	305.809	303.271
00:43:00	21.246	21.523	24.22	59.341	55.662	57.066	173.617	173.863	173.429	306.32	310.305	302.718
00:43:30	21.937	21.445	22.827	57.493	55.342	57.722	172.977	176.256	173.432	303.08	306.228	302.368
00:44:00	20.569	20.929	23.091	57.65	55.879	57.969	172.672	172.985	172.278	308.708	305.84	303.495
00:44:30	21.284	21.203	22.399	57.293	55.878	58.245	172.469	175.391	175.184	304.914	306.175	303.912
00:45:00	21.205	19.703	23.549	56.339	56.835	57.59	170.457	174.108	172.001	308.455	306.553	298.683
00:45:30	21.039	20.088	22	57.267	55.038	56.879	171.478	176.579	173.723	309.116	306.581	300.429
00:46:00	20.166	20.577	23.426	56.048	53.696	58.588	172.272	175.292	170.319	306.679	300.73	301.806
00:46:30	21.053	20.132	22.204	57.352	55.566	56.088	173.586	172.977	168.733	303.564	306.228	299.231
00:47:00	22.085	20.705	22.8	56.596	55.782	57.77	172.814	176.272	170.964	307.479	305.107	303.069
00:47:30	20.902	19.676	22.204	55.823	55.718	56.095	173.108	178.453	172.603	306.451	303.721	300.267
00:48:00	20.032	19.433	21.7	56.961	55.533	57.085	174.514	174.209	171.193	305.136	311.425	303.89
00:48:30	21.086	20.689	23.142	54.731	54.678	57.22	171.478	173.447	173.684	309.098	308.592	300.402
00:49:00	19.442	20.273	22.328	56.48	56.16	57.807	170.502	174.488	171.416	311.488	305.64	300.73
00:49:30	19.515	20.697	21.61	56.526	55.522	57.445	173.461	174.954	168.883	305.923	306.091	300.281
00:50:00	20.063	18.555	21.732	55.057	54.405	56.456	171.166	174.965	170.541	304.741	305.237	299.568
00:50:30	20.51	20.337	21.798	54.418	53.777	56.312	168.142	176.4	173.33	303.973	304.18	298.223
00:51:00	20.059	19.945	22.242	55.8	54.76	56.042	172.32	170.512	170.668	303.717	304.619	302.395
00:51:30	20.531	20.193	20.439	55.723	54.317	56.991	173.034	175.738	171.756	307.539	305.1	300.573
00:52:00	19.619	19.769	22.497	54.884	54.017	56.327	174.225	173.686	171.165	305.803	303.875	302.996
00:52:30	19.733	19.959	21.869	55.251	53.699	55.878	171.831	174.835	172.587	305.724	306.995	299.264
00:53:00	20.849	19.385	21.53	54.734	54.654	54.991	170.918	174.982	171.638	304.838	312.702	300.509
00:53:30	19.558	19.566	21.381	56.029	53.924	54.828	173.928	172.964	172.784	304.097	306.748	301.073
00:54:00	19.823	18.598	21.908	57.003	53.496	56.231	172.492	173.898	173.543	309.473	307.563	301.363
00:54:30	19.769	19.905	21.395	55.425	53.987	56.591	170.89	173.838	172.602	307.417	305.677	301.71
00:55:00	20.257	19.762	20.935	55.335	53.656	55.417	169.992	174.09	170.658	303.987	303.408	300.593
00:55:30	20.218	20.005	22.271	53.799	53.949	54.299	167.851	173.005	170.654	306.717	305.519	300.366
00:56:00	19.373	19.239	21.579	54.292	53.266	54.996	172.364	174.163	173.723	305.822	306.711	301.316
00:56:30	20.379	19.544	20.517	54.475	52.723	55.722	171.62	172.723	169.387	304.025	303.288	303.001
00:57:00	21.324	19.479	21.119	54.598	52.425	54.786	169.095	171.802	167.693	306.282	307.174	300.298
00:57:30	20.272	18.843	21.569	54.189	54.508	55.428	171.023	171.696	168.509	306.468	310.579	300.422
00:58:00	19.2	18.011	20.134	55.197	52.347	53.889	169.571	172.454	172.952	306.79	304.17	300.958
00:58:30	19.48	18.992	20.747	52.927	53.592	53.807	172.121	173.146	171.333	309.076	304.816	301.402
00:59:00	19.349	19.16	19.735	54.423	52.461	56.753	172.676	172.105	166.245	304.778	303.661	303.385
00:59:30	19.266	19.332	21.197	53.793	53.355	54.042	173.194	175.015	169.195	305.63	305.624	300.038
01:00:00	19.906	19.431	20.682	55.059	52.722	54.34	171.624	177.014	170.057	305.363	303.672	298.536
01:00:30	20.219	18.472	20.639	54.044	52.344	54.787	170.782	172.711	171.804	304.33	305.015	300.321
01:01:00	20.906	19.835	20.223	52.88	53.42	56.123	171.575	174.345	175.304	305.915	307.353	301.567
01:01:30	20.196	19.317	21.737	54.265	51.913	55.572	171.864	175.991	170.878	305.402	303.57	299.271
01:02:00	19.437	19.822	21.792	54.075	53	53.619	174.014	173.749	171.828	304.469	305.243	300.641
01:02:30	20.08	18.816	20.986	54.227	52.286	55.377	169.33	173.32	172.035	304.364	307.294	300.524
01:03:00	19.321	18.948	21.22	54.893	52.453	54.052	169.788	174.155	170.631	302.06	306.718	297.597
01:03:30	19.629	20.062	20.913	52.903	52.078	54.732	169.392	174.346	166.228	306.019	304.427	300.822
01:04:00	19.362	19.545	20.646	54.715	51.982	53.854	169.292	172.759	171.005	305.579	305.019	302.264
01:04:30	19.787	17.753	20.308	51.519	52.284	52.976	171.541	172.906	171.556	306.408	301.988	301.394
01:05:00	19.411	18.476	21.137	53.39	51.694	54.878	169.791	170.348	171.742	304.03	304.188	297.168
01:05:30	18.828	18.185	20.555	52.209	54.206	54.489	169.787	172.612	171.838	305.74	307.616	302.18
01:06:00	19.575	19.541	20.719	53.416	50.732	54.826	170.158	170.579	169.827	303.086	301.962	302.843
01:06:30	18.812	19.484	19.872	51.199	50.126	54.103	169.075	175.325	170.294	306.527	303.932	299.517
01:07:00	18.939	18.677	21.332	52.143	51.365	55.195	168.79	173.027	172.721	302.316	306.095	301.039
01:07:30	18.216	19.076	20.368	52.068	50.699	52.853	170.072	170.862	169.659	306.006	303.536	298.959
01:08:00	19.173	19.113	20.097	52.033	51.589	53.38	173.498	172.719	170.596	305.076	303.805	303.844
01:08:30	20.542	18.009	19.916	53.423	53.914	55.061	170.328	173.558	171.11	305.082	303.954	301.527
01:09:00	19.317	18.787	21.553	52.25	52.255	51.99	172.985	172.089	169.35	304.218	303.784	294.812
01:09:30	20.613	19.214	20.043	53.886	53.067	52.554	172.041	172.135	170.661	305.693	306.794	298.803
01:10:00	19.725	18.717	19.539	52.709	51.342	52.608	169.639	172.104	169.206	307.502	304.806	298.87
01:10:30	19.66	19.539	20.106	53.083	52.262	53.578	170.695	172.138	170.333	307.757	305.46	298.947
01:11:00	19.212	19.777	21.648	53.853	51.93	55.045	171.643	172.473	172.567	306.386	303.784	302.207
01:11:30	18.865	18.84	20.524	51.808	52.301	53.138	173.164	171.301	168.632	302.663	305.706	298.672
01:12:00	18.613	19.518	19.953	52.089	52.297	52.664	171.208	171.217	174.777	305.814	304.766	298.872
01:12:30	18.965	18.678	21.319	51.461	51.262	51.399	173.269	175.303	169.69	304.9	302.353	299.548
01:13:00	19.615	19.308	19.98	52.89	51.019	53.041	168.537	174.289	170.366	305.407	304.788	300.539
01:13:30	18.06	18.508	20.144	53.249	52.038	53.195	165.126	174.796	169.586	306.948	302.324	299.114
01:14:00	19.717	17.85	20.053	52.091	51.149	51.618	168.871	170.306	169.933	304.058	306.406	299.494
01:14:30	19.794	18.191	19.86	51.41	50.489	52.505	171.291	172.628	172.589	308.029	304.713	296.126
01:15:00	18.975	17.994	19.59	51.313	52.552	52.634	170.183	174.862	171.163	309.56	304.977	300.948
01:15:30	18.712	19.898	20.288	52.617	50.064	52.919	168.799	174.865	170.722	301.62	301.392	301.359
01:16:00	18.851	19.084	20.419	50.79	51.146	52.058	171.706	172.42	169.414	306.273	302.839	300.488
01:16:30	19.495	17.963	20.854	51.159	50.251	52.465	168.177	170.945	171.719	299.987	299.181	298
01:17:00	19.069	18.163	20.252	52.519	52.103	52.724	172.553	174.025	174.635	305.72	301.955	301.794
01:17:30	18.688	18.223	19.541	52.415	50.084	52.538	170.076	173.208	172.293	304.072	307.025	305.037
01:18:00	19.214	18.488	19.787	50.543	49.268	52.36	171.192	174.434	169.639	305.182	304.401	303.634
01:18:30	19.002	18.947	19.52	51.618	48.653	51.859	169.448	171.137	170.999	308.003	306.107	304.289
01:19:00	19.331	18.972	20.153	52.957	50.331	52.432	170.411	171.399	172.059	306.696	304.98	303.651
01:19:30	18.172	18.814	18.977	50.671	51.019	51.061	170.798	174.689	170.423	301.781	305.156	300.923
01:20:00	19.592	19.085	19.171	52.38	49.709	51.662	169.98	172.644	174.949	306.689	304.814	302.24
01:20:30	18.591	17.808	20.354	51.614	50.197	52.171	169.645	172.104	170.825	306.557	302.568	298.603
01:21:00	17.903	17.7	20.057	51.76	49.625	52.448	173.977	172.144	171.227	307.98	306.682	301.331
01:21:30	18.522	18.033	19.551	51.744	49.884	50.871	172.504	170.274	171.547	305.514	305.169	301.184
01:22:00	19.43	17.698	18.753	51.399	48.655	50.315	173.045	170.01	170.384	302.415	307.033	297.884
01:22:30	19.102	18.584	19.568	51.999	50.099	51.787	171	172.916	172.346	305.968	299.938	302.502
01:23:00	19.545	18.724	19.987	50.159	49.722	51.351	172.707	175.346	171.483	304.623	304.031	299.669
01:23:30	18.786	18.082	19.44	51.648	49.612	50.756	168.967	173.422	172.084	304.795	301.184	300.091
01:24:00	19.084	18.016	19.39	50.712	51.36	52.976	171.648	173.575	171.486	309.194	308.481	305.762
01:24:30	19.18	18.157	20.543	52.427	49.413	52.106	172.35	174.733	173.706	308.675	307.042	299.394
01:25:00	19.017	17.811	19.624	52.288	48.594	51.835	169.835	171.376	170.186	303.375	304.453	298.363
01:25:30	18.319	18.059	19.989	50.03	49.891	50.921	169.989	174.365	171.872	307.477	306.821	298.899
01:26:00	19.424	18.137	19.853	51.506	50.676	50.962	173.105	169.665	174.331	305.597	304.777	301.228
01:26:30	18.111	17.871	20.507	50.609	50.118	51.253	170.509	172.772	173.514	306.302	302.745	299.858
01:27:00	18.581	18.119	20.835	49.697	51.13	50.615	171.049	173.326	171.582	313.349	303.454	300.394
01:27:30	19.364	18.411	20.59	50.207	49.115	49.994	168.576	174.303	171.827	307.195	302.663	301.13
01:28:00	18.375	17.281	19.929	51.015	49.285	52.035	172.832	173.647	173.697	303.132	306.024	300.619
01:28:30	18.38	18.256	18.473	50.84	50.665	51.425	170.498	174.301	172.838	304.262	305.961	301.87
01:29:00	19.358	17.927	19.442	49.929	49.58	50.611	171.406	173.53	168.594	308.231	304.522	299.581
01:29:30	18.799	18.07	20.242	51.432	49.707	50.75	171.567	171.936	171.625	309.265	305.982	302.388
01:30:00	18.861	18.304	19.965	50.582	49.9	51.25	168.547	172.969	170.676	310.49	302.402	303.846
01:30:30	18.639	18.093	19.335	51.844	47.708	49.269	171.363	173.901	172.774	305.817	299.586	299.204
01:31:00	19.016	17.671	19.623	50.745	49.961	50.635	170.825	174.786	172.788	306.91	305.765	303.856
01:31:30	18.754	17.727	19.76	50.034	50.021	50.338	171.004	175.189	171.077	307.837	305.997	302.009
01:32:00	18.128	18.472	20.845	51.002	49.294	49.781	172.242	173.056	172.31	302.098	298.744	300.204
01:32:30	19.284	17.878	20.278	50.315	50.656	50.95	172.462	173.169	173.661	312.68	308.603	302.11
01:33:00	19.749	18.556	19.324	52.026	48.744	52.008	171.24	173.677	171.845	306.386	304.99	297.588
01:33:30	19.498	17.927	19.219	50.951	48.972	50.437	174.523	172.395	172.914	304.94	300.685	303.573
01:34:00	18.906	18.078	19.83	50.364	50.203	50.78	169.73	172.042	172.898	305.818	307.464	299.228
01:34:30	18.69	18.42	18.258	49.77	50.364	48.799	173.062	174.334	172.134	311.833	308.125	304.136
01:35:00	18.574	17.492	19.541	50.484	49.591	48.784	169.605	172.385	169.736	309.386	304.54	300.32
01:35:30	17.971	17.932	19.794	49.227	49.362	50.375	172.652	172.946	172.548	305.021	304.426	298.796
01:36:00	18.206	17.073	19.418	49.756	50.276	50.497	174.168	175.587	170.998	306.589	302.155	300.478
01:36:30	19.038	18.421	19.279	50.595	48.482	49.598	170.592	174.148	171.999	304.881	305.644	302.288
01:37:00	18.973	18.178	19.836	49.048	48.266	50.405	171.886	178.189	171.783	308.109	302.946	298.409
01:37:30	19.385	17.17	19.437	49.972	48.766	49.411	170.362	172.079	170.564	305.887	302.89	297.12
01:38:00	19.015	18.421	19.455	50.003	50.07	51.311	171.003	169.803	172.516	304.619	300.831	300.071
01:38:30	19.548	18.323	18.78	50.09	50.311	51.273	171.347	172.996	172.393	306.19	304.032	303.731
01:39:00	18.226	18.426	17.92	48.927	48.52	49.199	168.387	172.004	169.119	300.051	300.777	294.642
01:39:30	18.747	17.82	19.837	50	50.608	48.48	171.791	172.094	168.541	305.81	306.368	298.369
01:40:00	18.861	19.001	21.593	51.012	48.049	51.145	171.215	172.093	171.546	312.335	311.522	298.624
01:40:30	18.255	17.272	19.448	49.849	48.395	50.16	171.74	174.829	174.183	306.109	303.291	301.442
01:41:00	18.464	17.615	20.081	49.094	48.922	48.515	173.467	173.34	172.106	304.449	309.254	297.83
01:41:30	18.457	17.943	19.064	48.99	47.884	49.789	169.885	173.229	170.346	300.1	307.212	303.313
01:42:00	18.674	17.723	19.265	50.978	49.023	48.661	169.685	173.277	172.628	306.078	309.309	297.973
01:42:30	18.518	18.107	19.914	48.522	49.832	49.769	173.084	176.109	175.203	303.324	307.87	303.187
01:43:00	18.543	17.373	18.821	49.942	49.599	50.951	169.883	170.719	172.523	306.881	304.271	299.575
01:43:30	17.999	17.803	19.044	50.105	49.857	48.603	169.738	172.344	171.176	307.838	307.929	302.699
01:44:00	19.676	19.046	19.203	49.309	48.498	50.477	168.558	172.879	170.889	309.633	302.1	301.093
01:44:30	18.401	18.271	19.802	49.61	48.726	48.15	170.472	172.997	175.052	305.198	306.962	300.092
01:45:00	18.605	17.627	18.148	48.841	48.734	50.114	168.694	174.523	169.604	303.776	298.544	301.196
01:45:30	19.062	18.842	19.848	49.011	49.749	48.579	171.55	175.691	171.645	303.434	303.839	299.787
01:46:00	19.409	17.75	19.465	50.122	47.94	49.431	172.368	173.616	172.45	306.94	303.237	303.102
01:46:30	18.55	18.442	18.411	49.233	48.787	49.704	173.451	173.065	173.327	307.558	305.283	302.56
01:47:00	17.222	17.719	19.188	51.238	48.553	49.002	171.95	171.616	170.937	306.454	307.444	296.066
01:47:30	18.222	18.831	20.076	51.678	47.95	49.526	172.549	170.609	171.625	304.94	305.603	299.606
01:48:00	19.88	19.516	20.087	51.577	48.465	48.509	173.595	172.489	175.124	305.309	302.174	299.915
01:48:30	18.287	18.282	20.452	49.338	50.252	48.857	172.657	173.967	172.167	307.838	304.058	299.394
01:49:00	18.674	17.273	19.2	48.462	50.136	49.739	173.221	175.918	173.346	308.649	304.636	300.895
01:49:30	19.343	19.022	19.998	50.595	48.588	50.226	173.406	176.952	174.566	307.226	305.85	300.826
01:50:00	18.104	18.566	20.104	48.4	49.055	49.853	174.625	177.183	174.61	309.369	306.051	302.163
01:50:30	18.341	17.773	19.738	50.395	48.233	48.23	170.624	172.279	172.803	303.243	303.679	300.338
01:51:00	18.955	18.454	20.119	49.03	48.305	48.782	170.655	172.905	171.617	304.529	308.457	302.755
01:51:30	19.494	17.837	19.393	49.119	48.655	48.272	173.332	173.924	173.24	307.791	304.39	299.307
01:52:00	19.129	17.787	18.737	49.77	47.248	49.651	172.94	171.795	174.321	306.566	303.923	302.941
01:52:30	19.31	17.413	19.217	49.99	49.95	50.074	175.299	174.131	176.34	306.825	302.6	300.795
01:53:00	19.292	18.898	20.504	49.609	47.661	49.836	172.83	174.634	172.71	307.15	308.709	299.417
01:53:30	17.549	19.095	19.689	48.044	48.957	47.958	172.776	173.913	172.4	306.491	303.544	299.646
01:54:00	18.207	18.444	18.713	49.887	46.517	48.118	172.76	175.643	172.289	308.697	303.195	300.345
01:54:30	19.946	19.253	20.022	48.887	48.855	48.53	172.765	173.951	171.737	311.947	303.625	295.207
01:55:00	18.332	18.728	20.401	49.203	48.021	48.424	174.097	175.141	172.961	310.064	303.079	304.185
01:55:30	18.761	17.997	19.874	48.451	47.7	47.06	173.046	172.35	172.844	303.332	306.954	302.519
01:56:00	20.629	18.267	19.983	47.786	48.589	48.074	173.513	172.617	175.488	310.705	307.495	302.931
01:56:30	18.547	19.069	20.013	48.906	47.642	48.343	173.313	173.136	173.276	308.475	305.623	301.758
01:57:00	19.953	18.304	19.758	50.358	48.164	48.884	173.421	172.253	177.136	309.737	309.169	302.825
01:57:30	19.093	18.28	18.733	49.187	48.217	48.029	170.906	174.492	173.567	311.585	306.243	303.315
01:58:00	18.976	17.899	19.942	48.853	48.21	47.878	170.443	175.433	172.846	307.511	305.256	301.839
01:58:30	17.844	19.739	19.783	48.344	48.704	48.891	171.421	177.933	173.857	308.435	309.19	306.59
01:59:00	19.097	18.559	19.941	49.383	49.671	48.204	174.697	175.173	171.411	308.909	307.25	304.756
01:59:30	19.281	18.022	19.145	47.879	48.467	47.365	172.971	175.078	169.935	306.397	309.627	305.649
02:00:00	19.156	17.988	19.575	49.376	48.202	48.599	174.953	175.473	176.277	309.792	306.514	300.065