Time	25_1	25_2	25_3	50_1	50_2	50_3	100_1	100_2	100_3	150_1	150_2	150_3
00:00:00	94.38	95.732	103.591	168.197	173.279	171.685	330.912	333.227	344.441	531.276	512.937	517.921
00:00:30	99.33	92.704	98.642	162.392	169.121	166.416	325.486	319.186	342.088	517.833	499.207	499.037
00:01:00	91.057	86.556	87.691	160.009	166.563	157.928	310.122	305.527	323.932	505.098	489.981	484.059
00:01:30	84.989	79.977	83.295	156.274	158.542	154.823	298.891	301.657	315.071	495.518	476.027	474.674
00:02:00	80.833	78.541	80.66	153.401	157.87	151.953	297.38	294.301	309.658	487.812	469.709	472.382
00:02:30	79.616	76.104	78.391	149.177	153.007	147.853	287.159	285.048	302.856	476.846	464.343	460.547
00:03:00	76.394	73.447	75.9	147.826	154.958	147.422	287.524	284.503	302.006	477.369	463.526	460.382
00:03:30	74.226	70.177	74.605	142.569	147.25	140.775	283.976	279.942	298.599	479.103	463.542	452.486
00:04:00	72.358	68.364	72.406	140.358	142.654	137.604	278.407	276.271	290.548	470.045	459.001	447.658
00:04:30	69.856	65.532	69.371	136.182	139.338	136.692	274.898	274.501	291.841	469.825	456.81	448.786
00:05:00	65.985	66.503	67.089	136.353	135.81	134.176	274.768	273.686	288.525	465.048	449.761	443.453
00:05:30	64.745	63.861	65.867	133.871	136.09	131.599	273.829	267.917	286.908	464.117	447.928	446.289
00:06:00	64.938	62.558	64.613	130.12	134.498	127.946	269.101	267.175	285.093	460.545	450.089	446.319
00:06:30	62.607	61.999	62.642	126.729	132.09	127.265	265.326	266.138	282.849	462.429	447.064	442.431
00:07:00	62.01	60.193	62.293	127.485	129.129	128.557	268.378	258.983	280.902	461.031	448.401	445.034
00:07:30	60.503	60.706	59.899	123.912	127.725	126.865	264.476	259.336	282.537	463.033	443.131	441.265
00:08:00	59.375	56.953	58.89	121.84	126.216	121.99	262.05	262.359	278.949	459.222	444.484	441.184
00:08:30	59.194	56.999	57.445	121.486	127.264	124.429	259.876	260.83	276.999	465.413	440.546	435.575
00:09:00	57.248	55.256	57.593	118.667	125.814	119.998	263.955	261.043	273.878	458.005	445.216	438.302
00:09:30	57.884	54.297	56.705	120.442	122.95	118.198	262.044	259.581	273.232	456.4	438.591	436.566
00:10:00	55.342	52.714	55.98	115.643	122.559	119.346	258.963	257.821	275.41	458.799	441.197	431.497
00:10:30	55.716	53.682	55.87	117.868	120.293	116.712	259.359	257.757	272.041	459.005	443.258	431.564
00:11:00	54.799	53.204	53.718	115.438	120.657	117.099	257.293	257.109	271.182	456.002	439.797	434.314
00:11:30	51.215	52.123	52.116	113.779	120.602	114.047	254.764	252.604	272.826	453.818	435.591	437.724
00:12:00	51.266	50.133	52.144	112.521	119.171	115.041	256.41	253.008	266.861	454.296	437.696	435.787
00:12:30	51.98	47.737	52.749	112.385	116.818	113.592	256.79	251.023	269.904	457.588	434.938	432.73
00:13:00	50.38	48.822	50.015	109.548	114.912	111.42	258.666	255.094	271.156	460.823	435.298	433.743
00:13:30	48.807	48.511	48.821	107.303	113.293	111.48	254.289	249.797	267.066	454.499	435.94	431.734
00:14:00	48.36	48.264	48.913	107.494	111.876	110.901	252.769	251.779	267.374	455.448	433.879	429.73
00:14:30	48.265	46.526	50.205	106.42	109.635	108.17	251.037	251.242	269.846	454.399	435.95	431.902
00:15:00	47.596	47.571	49.935	106.397	108.485	106.291	251.227	248.926	264.911	455.987	436.434	428.1
00:15:30	48.998	45.876	46.595	105.377	108.699	105.104	255.132	250.932	264.734	452.118	439.327	430.732
00:16:00	46.924	43.943	45.93	103.111	107.96	101.481	250.932	249.977	265.013	449.904	433.378	428.483
00:16:30	44.311	44.788	46.96	103.746	105.428	100.58	251.987	248.656	266.036	451.769	429.589	426.463
00:17:00	45.505	44.061	45.713	103.115	107.806	102.462	251.948	248.758	267.36	449.146	434.587	431.065
00:17:30	44.821	43.201	45.066	102.094	104.781	99.936	248.994	246.098	262.266	448.36	434.376	421.19
00:18:00	43.923	42.066	45.172	100.299	104.965	102.426	252.404	248.001	265.322	447.402	431.879	427.382
00:18:30	44.353	44.289	43.803	99.331	101.223	100.597	251.17	245.513	265.759	448.477	431.774	423.483
00:19:00	44.652	43.576	43.152	100.242	102.585	99.929	251.583	250.793	262.177	452.989	430.927	431.092
00:19:30	40.762	41.184	43.033	98.186	103.286	97.728	250.833	247.085	265.352	448.747	430.7	424.967
00:20:00	42.199	42.579	42.935	97.66	100.242	97.919	250.273	246.551	265.615	450.646	434.408	424.534
00:20:30	40.627	40.599	40.348	95.823	100.818	97.273	246.53	243.844	262.563	445.021	429.543	425.32
00:21:00	42.515	41.493	40.614	95.436	100.8	96.848	246.75	245.872	263.257	444.453	425.176	422.437
00:21:30	40.862	40.244	41.268	95.099	99.321	95.662	247.955	241.942	263.537	450.221	429.706	425.013
00:22:00	38.728	39.948	40.74	96.198	100.815	98.038	249.904	242.428	260.744	445.322	427.118	426.528
00:22:30	40.395	40.646	41.891	93.934	99.37	96.216	241.712	241.557	262.255	448.359	427.044	414.01
00:23:00	39.97	38.719	41.02	96.134	98.271	96.869	246	245.514	261.771	452.851	434.306	425.904
00:23:30	39.798	39.671	40.203	92.918	97.438	94.367	242.342	243.738	263.89	445.983	422.513	418.583
00:24:00	39.047	38.259	40.209	95.09	94.501	93.746	246.364	239.356	259.371	450.245	424.58	423.642
00:24:30	39.842	38.696	40.606	95.237	95.878	93.375	247.839	242.919	256.7	448.993	429.855	421.862
00:25:00	37.445	37.655	38.297	91.552	97.183	91.206	244.787	241.923	257.252	446.699	427.598	421.612
00:25:30	38.002	38.524	39.323	89.837	94.752	91.564	250.05	241.581	256.112	444.778	429.871	423.676
00:26:00	38.194	37.905	38.867	90.146	95.44	93.676	243.857	243.79	259.474	449.42	427.858	425.108
00:26:30	38.017	37.348	37.688	90.119	93.89	92.175	243.658	241.416	253.636	444.491	426.966	418.271
00:27:00	37.524	36.083	38.176	89.767	94.848	92.778	243.535	239.754	261.383	444.415	430.473	420.742
00:27:30	38.264	36.293	37.792	91.179	93.269	92.409	244.914	242.301	257.686	450.486	426.115	420.49
00:28:00	37.015	36.668	38.005	89.215	92.917	91.167	246.386	242.154	256.9	442.561	429.325	420.378
00:28:30	37.42	37.182	36.195	89.625	92.88	90.701	240.746	238.404	253.284	440.918	424.941	421.975
00:29:00	36.322	36.519	38.095	86.84	93.847	88.961	242.632	239.667	255.785	451.503	428.918	423.878
00:29:30	36.5	37.24	36.768	87.511	92.702	90.389	239.7	241.935	255.722	442.413	426.792	419.86
00:30:00	36.013	35.241	35.784	88.043	92.337	87.635	238.909	238.22	257.448	444.182	428.202	422.28
00:30:30	36.131	37.486	38.107	87.546	93.416	88.743	240.706	244.034	257.137	443.562	430.375	414.16
00:31:00	36.41	36.886	36.255	87.802	92.042	87.1	241.494	237.359	254.692	443.621	425.485	425.969
00:31:30	34.974	35.962	36.766	87.617	92.372	87.134	242.338	239.552	259.208	452.37	429.724	422.67
00:32:00	34.417	36.144	35.595	88.4	91.962	86.26	242.12	239.87	254.162	441.219	425.668	415.048
00:32:30	35.332	35.732	35.528	88.152	91.973	85.816	243.554	239.841	258.304	448.328	424.913	425.287
00:33:00	33.785	35.494	35.443	87.058	91.071	86.982	240.316	244.965	259.418	446.271	425.897	426.197
00:33:30	34.909	34.131	36.978	87.117	89.204	86.021	240.924	241.238	258.099	448.439	423.637	415.529
00:34:00	32.687	35.159	36.277	84.621	89.386	86.885	240.08	237.168	256.328	445.576	426.745	419.224
00:34:30	33.917	33.145	34.737	85.355	86.785	86.668	244.111	240.123	253.869	444.368	422.388	417.525
00:35:00	33.062	33.694	33.723	84.656	87.684	88.047	241.983	234.76	254.38	443.489	427.079	415.53
00:35:30	34.701	33.112	35.012	83.323	87.883	86.415	243.7	239.597	256.128	445.68	423.959	415.152
00:36:00	34.596	33.178	33.887	83.563	88.446	83.879	237.901	238.272	254.262	444.349	421.744	415.865
00:36:30	32.31	34.159	34.896	83.145	88.568	83.899	238.025	237.266	255.702	439.306	426.18	413.111
00:37:00	33.468	34.86	33.676	83.756	89.387	84.894	242.489	241.163	254.338	443.547	427.39	419.781
00:37:30	34.531	34.895	33.252	85.052	88.853	84.225	241.334	240.425	258.782	442.904	426.464	424.201
00:38:00	33.916	33.088	34.126	83.649	88.385	85.948	237.817	243.435	255.635	445.071	427.32	420.136
00:38:30	33.237	34.206	35.115	84.187	87.54	85.078	241.679	241.044	256.347	441.46	422.327	416.559
00:39:00	33.154	33.178	34.226	80.83	86.83	83.082	239.52	236.786	250.711	439.155	411.089	416.847
00:39:30	32.316	34.055	32.208	82.025	87.631	82.185	237.476	241.025	252.06	441.735	418.336	415.101
00:40:00	32.06	33.094	32.385	82.211	86.447	84.827	244.494	235.547	257.801	447.998	423.432	424.149
00:40:30	31.623	33.615	33.558	82.741	83.834	84.152	244.415	237.297	257.73	440.656	426.024	416.539
00:41:00	32.931	33.594	33.745	81.79	87.033	82.234	239.46	236.49	252.806	439.598	420.008	418.761
00:41:30	33.13	32.557	33.679	82.301	86.105	81.103	238.79	237.5	256.204	443.086	426.57	413.676
00:42:00	32.922	33.183	32.901	80.795	85.379	83.584	242.531	236.652	251.868	443.306	423.924	416.909
00:42:30	32.42	31.639	34.999	80.808	85.581	81.313	238.069	236.808	251.774	444.564	421.005	412.097
00:43:00	32.808	33.054	33.384	81.865	85.201	82.17	238.736	240.09	256.813	445.951	427.764	417.018
00:43:30	31.457	32.819	33.555	78.684	85.79	82.128	237.788	236.704	253.866	440.915	420.885	419.804
00:44:00	31.703	32.372	32.973	81.915	84.881	80.114	241.265	237.03	255.723	444.469	421.008	419.108
00:44:30	32.05	33.217	33.494	81.082	84.32	81.268	242.113	240.913	251.811	444.931	424.831	416.319
00:45:00	31.246	31.357	33.105	78.604	82.37	79.348	239.626	233.674	251.963	447.693	423.607	418.954
00:45:30	31.463	32.926	32.786	80.15	84.192	81.665	238.523	235.72	256.248	439.263	419.093	415.718
00:46:00	32.162	32.456	32.8	82.192	84.741	81.272	239.962	234.648	255.463	441.772	422.192	414.534
00:46:30	32.773	32.652	32.48	80.346	86.839	80.841	236.975	236.724	253.094	443.196	426.193	415.782
00:47:00	31.994	32.971	32.067	79.718	84.538	80.262	239.866	238.741	252.2	443.322	425.19	419.537
00:47:30	32.412	30.998	32.991	79.294	85.352	80.659	242.871	235.517	255.711	442.91	419.909	421.756
00:48:00	31.874	33.288	32.581	78.423	85.588	80.023	241.683	238.827	254.555	442.747	421.358	415.641
00:48:30	30.722	31.411	32.763	79.136	85.62	81.02	236.839	237.132	253.105	445.777	417.185	418.447
00:49:00	29.529	32.24	32.033	78.75	84.687	79.839	238.185	238.83	249.442	436.006	420.852	415.292
00:49:30	32.788	30.708	31.944	78.718	83.968	81.016	238.868	238.035	252.963	441.309	421.708	417.009
00:50:00	30.146	30.882	32.56	78.535	81.354	80.419	237.543	237.702	253.472	442.373	423.133	419.249
00:50:30	31.687	30.373	32.523	78.697	82.388	80.024	240.188	236.09	256.579	447.2	422.992	413.458
00:51:00	30.394	31.433	32.371	79.193	84.275	82.129	240.632	239.266	251.217	438.853	421.999	412.158
00:51:30	30.456	31.485	32.158	80.052	83.144	81.417	239.953	236.62	249.98	443.572	423.925	419.742
00:52:00	32.389	31.35	31.967	79.246	83.125	80.57	239.815	234.56	253.168	433.391	420.671	415.198
00:52:30	30.528	31.582	32.273	77.214	82.67	77.076	236.216	236.065	253.594	438.003	420.173	413.053
00:53:00	29.993	30.813	31.616	78.934	83.286	79.51	237.61	235.213	248.103	437.61	422.987	420.221
00:53:30	32.51	30.96	31.382	76.843	81.926	77.787	242.398	237.803	254.283	439.883	423.849	420.699
00:54:00	32.3	31.241	30.815	78.173	80.401	79.189	239.679	237.702	253.197	442.167	424.266	415.207
00:54:30	32.104	30.36	32.051	76.992	81.134	78.096	239.324	236.56	252.22	439.41	416.453	412.45
00:55:00	31.15	31.847	30.683	76.594	83.068	78.451	237.601	237.041	251.148	435.903	421.139	416.105
00:55:30	32.554	30.945	32.065	76.361	80.847	78.416	237.928	235.899	253.053	438.413	416.018	415.847
00:56:00	30.682	30.402	31.837	77.141	81.551	76.137	236.635	234.671	251.886	441.066	419.735	410.65
00:56:30	31.319	32.083	32.143	78.272	81.635	78.154	239.974	235.298	253.772	438.798	419.756	414.596
00:57:00	31.207	30.997	30.856	77.442	82.271	78.871	238.119	235.6	250.654	438.574	419.871	417.074
00:57:30	30.263	31.246	31.035	76.937	80.538	77.485	238.766	233.502	251.8	435.04	416.128	416.627
00:58:00	31.865	30.838	32.055	75.091	80.42	77.584	235.733	237.219	251.766	442.968	423.601	412.494
00:58:30	30.609	30.014	30.513	76.621	81.582	77.435	237.01	233.543	254.903	438.746	421.604	414.008
00:59:00	31.139	30.341	31.936	74.984	79.513	78.66	237.121	236.274	251.962	440.6	416.81	417.052
00:59:30	29.678	30.668	31.466	77.031	83.513	77.991	235.118	234.936	252.58	439.578	419.404	411.598
01:00:00	30.696	30.926	31.638	77.463	80.473	75.733	239.727	236.46	247.887	436.287	422.005	411.778
01:00:30	30.023	30.695	31.016	76.641	79.227	78.508	239.382	234.906	249.579	434.692	424.845	411.011
01:01:00	29.784	29.788	31.398	75.35	78.942	76.212	234.672	233.504	250.532	433.344	418.941	409.636
01:01:30	30.613	30.047	30.649	77.555	79.106	79.033	237.316	236.544	251.814	436.707	422.193	413.264
01:02:00	30.715	31.036	31.211	78.113	80.627	76.658	239.314	238.198	254.466	442.17	420.199	415.902
01:02:30	30.48	30.982	30.434	76.82	80.345	77.056	233.985	238.367	249.745	435.842	416.035	416.159
01:03:00	29.797	29.626	30.541	74.686	80.032	77.557	236.394	233.86	248.54	431.449	415.082	411.365
01:03:30	30.608	31.336	30.898	74.596	80.241	74.398	238.499	234.714	249.154	433.905	418.706	409.29
01:04:00	30.163	31.91	30.853	74.956	78.849	76.006	235.003	234.231	251.575	432.737	421.423	412.515
01:04:30	29.611	31.757	30.915	76.096	79.982	75.48	235.187	234.78	252.558	437.795	418.076	410.067
01:05:00	30.05	30.187	31.032	76.213	81.007	76.738	236.293	234.733	248.705	431.158	417.482	416.211
01:05:30	30.363	31.269	31.08	75.612	80.773	77.186	243.055	235.86	255.745	437.46	421.565	413.135
01:06:00	30.119	30.427	31.152	76.409	80.771	76.697	238.964	234.203	248.297	431.104	413.439	410.171
01:06:30	29.139	30.501	30.61	74.865	79.181	76.795	236.724	234.322	248.957	437.072	422.889	411.208
01:07:00	28.894	31.665	29.981	75.157	79.987	77.437	238.182	236.908	252.924	437.573	419.679	413.977
01:07:30	29.972	29.293	30.415	75.476	78.822	75.363	239.398	234.012	250.756	437.854	424.134	414.275
01:08:00	30.702	29.215	31.277	75.935	77.283	75.321	236.092	234.719	250.378	436.655	418.182	408.469
01:08:30	30.203	30.526	30.803	77.05	80.976	77.244	238.378	238.238	253.315	438.562	417.74	412.991
01:09:00	29.5	31.162	30.708	75.218	79.72	77.418	237.432	237.142	255.487	436.535	417.423	414.77
01:09:30	29.521	29.44	30.259	73.672	79.639	76.061	236.407	235.392	251.815	440.285	418.802	412.64
01:10:00	29.944	29.647	30.263	75.128	79.154	75.047	238.317	235.609	252.391	433.166	421.07	412.365
01:10:30	30.509	28.873	31.553	76.359	80.09	75.514	236.555	233.717	254.252	433.708	416.752	415.38
01:11:00	30.611	29.877	29.731	74.466	79.128	77.224	236.076	238.044	253.119	436.928	417.224	415.246
01:11:30	29.565	30.143	31.63	75.342	79.634	75.866	237.365	234.022	252.521	435.956	421.368	415.556
01:12:00	30.243	31.068	30.858	75.318	77.978	75.979	236.04	235.381	248.506	437.694	417.456	409.873
01:12:30	30.105	29.569	31.388	74.145	78.394	73.746	238.165	234.631	252.617	438.575	415.41	412.597
01:13:00	29.632	30.778	30.656	74.491	78.282	74.842	237.604	235.427	255.864	437.748	422.195	413.85
01:13:30	29.79	29.579	31.747	73.922	77.465	75.157	237.922	239.966	250.704	436.668	421.686	411.313
01:14:00	29.808	30.31	30.458	73.916	77.827	76.519	236.627	233.682	253.135	432.787	415.293	410.926
01:14:30	30.69	29.776	30.281	74.908	78.979	74.232	237.957	233.263	255.261	432.718	417.638	409.976
01:15:00	29.255	30.085	29.809	75.363	77.746	75.238	235.418	233.512	249.448	434.046	415.118	410.28
01:15:30	30.244	30.284	32.074	74.482	77.782	74.552	242.077	234.293	255.106	434.899	424.079	412.332
01:16:00	28.651	29.81	30.999	73.843	77.34	75.631	239.07	238.715	252.615	435.599	416.412	411.748
01:16:30	31.181	31.568	30.049	74.858	78.127	74.758	238.961	236.522	253.885	432.678	418.387	410.357
01:17:00	28.704	29.968	30.173	72.949	78.122	74.844	241.166	233.104	249.798	437.203	416.159	414.62
01:17:30	28.814	29.596	29.856	75.818	78.662	75.219	240.456	233.201	252.178	438.205	419.091	408.936
01:18:00	30.935	30.361	29.57	73.648	78.368	74.554	240.041	233.418	250.036	438.317	420.563	412.252
01:18:30	30.19	29.483	29.828	74.854	77.898	76.212	237.283	230.252	246.535	432.591	416.436	410.561
01:19:00	29.887	30.187	30.327	75.959	77.827	75.531	235.089	234.391	250.594	435.266	419.466	411.628
01:19:30	29.372	29.689	30.199	72.444	78.844	74.464	235.891	235.526	248.076	431.499	416.918	412.872
01:20:00	29.318	29.948	31.244	73.818	77.999	73.669	232.685	233.584	250.827	433.298	425.535	413.629
01:20:30	29.872	30.036	30.587	74.85	78.244	76.066	233.233	235.074	254.192	431.867	419.578	414.787
01:21:00	29.523	29.234	29.901	73.629	78.535	75.764	237.802	233.974	248.864	435.257	416.993	413.989
01:21:30	29.696	29.882	30.706	73.559	77.328	72.923	239.967	238.401	251.545	434.984	415.489	411.67
01:22:00	28.935	29.702	30.301	73.262	78.666	76.697	235.05	236.424	252.12	434.473	414.999	407.517
01:22:30	31.03	29.728	31.195	73.359	79.407	73.371	238.892	233.579	249.523	431.368	417.869	412.392
01:23:00	29.355	30.412	30.942	73.269	77.981	74.757	234.539	233.801	248.512	433.506	416.451	412.513
01:23:30	29.647	30.063	29.53	75.114	76.07	73.531	234.744	234.131	251.918	433.133	417.792	416.748
01:24:00	30.461	30.733	29.035	74.059	79.462	74.107	235.834	238.017	250.744	433.496	412.399	413.835
01:24:30	29.613	30.548	30.667	72.959	77.955	73.612	234.369	235.908	249.242	433.499	418.238	416.52
01:25:00	29.535	30.285	29.609	73.839	78.378	73.222	231.469	235.3	254.814	432.487	418.727	415.854
01:25:30	30.183	29.577	30.691	74.289	76.96	75.286	235.5	235.284	253.9	434.555	416.82	410.784
01:26:00	28.909	29.864	29.634	75.484	78.974	74.621	235.485	231.14	249.382	430.453	418.563	407.796
01:26:30	30.228	30.944	29.236	74.157	78.081	73.385	239.121	232.671	251.88	427.394	414.001	412.678
01:27:00	30.137	28.674	31.838	73.969	79.297	73.371	237.026	233.133	251.991	433.148	417.047	407.353
01:27:30	29.535	30.492	29.49	72.771	78.152	75.855	236.621	234.668	249.71	436.006	417.385	408.132
01:28:00	29.605	29.642	30.598	72.19	77.327	73.963	239.461	236.169	248.482	428.27	416.597	412.14
01:28:30	31.368	29.506	30.628	75.152	78.965	72.461	235.435	231.714	251.501	434.742	418.21	412.528
01:29:00	32.157	30.148	30.03	74.974	76.789	75.81	238.448	236.458	251.636	435.833	420.887	415.39
01:29:30	30.5	29.936	29.79	74.059	74.735	74.248	237.125	236.761	251.035	428.153	418.666	412.96
01:30:00	28.911	30.709	30.51	73.516	75.802	72.97	237.176	230.898	249.534	427.177	417.028	409.176
01:30:30	29.814	30.21	29.957	76.208	78.097	75.923	234.725	234.834	251.808	431.667	419.162	409.925
01:31:00	30.064	30.018	29.371	74.262	77.954	74	238.176	236.091	248.376	436.81	418.102	416.151
01:31:30	30.01	30.368	30.057	71.224	76.562	75.159	239.018	231.838	250.558	435.649	417.636	409.281
01:32:00	29.588	30.337	31.633	74.373	78.233	76.602	239.477	232.907	252.072	432.581	419.42	409.584
01:32:30	28.4	30.247	30.384	73.26	77.06	74.047	238.935	234.834	247.545	438.391	416.036	410.531
01:33:00	29.89	29.496	29.503	73.231	76.394	76.003	237.82	236.676	251.082	433.819	416.981	411.133
01:33:30	28.856	29.294	29.625	73.6	77.024	73.861	236.318	233.596	251	429.244	416.337	410.531
01:34:00	28.868	30.996	31.348	78.528	79.608	75.321	239.043	235.098	250.823	428.769	416.742	407.724
01:34:30	30.173	29.59	30.588	73.925	79.423	74.368	235.969	233.836	249.379	437.762	418.021	406.778
01:35:00	27.998	30.295	29.919	73.32	76.482	73.642	239.242	233.163	249.577	434.38	420.328	411.86
01:35:30	29.494	30.242	31.615	72.16	77.352	75.294	236.193	235.502	250.931	429.601	415.473	410.764
01:36:00	29.465	30.899	30.023	75.261	77.005	72.372	238.436	234.311	252.427	434.829	417.853	409.615
01:36:30	28.272	29.193	29.654	73.817	78.509	72.579	234.607	234.518	250.539	433.75	415.878	411.319
01:37:00	29.501	29.119	30.16	73.304	77.828	75.001	237.71	236.778	250.967	432.742	414.927	411.435
01:37:30	30.026	29.782	30.833	75.168	77.035	73.501	236.147	238.476	251.803	434.922	419.468	409.804
01:38:00	29.373	30.457	29.604	72.784	76.927	73.44	238.723	238.468	249.773	436.732	419.314	411.76
01:38:30	30.273	30.805	29.618	72.41	76.545	73.885	235.589	233.206	249.598	432.533	419.504	412.261
01:39:00	30.198	29.638	30.304	73.067	78.075	75.375	237.64	233.013	254.687	430.407	417.225	409.512
01:39:30	29.313	29.612	30.048	73.78	78.573	73.514	237.051	233.312	250.596	429.427	415.027	409.314
01:40:00	29.01	30.437	31.531	74.394	78.243	73.569	234.689	234.838	249.285	434.297	412.853	411.889
01:40:30	30.085	30.629	30.297	72.957	77.345	73.921	235.917	235.917	250.594	435.472	423.783	408.75
01:41:00	30.278	29.713	30.407	73.362	77.809	73.234	238.422	237.959	250.929	434.869	416.754	412.838
01:41:30	31.092	29.771	30.054	74.575	77.625	73.077	239.49	239.487	248.864	431.971	414.716	410.491
01:42:00	30.107	29.074	30.477	73.641	78.722	73.419	234.39	234.254	249.679	426.672	417.473	408.324
01:42:30	30.289	29.416	30.076	73.806	77.086	74.465	234.503	236.066	246.327	430.479	414.581	409.321
01:43:00	28.929	28.899	29.787	75.278	77.395	74.393	237.359	232.769	248.388	427.834	412.051	403.835
01:43:30	30.442	29.393	30.678	72.623	77.629	73.953	238.413	234.378	249.069	428.623	414.142	408.634
01:44:00	29.044	31.547	30.625	75.123	76.914	73.79	238.473	234.674	252.84	427.16	414.498	408.331
01:44:30	28.649	29.157	31.745	73.839	77.997	74.049	238.219	233.561	249.072	435.177	417.412	408.86
01:45:00	28.805	28.893	30.353	74.258	78.075	72.601	237.012	232.924	248.892	433.559	416.104	405.573
01:45:30	28.64	28.897	29.315	72.255	76.157	73.711	236.013	235.833	251.698	431.053	420.138	408.459
01:46:00	28.834	29.179	29.574	74.665	75.942	74.593	236.72	232.864	248.47	436.309	415.016	409.603
01:46:30	29.345	29.684	32.059	75.316	76.008	73.869	241.714	234.573	250.371	434.586	419.019	408.406
01:47:00	29.113	30.236	29.659	72.344	76.611	72.442	238.968	236.174	250.893	437.274	417.598	408.369
01:47:30	29.663	29.354	30.775	72.118	76.262	74.074	237.968	233.789	253.417	431.38	417.922	409.085
01:48:00	30.003	30.573	31.624	73.128	78.357	73.338	239.132	232.396	253.916	433.07	420.514	410.692
01:48:30	27.821	29.955	30.132	73.582	76.683	73.656	234.718	234.193	252.888	433.375	417.427	410.097
01:49:00	29.053	29.792	30.243	74.172	78.165	71.699	238.738	234.505	249.574	427.836	413.019	412.155
01:49:30	30.091	30.229	29.59	71.489	75.714	73.534	236.619	235.584	252.34	430.021	417.5	408.981
01:50:00	29.632	29.49	30.718	75.097	77.072	73.774	237.798	232.867	250.157	428.083	414.14	407.208
01:50:30	29.306	30.31	30.448	72.983	78.218	74.558	240.085	237.187	252.041	437.615	420.083	410.349
01:51:00	29.07	29.721	29.555	74.432	78.303	75.273	240.01	240.491	254.329	437.72	423.318	415.007
01:51:30	30.03	30.884	31.105	74.732	77.722	75.757	237.835	233.077	249.423	434.986	418.589	411.216
01:52:00	29.814	30.91	30.92	76.319	78.593	73.055	238.13	235.01	251.659	436.477	420.332	406.316
01:52:30	31.329	30.149	31.043	73.417	78.686	73.939	241.199	239.794	249.523	433.123	422.548	407.533
01:53:00	28.844	30.942	30.192	75.089	77.244	73.827	236.173	235.795	253.12	430.604	418.891	408.016
01:53:30	28.871	29.585	30.11	75.086	78.962	74.504	239.921	233.394	249.068	435.749	417.824	416.684
01:54:00	29.303	29.954	29.923	74.867	77.015	75.185	237.893	236.876	254.582	436.594	413.221	412.793
01:54:30	29.672	30.258	30.253	73.726	80.707	73.023	240.252	236.453	248.656	432.597	417.451	408.944
01:55:00	29.714	30.753	29.491	73.457	76.935	73.932	237.2	234.187	245.513	428.072	414.44	411.417
01:55:30	30.166	29.305	31.43	73.126	77.499	75.103	239.977	232.274	251.031	428.539	418.668	408.209
01:56:00	29.861	29.38	30.747	73.293	78.235	73.579	237.148	234.378	249.626	435.463	416.752	406.11
01:56:30	29.518	30.874	31.055	73.791	76.191	73.449	236.734	232.031	248.761	435.59	416.786	410.32
01:57:00	30.331	29.531	28.792	72.558	79.607	75.096	237.818	233.841	251.702	425.818	410.175	411.907
01:57:30	29.655	30.348	31.247	71.357	76.057	74.298	237.419	231.577	249.117	431.95	418.132	406.721
01:58:00	29.828	30.478	30.235	73.616	77.359	73.762	237.415	234.12	251.539	428.919	419.292	411.3
01:58:30	29.201	31.07	29.492	73.631	76.843	76.375	239.805	232.626	250.229	429.571	415.884	407.537
01:59:00	28.527	31.1	30.125	74.372	76.281	73.728	235.556	235.202	249.985	427.726	414.713	406.701
01:59:30	29.113	30.942	30.501	74.685	76.975	73.298	236.842	234.834	247.72	440.235	415.549	408.83
02:00:00	30.217	29.495	31.009	73.551	77.447	73.114	232.428	233.32	250.835	428.419	413.345	408.354