Time	25_1	25_2	25_3	50_1	50_2	50_3	100_1	100_2	100_3	150_1	150_2	150_3
00:00:00	109.011	109.829	99.267	198.49	208.439	211.374	398.313	399.487	383.277	616.027	609.009	611.247
00:00:30	100.461	107.447	92.127	191.426	198.27	201.905	390.573	388.4	375.743	606.529	603.627	588.799
00:01:00	98.653	102.634	88.691	186.716	188.603	194.903	374.004	377.122	362.434	599.483	602.214	582.056
00:01:30	94.219	100.949	87.703	181.278	184.412	186.94	363.743	372.212	358.572	585.278	584.905	575.306
00:02:00	90.246	96.232	86.728	174.467	177.957	184.428	363.013	364.846	354.455	584.376	582.645	568.121
00:02:30	87.374	91.551	82.7	171.983	176.22	180.995	355.005	358.71	343.064	577.131	582.198	563.195
00:03:00	84.942	89.471	83.06	165.92	166.99	174.346	349.323	351.898	337.399	568.419	578.412	564.783
00:03:30	83.559	87.04	79.15	163.622	165.191	168.634	342.592	350.847	334.844	565.433	571.449	561.403
00:04:00	83.449	85.293	77.06	157.393	161.146	164.817	340.039	347.184	335.144	563.31	568.681	547.527
00:04:30	80.024	83.803	76.351	154.847	157.89	165.268	342.443	349.352	328.99	562.491	569.894	555.798
00:05:00	76.898	82.967	74.493	153.15	151.951	154.19	340.683	345.238	332.654	560.442	563.998	550.874
00:05:30	75.489	81.077	73.866	152.737	152.915	156.561	337.549	344.204	325.108	559.144	564.564	549.16
00:06:00	75.714	77.399	72.859	151.328	149.331	151.852	339.247	339.147	330.542	565.434	568.773	552.095
00:06:30	76.492	79.518	69.913	149.748	146.612	151.23	333.505	343.229	323.745	551.983	562.989	547.001
00:07:00	72.095	77.702	69.753	146.913	143.636	150.137	333.445	341.43	324.131	558.903	562.411	544.316
00:07:30	73.048	73.347	67.687	146.595	139.541	146.31	333.362	339.459	322.331	561.591	563.838	544.835
00:08:00	69.702	73.829	67.207	144.151	139.095	144.081	329.848	338.828	320.347	554.662	559.188	548.55
00:08:30	69.027	71.813	66.308	144.118	136.978	143.335	328.386	339.32	322.058	563.672	564.948	551.932
00:09:00	68.134	72.862	65.456	143.268	133.245	139.56	322.558	334.957	317.723	557.376	556.249	542.481
00:09:30	65.349	74.27	63.665	143.675	133.959	139.047	328.196	330.76	316.738	553.327	560.467	544.081
00:10:00	67.101	72.205	63.495	141.84	131.739	137.537	333.042	337.677	317.651	563.374	563.12	546.382
00:10:30	65.956	71.11	61.912	140.392	132.619	134.591	325.338	332.994	318.11	554.049	564.899	547.436
00:11:00	63.068	68.056	60.885	140.038	130.049	134.647	330.616	331.57	316.073	553.246	560.025	545.323
00:11:30	64.414	68.62	63.219	138.883	129.485	135.733	329.303	335.067	316.912	561.426	563.698	552.405
00:12:00	64.329	68.626	60.634	139.236	129.43	134.615	328.331	335.208	317.768	557.355	558.823	551.927
00:12:30	60.885	66.156	59.462	136.704	126.735	132.988	324.087	329.937	316.243	553.787	563.472	539.232
00:13:00	61.503	66.304	60.413	137.007	129.514	132.243	328.785	331.987	315.337	559.076	565.181	548.705
00:13:30	62.134	67.745	60.185	136.993	127.585	131.874	329.067	333.198	320.211	564.467	563.921	553.14
00:14:00	61.691	63.965	57.039	133.84	125.182	133.06	324.256	330.668	315.505	562.293	563.833	544.548
00:14:30	60.873	65.032	58.055	132.689	123.575	130.978	325.435	331.56	316.182	555.092	564.233	544.473
00:15:00	61.444	64.35	57.263	133.101	125.091	129.868	323.626	330.009	313.745	558.689	560.622	553.353
00:15:30	58.988	64.176	56.53	131.325	124.201	131.547	324.782	334.771	309.894	562.953	558.71	547.559
00:16:00	56.073	61.096	55.985	131.725	123.713	128.149	325.677	331.167	313.311	559.076	562.801	547.319
00:16:30	57.272	61.191	55.073	129.51	123.411	126.862	325.412	336.781	314.716	558.929	558.121	548.529
00:17:00	58.138	62.343	53.762	128.49	122.909	129.526	323.346	329.678	314.651	558.978	558.817	545.727
00:17:30	55.822	60.53	53.957	123.838	122.847	127.983	320.774	327.563	312.792	553.421	560.485	554.298
00:18:00	54.576	59.536	53.367	124.955	120.766	125.938	322.153	330.928	311.978	552.217	558.314	544.957
00:18:30	55.68	59.761	51.905	123.851	123.878	128.713	327.187	330.734	310.306	556.921	561.545	547.914
00:19:00	55.558	60.994	52.011	126.242	121.345	126.568	326.381	330.342	313.891	564.818	568.121	547.369
00:19:30	55.198	58.047	51.392	124.608	120.901	129.307	323.881	331.058	313.796	562.073	565.095	549.823
00:20:00	53.286	57.952	50.869	125.608	118.53	124.303	322.532	329.054	308.357	556.217	558.679	545.755
00:20:30	54.26	59.731	51.867	124.889	121.13	125.673	326.065	327.143	314.422	551.244	564.724	547.416
00:21:00	54.682	55.181	51.226	126.201	118.561	126.234	323.34	332.238	314.571	557.748	564.736	549.711
00:21:30	54.092	57.087	49.008	125.167	120.394	123.728	323.323	328.177	319.171	561.611	563.81	545.981
00:22:00	51.69	57.811	51.074	124.571	117.528	122.852	324.212	327.795	310.67	557.496	569.098	546.381
00:22:30	52.323	55.925	51.378	125.649	119.245	126.236	325.223	333.265	315.375	562.309	570.072	543.956
00:23:00	53.984	54.823	49.2	121.862	120.546	125.603	322.46	326.571	315.23	562.836	570.374	547.69
00:23:30	52.844	55.85	49.327	122.749	119.185	127.094	323.059	330.393	316.589	556.911	561.997	546.203
00:24:00	52.906	54.214	48.565	124.738	122.504	126.618	326.026	327.684	314.729	561.335	569.95	549.29
00:24:30	52.074	54.309	48.607	121.772	117.302	124.063	323.538	329.054	310.839	568.581	564.483	557.511
00:25:00	50.897	55.34	47.687	121.467	117.661	124.924	326.13	331.876	316.197	561.239	569.473	556.858
00:25:30	50.639	54.059	48.126	124.591	118.849	125.146	321.462	328.846	311.132	559.111	559.274	551.593
00:26:00	51.914	54.285	48.262	118.589	119.09	123.567	322.442	328.112	314.026	561.326	567.325	549.289
00:26:30	49.606	53.99	47.174	119.997	117.73	121.695	327.169	331.877	313.271	557.822	571.644	551.565
00:27:00	49.585	55.49	47.41	119.198	119.129	125.595	327.337	330.109	313.624	564.363	560.701	544.951
00:27:30	48.759	53.145	48.197	118.465	119.612	123.449	318.354	327.343	314.996	564.588	564.841	548.653
00:28:00	49.665	53.886	48.058	115.325	118.557	125.711	321.46	330.856	314.645	555.252	563.57	545.847
00:28:30	50.121	54.14	45.819	120.794	121.256	123.641	324.427	327.525	312.281	563.096	563.524	551.075
00:29:00	48.032	53.215	45.898	118.146	115.127	122.19	321.518	325.079	309.13	558.916	561.59	546.83
00:29:30	47.463	53.248	46.689	119.811	115.819	123.445	323.299	326.94	310.286	564.189	564.25	550.206
00:30:00	48.938	52.041	45.569	115.952	117.627	122.352	327.844	331.325	313.25	556.958	565.462	552.534
00:30:30	47.127	52.34	45.957	116.558	116.011	123.325	328.176	333.125	312.321	558.308	570.406	546.49
00:31:00	47.907	53.253	46.071	116.183	116.198	124.905	325.758	329.29	319.058	564.491	567.08	548.001
00:31:30	47.266	50.38	46.865	118.67	117.513	122.632	326.837	325.844	310.815	559.2	570.956	546.723
00:32:00	46.947	51.736	45.027	116.186	117.033	124.183	328.103	330.228	313.011	559.958	571.957	549.9
00:32:30	46.053	51.161	44.484	116.488	117.692	125.09	325.813	326.258	310.562	559.336	564.76	554.907
00:33:00	45.712	50.236	45.316	115.886	117.394	122.693	322.903	327.701	313.706	558.575	562.053	551.602
00:33:30	46.78	49.8	44.075	116.657	115.578	122.839	317.337	331.969	316.674	554.166	574.56	552.636
00:34:00	46.976	50.189	45.816	114.434	118.646	123.609	319.474	329.408	311.946	562.143	563.486	547.287
00:34:30	46.945	51.332	43.101	115.83	117.255	121.444	325.352	330.743	307.228	562.906	569.413	550.453
00:35:00	45.868	50.609	45.672	116.724	116.831	122.172	326.694	328.993	315.333	560.371	564.681	551.776
00:35:30	46.376	51.278	43.664	113.918	119.372	123.488	324.141	333.088	314.02	561.114	570.924	550.65
00:36:00	45.686	50.859	43.186	116.138	115.666	123.146	319.97	326.185	314.632	559.594	563.701	552.004
00:36:30	45.932	50.116	44.616	117.04	116.081	124.325	322.753	328.152	311.496	561.616	576.624	554.733
00:37:00	45.202	48.036	44.74	115.032	117.418	123.247	326.898	331.786	321.234	564.423	563.384	557.034
00:37:30	46.969	49.977	43.98	116.041	116.144	120.833	327.523	329.47	314.005	563.961	569.838	559.142
00:38:00	45.014	50.209	44.468	113.417	117.743	123.151	321.143	331.907	314.97	565.239	561.95	549.774
00:38:30	45.985	49.478	44.579	115.644	114.333	123.592	326.013	335.171	316.139	566.071	572.542	554.168
00:39:00	46.839	49.092	42.948	111.745	116.219	122.534	328.804	328.194	316.108	563.773	561.964	546.287
00:39:30	45.792	49.733	42.713	113.874	118.101	122.028	323.062	331.525	310.541	559.29	568.774	556.305
00:40:00	45.881	48.274	43.896	113.044	118.014	125.67	326.293	327.175	315.15	561.973	565.919	554.617
00:40:30	44.517	50.083	43.647	113.85	118.196	120.779	329.965	332.802	316.056	561.944	567.84	556.858
00:41:00	44.557	48.651	43.285	113.095	117.191	124.076	327.734	330.749	314.691	562.78	568.345	555.313
00:41:30	45.771	49.885	42.681	114.751	115.243	122.794	327.424	327.729	315.229	561.371	568.074	550.149
00:42:00	44.72	49.452	42.803	113.227	116.037	120.672	324.866	337.065	312.405	555.17	564.932	552.972
00:42:30	45.947	48.015	44.834	111.015	116.423	125.755	325.196	329.786	314.811	564.697	567.156	551.69
00:43:00	44.834	48.963	42.775	114.294	116.725	124.116	327.606	332.529	318.415	567.774	573.978	556.346
00:43:30	44.891	47.398	43.307	114.234	114.969	122.751	325.074	337.624	318.592	568.088	574.197	556.575
00:44:00	43.245	48.992	43.24	112.904	116.691	123.6	326.218	333.854	316.42	561.117	570.82	554.16
00:44:30	44.757	47.569	41.544	114.305	118.307	123.21	326.94	334.264	313.983	563.829	560.13	552.784
00:45:00	42.669	49.09	41.999	113.381	117.027	124.929	329.113	332.977	319.911	567.719	570.602	558.619
00:45:30	43.423	47.3	42.48	111.897	118.355	123.57	326.259	332.275	316.891	556.912	572.712	551.66
00:46:00	42.692	47.069	42.598	113.649	119.103	121.412	325.299	330.131	313.467	562.083	566.523	552.498
00:46:30	45.583	48.412	42.578	111.959	113.724	123.48	331.028	337.386	315.39	570.473	572.451	565.064
00:47:00	44.601	47.901	43.246	111.824	116.446	123.379	328.415	332.197	313.789	568.087	572.026	553.645
00:47:30	42.962	48.229	42.741	111.221	116.101	127.002	327.358	331.319	320.266	565.439	570.573	556.173
00:48:00	42.632	48.906	43.21	111.279	114.96	122.277	322.679	331.549	312.849	565.33	569.878	553.609
00:48:30	43.912	48.548	43.402	113.622	117.977	123.352	327.85	331.099	315.933	558.661	570.52	552.094
00:49:00	44.631	47.501	42.393	111.614	116.264	123.976	330.035	332.022	318.988	566.081	569.418	558.921
00:49:30	42.954	47.522	41.355	110.817	116.957	123.307	330.394	336.239	316.046	567.317	572.362	553.336
00:50:00	42.519	47.059	42.317	112.614	117.9	124.647	328.341	336.158	318.021	567.289	569.179	555.515
00:50:30	42.439	47.856	40.63	111.725	115.697	124.372	326.711	331.132	318.003	563.22	575.567	553.409
00:51:00	43.044	47.086	42.45	111.946	117.914	122.23	323.271	334.484	316.616	563.534	572.213	561.858
00:51:30	42.791	46.687	42.159	111.51	120.119	124.571	326.386	334.734	317.677	565.013	575.586	551.871
00:52:00	43.222	46.249	43.021	111.82	120.649	125.65	330.468	335.299	318.71	570.025	575.054	551.406
00:52:30	43.13	47.551	42.723	111.561	118.334	125.605	331.412	333.368	315.304	567.791	568.608	554.11
00:53:00	42.796	48.361	42.545	112.018	117.444	127.129	333.091	339.941	322.675	571.867	569.469	562.565
00:53:30	43.311	45.857	41.492	112.406	117.187	123.852	329.898	333.248	312.478	567.178	570.23	553.878
00:54:00	44.05	45.953	43.383	112.464	117.951	122.854	331.861	336.274	319.401	571.336	576.66	554.274
00:54:30	42.433	47.232	43.07	112.39	121.092	124.744	331.876	339.842	319.576	568.17	572.718	564.732
00:55:00	42.103	45.977	41.85	108.162	115.443	125.563	332.718	335.509	311.476	567.445	574.54	556.244
00:55:30	41.331	47.123	43.657	111.851	117.37	126.457	329.135	332.957	319.522	564.34	574.127	562.123
00:56:00	41.501	46.393	42.405	112.79	115.897	126.217	329.803	329.268	310.736	566.598	571.212	555.738
00:56:30	43.439	48.033	41.947	110.95	119.744	126.272	329.959	337.876	317.641	558.034	572.769	557.123
00:57:00	42.579	47.721	41.951	111.121	119.434	126.911	329.528	339.408	323	570.568	573.812	562.229
00:57:30	43.264	45.696	41.948	114.098	119.671	125.355	333.312	340.414	323.817	572.196	581.9	565.316
00:58:00	40.753	45.378	41.221	108.615	116.462	122.293	332.582	341.638	319.754	571.145	571.618	557.788
00:58:30	42.717	45.863	42.769	110.783	119.329	127.023	331.897	337.163	322.325	579.773	568.577	560.041
00:59:00	42.026	45.576	41.826	113.293	119.23	124.83	328.585	333.056	318.992	573.457	575.563	558.331
00:59:30	42.85	45.795	42.05	113.702	119.415	126.689	327.039	339.232	322.153	567.487	576.251	556.861
01:00:00	42.7	46.108	43.166	113.016	119.183	125.236	330.032	336.458	317.777	566.941	574.658	557.601
01:00:30	42.291	45.233	43.238	108.633	120.208	126.737	334.168	338.199	315.731	571.552	580.731	561.3
01:01:00	42.889	46.965	41.786	109.925	120.109	126.098	328.684	336.545	319.662	573.079	575.131	560.799
01:01:30	41.081	43.389	41.735	109.51	118.946	126.313	332.505	334.077	317.059	565.331	572.591	558.009
01:02:00	42.873	42.728	41.032	109.592	118.972	127.104	331.161	336.798	317.544	570.799	577.563	556.068
01:02:30	41.387	44.375	40.638	110.338	118.52	125.964	332.485	337.868	322.001	568.004	574.185	558.97
01:03:00	40.183	43.599	42.324	109.23	121.681	127.606	334.384	338.288	322.123	576.144	572.441	564.145
01:03:30	41.038	44.529	41.729	108.183	116.609	126.91	335.749	340.42	318.915	572.358	572.697	562.15
01:04:00	42.568	46.64	41.759	110.35	118.463	124.398	334.954	339.43	323.4	577.54	575.902	559.229
01:04:30	40.572	44.89	42.06	109.105	118.373	127.332	336.837	340.738	318.115	575.457	574.665	558.694
01:05:00	43.298	44.548	41.911	106.825	118.245	126.439	334.635	340.587	321.705	568.78	575.566	560.878
01:05:30	41.573	44.976	40.454	108.409	122.186	126.375	333.264	338.091	321.095	567.655	578.579	561.188
01:06:00	41.87	44.142	41.601	109.625	116.946	125.874	329.205	339.853	322.422	574.865	575.847	563.107
01:06:30	42.421	44.671	41.411	113.704	119.832	124.934	334.56	333.562	317.992	565.481	571.399	559.237
01:07:00	40.643	45.43	40.904	105.321	119.861	123.664	332.53	343.037	319.48	571.882	571.836	558.393
01:07:30	40.958	45.395	40.135	110.542	120.739	125.936	335.585	338.323	319.736	576.788	574.982	558.029
01:08:00	40.522	44.327	41.89	109.973	119.572	123.328	331.382	341.233	321.716	571.881	573.884	558.099
01:08:30	41.386	44.62	41.191	110.956	122.349	128.507	329.354	342.404	321.682	570.308	578.272	562.883
01:09:00	41.166	45.738	41.017	107.284	120.1	128.062	329.441	335.329	319.665	568.901	571.7	558.762
01:09:30	41.326	44.711	40.695	109.983	120.079	124.818	339.493	341.171	319.298	582.356	579.917	554.592
01:10:00	40.09	46.03	41.783	109.873	122.82	125.481	334.853	340.841	324.509	572.265	584.187	561.866
01:10:30	41.884	45.324	41.342	109.8	121.597	127.168	337.873	342.713	326.852	574.58	577.058	565.856
01:11:00	41.184	45.334	40.758	107.633	119.612	128.663	333.101	338.897	323.794	573.323	577.046	564.377
01:11:30	41.405	44.087	41.584	106.794	119.459	124.575	334.308	336.553	325.316	566.259	576.185	561.987
01:12:00	40.223	43.529	41.109	108.475	119.557	127.977	336.819	340.428	318.106	577.159	574.834	560.753
01:12:30	40.668	43.232	41.751	108.167	120.399	126.094	334.255	341.579	322.694	572.849	579.818	558.163
01:13:00	40.141	44.454	41.182	108.643	118.992	128.745	332.109	339.215	328.297	573.081	576.556	564.893
01:13:30	40.948	43.69	40.585	109.16	119.495	126.516	336.729	341.914	323.008	575.802	580.179	564.135
01:14:00	41.108	43.779	41.974	110.416	118.438	128.939	338.462	336.08	326.567	574.317	573.767	565.269
01:14:30	41.48	44.273	40.527	109.343	120.24	125.171	332.113	340.324	325.305	576.995	581.689	571.384
01:15:00	40.831	44.81	42.304	108.633	119.555	124.589	335.471	342.662	321.928	567.891	579.506	566.005
01:15:30	41.568	45.204	42.68	108.816	123.483	125.386	337.332	344.327	325.745	571.829	584.34	563.254
01:16:00	41.04	43.751	40.446	111.666	121.22	128.186	334.638	343.231	328.773	583.735	580.113	571.94
01:16:30	40.162	46.303	41.445	109.294	123.513	128.329	334.416	346.689	326.912	581.226	580.085	567.828
01:17:00	41.027	44.496	42.105	107.397	121.288	129.169	338.35	343.5	326.437	576.283	582.49	568.17
01:17:30	40.81	44.416	42.788	107.892	122.747	127.63	337.474	346.932	325.845	574.766	583.799	568.311
01:18:00	41.697	45.132	42.468	108.179	119.812	128.833	342.438	343.389	327.964	578.528	581.622	567.51
01:18:30	41.022	43.478	41.397	109.821	122.594	128.191	333.879	337.564	327.135	573.752	575.74	563.989
01:19:00	41.638	44.584	41.01	109.219	121.561	127.529	340.591	345.57	327.132	582.963	587.586	569.424
01:19:30	39.998	44.174	41.282	108.569	121.695	129.041	336.673	343.47	325.935	580.307	578.861	571.458
01:20:00	40.286	44.944	42.15	107.807	122.726	126.891	336.753	342.461	326.547	574.625	581.938	566.068
01:20:30	42.409	44.116	42.027	109.669	121.99	128.013	341.601	344.251	326.239	579.054	582.454	567.402
01:21:00	40.564	44.052	41.167	107.368	119.994	126.935	337.018	345.843	325.131	576.396	583.639	564.995
01:21:30	41.548	43.885	41.517	108.517	120.765	131.212	335.474	341.923	326.218	584.34	583.842	568.484
01:22:00	40.707	44.746	42.908	108.109	123.587	129.634	341.171	347.211	327.744	579.825	580.651	567.313
01:22:30	40.193	42.964	41.489	107.59	122.028	128.151	338.344	342.692	322.732	576.875	587.41	565.038
01:23:00	41.622	44.352	40.625	108.347	121.264	126.767	342.327	342.452	328.223	584.758	583.807	568.015
01:23:30	41.03	43.05	40.927	110.254	120.633	128.785	342.749	342.434	328.065	574.48	584.222	565.279
01:24:00	41.563	42.96	41.546	105.506	121.382	130.145	338.06	344.639	330.907	578.66	579.307	567.443
01:24:30	41.791	43.73	42.219	106.956	122.753	128.937	338.356	348.268	325.69	582.059	586.79	565.513
01:25:00	40.137	43.418	41.85	105.206	122.561	127.815	337.653	344.469	330.331	577.573	580.658	563.438
01:25:30	40.662	44.707	41.073	108.48	124.524	134.155	338.92	345.824	328.375	583.332	585.393	566.409
01:26:00	41.532	43.447	41.052	107.319	121.997	129.827	337.271	346.05	327.394	579.64	585.77	569.299
01:26:30	41.262	43.64	41.885	108.417	124.291	128.486	337.316	347.287	325.395	576.978	585.378	573.358
01:27:00	41.905	43.377	42.27	106.144	120.528	128.932	334.563	344.033	326.048	575.134	578.94	568.874
01:27:30	40.437	44.043	41.599	105.822	124.438	129.281	340.402	345.154	328.072	575.483	585.853	566.193
01:28:00	40.421	45.15	40.333	107.35	124.292	128.16	342.002	346.835	327.402	576.866	582.671	573.554
01:28:30	40.991	44.109	42.531	106.2	123.42	132.476	341.764	347.378	334.711	583.844	584.709	573.447
01:29:00	41.302	44.765	42.771	108.399	123.829	130.024	344.709	341.04	330.779	581.504	584.805	569.039
01:29:30	43.053	43.816	40.858	108.813	121.81	130.598	338.623	348.085	329.028	580.825	585.192	569.908
01:30:00	39.398	42.349	40.989	108.212	123.808	131.588	342.417	346.142	327.417	575.305	583.661	569.978
01:30:30	41.328	45.041	41.444	106.636	122.849	129.495	338.877	340.271	330.73	582.671	592.36	571.427
01:31:00	41.004	43.782	41.633	107.475	125.231	129.855	339.833	345.095	330.993	585.515	585.812	576.693
01:31:30	40.694	44.648	41.618	104.955	122.964	129.564	342.158	347.05	328.212	583.743	583.719	569.52
01:32:00	41.743	43.046	41.012	104.555	124.746	131.762	340.161	348.042	331.899	586.928	585.732	574.335
01:32:30	41.686	43.153	40.659	103.837	123.598	131.002	337.113	344.584	332.636	578.294	583.749	564.963
01:33:00	39.465	43.902	41.659	105.767	125.134	131.352	342.29	349.529	333.577	584.43	589.841	572.815
01:33:30	40.487	44.111	41.189	107.038	125.558	131.442	339.552	348.998	329.8	579.792	583.978	570.887
01:34:00	41.294	43.822	42.496	105.227	124.114	130.328	341.368	348.485	329.87	579.9	586.495	572.183
01:34:30	40.868	45.454	41.916	106.189	125.776	129.488	340.68	352.675	332.483	584.356	590.323	576.509
01:35:00	41.085	44.976	42.156	105.002	124.868	130.278	340.891	349.184	329.318	585.239	584.321	570.31
01:35:30	40.537	43.344	41.442	105.375	124.634	132.113	338.059	347.769	329.434	584.436	590.039	573.105
01:36:00	42.073	45.729	40.036	105.983	124.548	131.229	341.353	345.03	330.41	582.965	578.874	567.585
01:36:30	42.336	43.948	41.434	109.403	125.583	133.819	342.78	349.273	330.243	592.295	592.784	579.234
01:37:00	41.736	43.437	41.472	103.665	126.455	132.129	341.631	348.154	328.663	590.771	582.804	575.786
01:37:30	41.463	44.11	42.205	108.247	123.545	130.096	338.935	344.828	329.593	580.588	586.644	575.371
01:38:00	40.452	43.512	42.38	106.496	124.275	131.704	345.637	350.311	331.292	586.966	594.584	567.894
01:38:30	42.374	45.903	42.531	110.298	124.126	131.946	347.378	349.197	330.374	588.329	591.501	571.827
01:39:00	40.904	43.137	41.327	106.45	123.181	132.419	342.984	352.432	333.968	582.194	592.132	571.352
01:39:30	42.263	44.289	41.946	105.531	123.845	132.809	342.105	350.774	329.489	589.449	588.143	573.534
01:40:00	42.493	43.537	43.5	105.955	125.196	131.999	345.308	347.561	333.489	584.665	587.636	574.614
01:40:30	41.232	44.082	41.863	107.334	125.494	132.164	345.094	347.067	333.153	588.508	598.105	568.76
01:41:00	40.815	43.325	40.984	105.577	127.519	130.457	343.397	347.335	331.58	581.11	588.62	570.159
01:41:30	40.821	45.121	42.984	106.136	125.866	132.095	343.578	351.393	334.094	589.922	596.109	580.646
01:42:00	40.66	45.178	42.066	105.769	124.715	131.482	341.846	350.514	333.465	581.953	590.831	572.399
01:42:30	41.151	44.661	41.739	105.257	124.37	131.839	346.715	351.921	332.223	589.464	591.383	575.55
01:43:00	40.581	43.64	42.001	104.159	124.398	135.245	344.714	349.062	335.745	583.252	584.72	574.83
01:43:30	41.184	44.795	41.966	106.544	124.298	132.526	344.824	346.589	332.506	583.676	587.798	579.151
01:44:00	41.718	45.29	41.581	106.642	123.322	132.738	344.276	351.236	333.095	586.439	593.642	573.802
01:44:30	40.222	44.249	42.334	106.908	124.702	133.057	344.22	348.725	331.609	588.002	592.411	572.646
01:45:00	40.464	44.826	41.902	103.823	126.711	131.361	344.327	351.802	337.865	588.908	590.9	569.296
01:45:30	40.921	45.212	41.908	106.586	126.704	133.497	345.121	354.677	334.184	582.712	592.513	575.583
01:46:00	41.426	44.215	41.771	105.081	128.878	131.679	345.563	350.055	331.281	584.774	587.323	574.343
01:46:30	41.041	44.978	41.013	106.459	128.751	135.17	346.004	353.688	335.831	585.889	594.648	572.272
01:47:00	42.232	44.652	41.893	105.596	124.195	131.857	343.723	348.413	332.186	587.699	592.116	575.37
01:47:30	40.729	43.215	41.533	105.849	123.004	135.128	341.902	348.934	333.638	583.341	594.651	570.873
01:48:00	40.529	42.838	41.94	106.646	127.16	133.295	341.928	353.853	331.623	579.823	586.82	569.502
01:48:30	40.606	44.029	41.757	106.419	127.429	133.315	346.168	351.033	336.833	587.235	594.302	577.062
01:49:00	39.969	44.547	44.184	107.795	127.976	134.706	345.452	350.38	336.221	588.551	590.556	572.965
01:49:30	41.179	43.676	42.159	103.598	125.767	132.136	344.182	348.537	334.309	589.711	596.845	567.214
01:50:00	39.653	45.212	40.635	106.22	127.848	130.961	341.942	352.943	336.33	591.058	593.076	579.732
01:50:30	42.336	45.503	42.399	103.866	125.063	135.999	344.834	347.12	333.389	585.23	594.964	567.242
01:51:00	42.14	44.752	43.217	107.573	127.074	130.273	347.058	350.279	333.862	587.322	592.479	575.967
01:51:30	42.957	45.136	42.293	106.049	125.203	132.722	343.473	348.586	336.371	589.784	592.969	578.71
01:52:00	41.541	45.352	41.645	104.745	127.763	136.563	346.41	354.995	335.439	585.424	596.063	581.489
01:52:30	42.382	46.088	42.11	106.311	128.183	134.738	347.419	351.683	335.842	585.044	591.191	578.618
01:53:00	41.357	43.8	43.233	105.803	126.567	136.6	350.282	355.607	338.922	590.241	592.782	579.108
01:53:30	41.459	45.612	41.521	105.947	126.904	135.023	349.016	348.561	336.866	590.39	596.983	573.509
01:54:00	41.826	45.227	42.065	105.735	127.763	132.922	347.657	353.443	339.229	591.321	594.733	578.793
01:54:30	41.103	43.673	41.316	104.371	129.185	133.115	347.757	353.169	337.295	588.69	599.071	581.301
01:55:00	40.99	43.858	42.846	105.627	127.732	134.655	350.473	355.972	338.869	587.348	592.538	571.924
01:55:30	42.5	44.708	41.126	106.952	128.178	135.586	350.64	352.514	340.127	590.812	597.029	587.231
01:56:00	42.305	44.884	42.118	104.612	127.441	133.014	347.596	352.302	340.565	591.343	594.676	581.181
01:56:30	42.661	43.884	42.19	106.93	128.668	133.04	349.108	356.019	337.886	592.587	595.395	574.924
01:57:00	40.314	45.776	41.468	103.666	127.305	133.492	348.347	354.455	335.567	583.12	590.166	575.834
01:57:30	40.966	44.35	41.454	105.877	130.807	138.048	345.335	354.078	336.9	594.739	601.395	576.553
01:58:00	42.505	43.525	41.992	104.01	126.05	134.001	346.684	352.605	334.641	594.376	593.507	576.311
01:58:30	43.16	44.434	42.366	106.658	127.593	134.702	354.956	352.449	340.787	592.663	589.939	579.759
01:59:00	42.65	47.135	41.858	105.922	127.314	136.623	347.461	357.166	336.446	587.141	593.774	575.825
01:59:30	41.37	44.736	41.172	105.99	127.609	134.743	347.322	353.344	337.379	586.549	595.546	574.514
02:00:00	42.079	44.392	41.45	104.779	125.637	132.63	348.844	351.991	334.095	582.652	592.093	576.945