Time	25_1	25_2	25_3	50_1	50_2	50_3	100_1	100_2	100_3	150_1	150_2	150_3
00:00:00	106.194	112.49	101.595	214.591	213.208	208.368	422.251	382.58	412.185	627.706	598.791	603.829
00:00:30	98.292	102.052	101.619	205.453	204.365	202.904	408.793	373.148	405.553	613.806	578.453	588.922
00:01:00	92.819	98.3	94.851	200.061	197.69	198.893	393.187	360.309	391.826	608.861	572.813	572.39
00:01:30	89.445	92.164	92.317	196.084	192.361	191.187	382.507	351.849	383.078	599.744	563.9	563.434
00:02:00	87.028	90.622	92.3	190.037	185.262	186.489	375.428	348.488	372.84	595.069	556.316	559.816
00:02:30	83.351	88.806	87.11	189.622	179.601	183.392	367.391	334.609	368.105	587.614	543.699	552.823
00:03:00	82.047	87.595	85.395	186.388	174.643	176.789	364.043	335.879	363.24	582.144	545.95	551.044
00:03:30	79.258	84.065	84.475	181.475	169.429	174.463	363.693	335.146	359.064	575.213	545.003	546.585
00:04:00	79.89	82.429	82.083	171.454	165.597	174.029	358.451	327.438	358.335	574.78	539.953	543.702
00:04:30	76.858	81.971	80.131	170.817	161.465	169.86	358.519	325.03	355.431	581.575	538.223	545.543
00:05:00	74.664	79.36	78.398	165.955	160.965	165.992	351.015	324.652	352.844	576.787	538.987	545.424
00:05:30	73.068	76.635	75.526	164.598	158.22	162.96	348.947	322.355	349.897	571.922	535.967	534.496
00:06:00	70.578	76.912	74.259	160.162	154.091	163.058	354.928	316.733	348.439	573.729	538.368	540.601
00:06:30	71.578	77.025	72.884	158.983	149.9	157.65	350.914	316.824	347.883	568.282	534.863	535.312
00:07:00	68.84	76.136	72.344	158.487	148.751	157.096	347.851	321.479	347.547	580.876	532.779	538.953
00:07:30	68.96	75.385	70.832	156.077	145.044	152.509	349.155	317.787	345.621	571.623	533.06	537.95
00:08:00	66.899	72.435	69.256	152.642	143.307	151.03	343.619	317.009	342.284	569.723	529.713	530.838
00:08:30	66.203	73.513	69.67	152.761	140.036	148.633	342.247	321.208	344.075	571.76	535.432	541.933
00:09:00	62.708	71.238	66.958	148.038	138.015	144.499	337.017	315.95	340.776	563.873	526.071	529.884
00:09:30	64.816	69.899	66.988	146.396	136.065	142.341	343.428	312.08	341.392	566.783	533.868	532.093
00:10:00	64.007	69.442	66.486	148.194	137.58	142.017	342.743	317.924	342.862	574.211	534.165	533.641
00:10:30	61.952	67.376	65.797	143.662	135.655	141.76	341.68	314.709	342.086	565.575	526.546	532.804
00:11:00	59.744	68.06	63.674	141.42	133.271	140.469	337.055	311.3	338.256	565.291	524.629	530.206
00:11:30	60.288	66.292	62.775	141.174	133.87	136.735	345.743	310.08	341.521	567.886	537.268	532.514
00:12:00	59.652	66.877	63.039	139.899	131.962	139.635	343.111	311.125	338.515	569.104	530.338	531.023
00:12:30	59.194	64.169	63.745	135.982	131.589	140.976	337.1	311.82	336.953	569.958	526.1	533.987
00:13:00	57.271	63.654	61.906	135.559	130.508	138.662	339.709	310.067	339.336	568.947	529.581	531.809
00:13:30	58.094	62.756	61.481	133.78	128.848	140.996	341.228	308.449	337.515	568.116	534.719	526.809
00:14:00	56.838	61.441	59.971	132.56	127.443	143.481	336.327	308.059	338.865	568.416	531.526	527.451
00:14:30	56.074	61.912	58.922	132.202	127.918	140.727	338.375	305.146	338.472	569.035	534.817	530.356
00:15:00	57.456	62.322	59.883	131.178	127.9	140.612	336.867	309.629	337.341	568.886	535.929	535.013
00:15:30	55.684	59.687	56.93	131.773	127.936	141.498	337.008	305.499	336.934	563.982	533.219	531.426
00:16:00	55.228	58.42	57.075	128.511	126.879	139.478	335.283	309.833	339.145	564.025	532.798	533.8
00:16:30	54.902	57.941	56.665	127.381	124.71	140.053	335.373	310.682	336.297	566.201	533.326	533.355
00:17:00	53.998	59.119	55.08	128.544	126.123	139.362	330.219	308.643	332.051	567.033	527.153	529.638
00:17:30	53.526	56.817	54.507	121.551	122.76	140.438	332.821	304.729	333.313	570.342	526.018	528.152
00:18:00	50.789	58.61	54.471	126.009	122.738	138.416	333.592	307.883	333.195	559.202	525.279	531.74
00:18:30	52.521	57.345	53.24	124.124	123.934	136.921	335.555	301.783	336.865	568.19	530.361	532.033
00:19:00	51.858	56.865	53.51	121.063	124.639	137.95	333.799	306.767	334.137	567.186	523.999	523.703
00:19:30	49.203	57.028	54.389	122.889	126.176	139.973	328.89	305.785	338.411	568.093	529.577	532.02
00:20:00	51.385	57.275	51.731	122.578	120.416	136.753	333.895	308.16	330.804	563.85	523.521	528.948
00:20:30	48.447	54.782	52.61	120.154	123.332	136.5	330.701	304.86	329.473	569.158	522.444	530.707
00:21:00	50.609	52.907	52.376	120.973	121.766	134.78	333.646	301.648	333.382	568.09	527.988	530.869
00:21:30	49.144	57.493	54.15	120.835	122.071	138.102	334.094	304.692	333.968	567.051	526.236	531.021
00:22:00	49.323	52.721	51.272	123.371	122.61	134.736	332.437	306.777	326.096	567.968	525.178	529.382
00:22:30	47.123	54.219	51.843	120.025	120.975	135.944	336.291	305.684	335.786	566.354	528.053	528.885
00:23:00	47.837	53.89	51.455	119.582	120.709	132.269	335.674	304.075	338	568.601	527.743	529.191
00:23:30	47.344	53.782	52.196	117.824	124.716	135.219	334.375	303.023	339.944	566.072	529.151	533.931
00:24:00	48.733	52.239	51.425	116.978	118.991	135.89	331.43	305.954	334.662	571.571	529.954	531.287
00:24:30	48.457	53.774	49.987	119.624	122.057	135.598	335.513	306.534	338.535	575.999	531.49	529.389
00:25:00	46.846	52.145	49.727	117.081	120.485	134.181	332.37	307.237	332.16	569.189	530.958	534.197
00:25:30	47.5	51.62	48.688	118.675	121.028	133.263	332.859	305.19	330.347	568.635	525.323	532.251
00:26:00	45.733	51.745	48.574	115.874	118.281	132.768	334.375	305.64	327.704	568.47	530.16	533.058
00:26:30	46.287	52.427	50.11	115.837	118.206	130.794	333.258	306.535	331.197	566.24	529.001	531.589
00:27:00	45.759	50.613	48.839	116.894	119.831	130.304	330.157	306.116	333.492	571.49	522.839	531.954
00:27:30	44.07	49.951	47.798	116.047	120.497	130.401	330.602	301.988	333.408	566.516	525.385	526.719
00:28:00	44.808	51.032	47.866	116.192	121.339	130.586	331.475	304.849	334.144	566.739	532	530.757
00:28:30	46.477	49.999	48.717	116.918	121.138	130.38	330.202	307.857	332.844	567.111	527.552	525.882
00:29:00	45.04	48.712	46.398	114.831	118.726	128.133	330.385	303.938	334.159	567.427	530.756	528.105
00:29:30	43.265	49.659	48.783	116.118	120.636	127.547	330.623	302.504	331.014	568.453	527.537	528.571
00:30:00	44.317	48.303	45.854	117.04	116.11	126.524	329.801	305.824	333.132	567.003	529.347	530.642
00:30:30	41.937	49.596	47.143	113.764	117.342	128.434	329.575	303.508	333.48	568.626	531.366	529.054
00:31:00	43.829	49.604	47.217	115.02	119.492	123.886	331.779	303.109	332.273	566.446	527.352	531.063
00:31:30	42.662	49.197	46.076	115.83	115.059	126.546	328.536	306.285	329.658	566.835	524.109	528.708
00:32:00	42.834	47.964	47.121	116.094	118.234	126.062	334.766	299.897	335.432	566.053	529.975	526.324
00:32:30	41.262	46.867	46.23	113.159	118.009	123.817	332.791	299.923	327.387	565.752	521.533	530.677
00:33:00	42.983	47.804	45.419	114.471	118.113	125.574	330.137	301.468	329.873	564.144	524.409	532.583
00:33:30	42.741	46.801	46.889	115.016	117.403	124.158	327.773	306.34	331.177	564.787	529.526	530.491
00:34:00	42.621	47.185	45.746	115.233	118.136	126.38	329.043	303.81	328.308	565.016	523.038	531.446
00:34:30	40.566	48.067	46.171	111.733	118.079	123.922	331.245	303.817	326.337	565.672	525.188	526.824
00:35:00	41.823	46.366	46.091	112.462	117.171	125.646	334.005	308.33	330.512	572.127	528.805	530.326
00:35:30	42.238	45.526	45.651	110.686	118.872	125.666	335.129	304.38	334.714	569.912	526.337	531.371
00:36:00	40.503	46.843	45.513	114.004	119.375	125.859	328.925	303.678	332.92	564.23	525.396	529.624
00:36:30	40.521	45.928	44.137	113.671	119.843	123.411	328.56	306.121	329.275	565.248	532.541	529.949
00:37:00	41.347	46.848	46.774	113.788	118.664	124.817	333.319	304.471	333.713	570.975	525.603	531.651
00:37:30	40.501	45.854	46.078	113.47	116.276	124.567	331.992	303.405	327.163	559.158	528.591	529.51
00:38:00	41.128	45.005	44.633	112.546	117.95	122.694	331.606	305.89	338.061	563.111	526.601	526.356
00:38:30	39.886	46.461	44.042	114.841	116.302	121.949	335.404	304.309	329.238	566.74	527.057	527.025
00:39:00	42.147	45.963	45.12	110.827	118.468	123.014	334.013	301.408	329.945	561.793	527.149	526.641
00:39:30	39.636	44.672	44.996	113.273	117.371	121.455	328.473	301.304	331.319	563.015	524.485	529.677
00:40:00	39.175	43.687	44.465	113.313	116.844	119.672	331.426	304.707	332.157	564.348	525.149	530.006
00:40:30	39.509	44.272	44.269	112.474	117.529	119.555	331.975	302.366	332.152	565.819	527.312	524.272
00:41:00	39.514	43.889	43.452	110.554	117.535	120.401	333.496	305.378	328.681	565.957	530.876	524.899
00:41:30	39.25	45.303	45.385	111.743	116.049	119.992	333.724	303.526	327.049	561.121	525.304	525.323
00:42:00	39.964	44.466	45.196	114.376	116.614	122.278	329.176	307.316	335.197	561.16	527.048	532.082
00:42:30	40.452	44.16	43.269	113.007	116.65	121.63	333.547	300.951	333.943	565.157	528.849	533.972
00:43:00	39.814	45.053	44.103	113.849	117.833	120.249	328.44	302.905	330.515	570.303	525.052	527.685
00:43:30	38.808	44.581	44.304	111.617	114.954	121.835	333.045	303.88	333.872	570.05	524.796	530.818
00:44:00	38.946	43.891	43.471	111.208	114.404	119.444	330.887	305.394	329.722	565.327	533.754	524.141
00:44:30	38.808	44.069	43.121	112.602	116.449	120.881	331.077	307.865	330.12	558.045	522.91	528.433
00:45:00	39.09	44.907	44.51	111.515	115.418	117.856	333.734	305.968	330.321	572.575	533.56	531.602
00:45:30	39.027	43.487	42.601	110.699	117.821	118.155	329.986	309.168	333.546	565.87	525.155	530.347
00:46:00	38.797	42.846	42.559	112.142	116.647	115.759	332.512	298.052	331.053	564.242	526.273	525.95
00:46:30	38.868	43.596	44.189	114.467	116.813	117.574	335.434	307.165	333.28	570.627	530.915	533.834
00:47:00	39.251	44.184	43.576	111.697	115.05	117.14	331.941	302.704	335.35	569.737	526.697	533.688
00:47:30	38.302	42.624	43.038	109.497	115.634	117.967	329.602	304.647	331.664	565.857	523.448	531.435
00:48:00	38.685	43.84	43.456	111.612	117.111	116.939	332.004	303.921	332.404	564.41	524.622	529.509
00:48:30	37.375	43.704	42.349	113.198	116.392	116.355	326.828	308.47	331.396	558.154	520.578	528.706
00:49:00	38.976	42.75	42.588	114.423	115.188	121.181	332.934	304.506	332.153	564.377	524.468	532.146
00:49:30	37.69	41.587	42.472	112.133	114.847	118.68	330.691	304.695	329.629	564.784	526.775	530.078
00:50:00	37.435	42.164	43.121	111.209	116.164	116.527	331.745	305.394	332.713	561.957	522.498	533.72
00:50:30	36.926	42.514	41.346	111.786	117.499	116.22	329.675	303.013	330.556	566.651	524.195	529.564
00:51:00	37.256	43.158	42.883	110.867	118.685	119.719	330.796	305.611	339.47	564.469	529.111	535.488
00:51:30	38.318	43.619	40.583	111.492	117.848	118.862	330.913	308.244	333.231	566.809	529.33	535.132
00:52:00	37.023	43.806	42.996	110.706	118.372	119.268	330.088	303.728	337.153	560.281	530.291	530.882
00:52:30	36.773	43.001	43.317	109.598	118.656	118.164	325.373	303.009	335.194	566.489	525.727	532.794
00:53:00	37.882	43.593	41.725	112.764	116.808	119.131	333.718	305.773	334.884	568.692	531.736	530.822
00:53:30	37.505	42.043	43.963	110.04	116.157	115.143	327.797	299.597	327.393	566.358	526.364	526.046
00:54:00	37.455	42.705	42.889	112.181	117.958	116.931	332.924	304.519	337.512	566.925	534.233	531.436
00:54:30	38.676	42.713	42.257	112.232	117.309	117.325	335.49	306.103	334.515	568.171	532.055	530.923
00:55:00	37.72	42.645	41.942	111.277	115.958	115.006	334.495	303.463	334.32	563.163	530.543	528.23
00:55:30	37.253	42.911	42.893	111.74	117.367	116.576	332.366	309.164	331.329	569.087	524.084	530.072
00:56:00	36.731	42.421	43.536	113.101	116.704	115.875	330.696	303.852	333.519	561.72	529.661	529.255
00:56:30	37.449	43.34	43.417	111.912	116.916	116.243	327.92	303.548	336.844	565.361	530.574	531.609
00:57:00	37.446	42.255	42.983	111.947	118.871	116.256	332.965	305.14	336.851	571.662	534.79	543.84
00:57:30	36.74	42.558	42.131	113.159	117.602	119.137	337.854	306.346	334.52	568.745	529.603	533.143
00:58:00	36.552	41.135	41.765	114.09	118.107	116.633	331.604	306.172	331.676	561.33	525.126	538.152
00:58:30	36.35	43.03	42.696	112.691	116.468	117.04	336.91	310.531	335.615	564.89	527.259	536.7
00:59:00	36.857	43.958	42.429	113.752	118.832	116.536	330.119	306.516	335.637	567.883	528.213	531.28
00:59:30	36.489	42.458	43.071	113.474	117.533	114.387	327.215	305.154	334.976	562.758	527.101	527.574
01:00:00	36.651	42.649	41.93	111.339	116.324	115.043	333.829	302.959	332.842	563.915	527.874	527.651
01:00:30	37.176	41.82	42.85	112.636	116.883	114.166	332.686	308.006	334.589	569.705	532.195	527.833
01:01:00	38.15	42.639	41.686	114.238	117.324	115.861	332.762	307.362	338.135	568.787	527.3	531.114
01:01:30	36.938	43.723	42.225	112.049	116.993	112.356	334.358	306.999	331.155	563.16	525.932	532.168
01:02:00	37.058	41.005	42.206	112.485	117.813	113.621	332.302	301.399	334.33	561.558	533.62	530.975
01:02:30	35.447	41.777	42.99	110.622	115.997	114.259	332.058	306.193	331.652	564.466	525.321	528.761
01:03:00	35.474	42.18	42.3	112.188	116.807	116.102	332.879	305.811	336.265	567.208	529.205	537.679
01:03:30	37.121	42.196	42.838	112.956	116.195	112.99	332.778	306.732	333.729	562.061	525.397	529.877
01:04:00	36.295	41.474	42.436	112.929	116.591	115.275	335.57	305.473	336.744	566.693	526.826	533.997
01:04:30	37.308	42.772	41.721	114.07	116.97	114.387	332.741	308.305	335.217	557.384	524.795	528.903
01:05:00	38.289	41.802	42.848	111.646	117.823	114.52	331.407	304.563	329.975	560.515	528.663	533.145
01:05:30	35.986	42.896	41.812	112.592	117.65	113.631	330.736	307.309	332.004	561.964	529.138	529.58
01:06:00	37.92	42.779	42.34	112.607	117.367	113.319	337.037	309.053	333.972	566.912	529.633	529.843
01:06:30	37.074	41.929	40.538	110.117	114.739	110.911	332.065	307.209	334.693	559.97	527.986	525.396
01:07:00	36.814	40.932	42.083	112.073	114.984	113.262	335.555	306.246	332.494	565.132	524.995	531.719
01:07:30	37.782	41.642	41.468	114.631	117.016	113.454	335.386	308.457	328.066	565.242	528.363	526.644
01:08:00	35.765	42.069	41.39	112.287	115.53	114.753	327.875	306.524	335.491	564.509	532.018	531.953
01:08:30	36.722	41.518	42.081	113.672	116.945	113.376	330.883	306.995	331.255	563.685	531.538	536.22
01:09:00	36.867	43.495	41.596	111.53	117.317	114.079	333.967	304.895	333.503	563.414	527.624	537.812
01:09:30	35.67	41.231	41.147	114.124	117.227	113.597	337.434	308.038	332.946	565.1	535.421	529.553
01:10:00	37.673	41.529	41.925	114.244	118.761	112.986	337.144	306.316	334.954	563.897	529.748	533.389
01:10:30	37.516	43.028	42.607	111.29	117.1	113.815	331.695	308.363	337.922	560.854	528.785	533.644
01:11:00	35.749	41.328	40.598	114.22	116.598	111.868	329.483	306.701	332.187	565.826	526.726	526.97
01:11:30	36.986	42.985	40.882	112.694	117.031	113.89	333.604	307.069	336.464	564.851	526.777	525.795
01:12:00	36.391	42.063	42.079	112.355	117.954	112.204	331.109	301.783	334.025	564.064	530.234	533.051
01:12:30	38.085	41.205	42.471	113	117.904	110.244	335.865	309.22	331.508	566.374	530.613	527.791
01:13:00	38.361	40.648	42.229	114.034	119.402	111.372	330.346	306.476	338.99	566.257	533.08	532.289
01:13:30	36.6	41.343	42.581	114.078	117.21	112.979	335.146	308.918	332.462	570.423	534.112	530.361
01:14:00	36.975	41.098	41.752	112.731	118.586	112.648	336.616	303.674	333.15	569.238	535.493	541.402
01:14:30	36.101	40.957	41.186	115.209	120.223	113.251	337.545	306.806	336.361	568.844	533.925	533.389
01:15:00	36.462	42.962	41.316	115.976	118.819	113.766	332.167	312.966	336.623	563.336	529.282	527.186
01:15:30	36.276	39.775	41.866	113.912	119.261	112.225	336.306	308.619	336.268	566.159	535.76	530.834
01:16:00	35.903	40.163	42.824	114.825	119.509	111.567	337.122	311.686	336.814	568.277	526.394	534.142
01:16:30	37.784	42.885	41.107	116.035	119.098	111.117	335.263	307.717	337.802	567.113	533.855	535.626
01:17:00	36.555	40.743	41.474	115.097	117.793	112.763	334.656	307.609	337.791	566.083	532.909	538.26
01:17:30	36.988	42.296	41.52	115.119	117.076	111.438	338.523	308.769	339.71	568.052	531.601	539.489
01:18:00	37.513	41.265	41.935	115.121	120.274	111.505	334.86	310.793	338.522	569.312	533.94	535.232
01:18:30	35.797	41.148	40.335	112.192	117.816	111.009	331.014	310.563	335.323	564.428	525.676	534.347
01:19:00	35.428	41.052	41.075	114.29	119.057	109.311	338.793	310.3	335.035	566.922	535.14	537.306
01:19:30	35.458	40.721	41.817	113.294	117.949	111.066	336.246	305.036	333.985	566.184	532.222	532.196
01:20:00	35.533	42.887	42.044	115.561	119.106	113.946	335.865	307.288	337.079	568.668	533.568	532.747
01:20:30	35.903	42.454	40.724	113.382	119.622	112.589	335.845	308.971	333.507	565.221	533.794	539.531
01:21:00	35.647	41.769	42.034	115.84	117.321	111.757	332.846	309.4	338.878	572.288	533.305	533.401
01:21:30	36.078	41.636	40.919	113.061	118.613	111.786	337.836	309.032	334.267	565.602	527.601	534.993
01:22:00	38.18	42.213	42.051	113.869	116.956	111.74	336.302	312.19	341.5	563.631	529.38	538.045
01:22:30	36.742	41.442	42.16	114.063	116.669	111.152	335.919	305.437	338.271	565.019	526.308	538.158
01:23:00	35.871	41.48	40.813	116.167	119.179	109.812	334.535	310.471	338.596	574.023	537.3	536.638
01:23:30	35.941	42.007	42.313	114.639	120.239	109.335	341.173	311.502	335.547	567.987	531.943	533.207
01:24:00	37.358	41.473	41.014	112.265	119.263	107.476	337.434	307.435	336.834	560.761	530.326	533.759
01:24:30	37.084	42.818	41.936	113.704	117.987	109.276	337.002	312.293	339.141	565.472	533.428	538.205
01:25:00	36.21	41.2	41.806	113.563	117.297	110.584	335.52	310.884	340.05	565.517	529.858	534.124
01:25:30	36.903	42.117	42.271	116.67	119.64	110.866	340.307	312.589	339.482	571.145	531.62	536.052
01:26:00	36.055	41.199	40.425	116.92	118.504	108.675	337.573	308.091	343.176	564.321	533.303	538.428
01:26:30	35.926	41.14	41.917	114.457	119.186	108.43	335.579	310.883	338.313	565.018	532.864	535.275
01:27:00	35.716	41.681	40.799	113.777	119.608	107.904	336.278	310.535	334.832	566.601	526.81	528.068
01:27:30	37.285	42.061	41.17	114.752	119.632	110.638	337.932	311.568	338.845	567.357	528.468	536.079
01:28:00	35.622	40.822	41.407	116.04	119.595	107.611	335.925	312.329	337.668	563.61	534.286	534.062
01:28:30	37.598	40.613	40.601	116.263	119.445	106.895	341.892	310.883	341.154	568.747	529.02	539.598
01:29:00	35.788	40.663	42.601	114.977	120.012	111.058	337.629	309.634	337.292	567.654	533.207	535.227
01:29:30	36.323	40.346	40.226	114.02	121.019	106.646	334.069	307.752	340.789	565.282	532.856	537.909
01:30:00	36.498	41.959	40.896	116.055	119.986	107.469	339.049	309.579	335.396	569.552	532.384	530.586
01:30:30	37.163	42.337	42.812	117.689	117.11	109.167	336.681	314.791	340.448	570.188	528.827	542.028
01:31:00	35.585	42.868	41.69	116.73	120.335	108.43	339.119	308.989	336.662	567.368	532.346	538.768
01:31:30	36.385	39.691	39.786	114.159	122.402	107.027	337.983	311.397	337.228	565.668	533.82	533.314
01:32:00	35.744	40.753	40.883	116.463	121.228	110.34	342.932	310.902	342.935	571.742	530.554	530.844
01:32:30	36.644	41.735	40.34	113.45	118.363	106.534	338.287	310.85	336.318	565.123	530.196	534.115
01:33:00	35.464	42.379	41.52	117.555	119.059	109.234	340.137	310.547	341.316	570.744	537.224	533.542
01:33:30	36.234	40.013	40.886	114.516	118.726	110.468	334.088	313.15	336.574	569.644	530.574	532.31
01:34:00	36.909	41.573	41.946	116.969	121.229	109.544	339.651	313.085	338.476	574.099	539.49	534.661
01:34:30	36.79	41.039	40.648	117.078	118.109	109.21	339.42	312.928	342.262	568.182	537.664	541.966
01:35:00	34.399	40.83	41.533	118.107	121.586	108.186	336.553	312.549	342.156	565.917	529.904	532.862
01:35:30	35.429	42.758	40.187	117.72	121.839	108.465	336.344	310.933	339.177	569.253	531.382	534.317
01:36:00	37.692	40.654	40.413	114.77	123.9	108.365	339.719	310.51	340.259	566.981	529.154	532.823
01:36:30	36.478	41.869	41.387	115.441	120.206	110.278	335.205	311.798	340.763	571.589	533.477	542.572
01:37:00	36.297	42.487	41.262	115.384	118.565	106.8	338.12	311.419	337.121	571.678	531.172	534.198
01:37:30	34.148	42.301	41.263	116.851	120.477	109.014	335.829	314.303	341.394	568.565	532.78	537.834
01:38:00	36.082	41.374	42.185	116.02	119.234	107.403	344.538	313.602	342.622	575.856	531.174	536.545
01:38:30	35.825	41.208	41.591	117.574	120.041	106.552	341.323	311.702	339.766	573.156	537.765	536.265
01:39:00	36.578	40.721	41.343	115.453	120.197	106.882	337.841	309.424	340.269	571.616	538.18	532.696
01:39:30	36.2	40.992	40.918	116.355	120.951	108.065	341.892	315.083	338.064	569.27	534.241	538.272
01:40:00	35.033	42.49	40.567	115.886	122.832	108.345	338.789	309.911	342.756	565.647	536.766	531.364
01:40:30	35.587	42.423	39.909	117.229	122.301	106.32	341.734	311.429	338.691	570.27	539.229	542.362
01:41:00	36.098	40.895	41.947	116.555	120.414	107.736	338.498	311.471	340.237	564.16	535.521	533.211
01:41:30	37.422	41.57	41.407	117.355	120.365	106.122	341.298	315.087	347.617	567.109	532.198	544.22
01:42:00	36.037	42.202	42.597	118.144	121.438	108.196	339.526	316.798	341.14	574.332	528.226	534.884
01:42:30	36.358	41.836	40.711	117.185	122.412	107.348	341.722	315.835	343.059	565.627	538.8	539.791
01:43:00	36.529	42.743	40.872	116.446	119.665	106.431	337.904	312.367	339.674	569.615	530.665	531.215
01:43:30	36.476	42.069	42.359	118.648	118.291	105.964	336.994	314.051	338.448	563.662	531.644	539.392
01:44:00	35.551	40.984	41.918	116.767	120.195	106.646	342.836	310.736	343.033	568.637	532.885	539.61
01:44:30	35.793	41.432	41.133	115.606	121.525	107.991	343.819	315.231	345.929	570.363	536.29	535.534
01:45:00	35.224	41.966	41.654	120.092	122.717	103.626	343.122	313.57	338.483	566.382	533.504	531.605
01:45:30	36.289	42.705	42.283	117.288	121.325	107.995	338.822	314.618	341.047	569.889	534.599	538.807
01:46:00	35.996	40.751	40.343	115.812	121.661	105.077	337.772	309.044	336.582	571.726	537.184	538.719
01:46:30	37.537	41.847	40.562	118.71	121.406	106.073	344.104	315.103	342.928	566.75	535.578	535.067
01:47:00	35.987	41.862	42.223	118.117	119.009	107.911	342.348	312.198	340.97	572.425	534.737	534.904
01:47:30	36.528	40.009	41.499	118.217	119.116	104.864	340.595	309.817	336.081	568.462	532.583	536.584
01:48:00	36.426	43.027	41.826	119.699	118.828	106.127	338.297	310.76	340.308	564.724	534.93	543.098
01:48:30	35.799	41.928	41.694	117.572	121.354	105.674	339.542	312.869	342.039	572.034	537.801	534.567
01:49:00	35.839	41.761	42.158	119.163	122.886	104.866	340.914	311.002	341.341	566.947	534.414	538.856
01:49:30	36.286	41.031	41.097	119.862	121.189	104.467	338.608	310.525	340.792	565.985	530.171	535.013
01:50:00	37.161	41.436	40.191	119.219	122.755	104.065	339.577	313.689	343.053	570.121	534.088	537.385
01:50:30	36.015	39.662	42.099	114.625	124.366	107.648	341.614	314.139	338.043	566.368	536.363	538.854
01:51:00	37.709	42.998	41.012	117.717	120.909	105.678	341.259	313.678	343.457	569.236	537.482	537.999
01:51:30	36.042	42.413	40.489	118.895	122.108	106.261	336.784	315.404	343.237	572.946	534.494	540.151
01:52:00	35.861	41.571	42.131	118.868	122.944	106.611	345.214	316.217	345.444	575.233	541.164	543.761
01:52:30	35.68	41.082	41.897	119.096	124.544	106.848	335.446	313.505	340.475	568.915	535.225	537.275
01:53:00	35.635	42.572	40.324	118.643	120.858	107.722	343.94	315.276	345.158	572.72	532.953	543.788
01:53:30	37.272	41.821	40.943	117.71	124.322	107.374	343.069	313.335	341.438	573.508	538.146	539.066
01:54:00	36.385	43.225	43.01	117.349	122.789	106.478	338.703	315.102	344.061	569.996	536.259	536.278
01:54:30	36.165	41.796	40.656	120.784	121.963	104.394	342.686	319.704	341.561	566.975	534.669	534.265
01:55:00	35.404	40.242	40.788	118.051	122.641	107.124	340.005	316.087	339.042	567.555	533.108	536.835
01:55:30	36.558	41.511	41.699	120.078	125.779	106.4	343.732	316.8	344.568	572.189	539.488	541.203
01:56:00	36.745	40.736	41.738	119.278	121.529	107.611	342.648	313.781	337.681	565.548	536.939	534.89
01:56:30	37.742	42.408	42.039	119.569	124.586	105.098	340.057	313.013	345.811	571.134	536.685	536.469
01:57:00	36.103	40.368	41.296	117.985	124.487	106.705	342.116	310.957	340.091	568.906	527.857	538.037
01:57:30	36.935	41.066	42.074	120.147	121.865	106.506	342.059	319.089	343.021	569.702	540.8	539.089
01:58:00	35.959	42.06	41.847	119.857	121.322	104.586	344.998	315.197	341.57	569.345	526.524	531.398
01:58:30	37.605	41.802	41.888	117.143	121.572	105.194	339.553	314.554	344.239	565.574	533.576	536.959
01:59:00	36.32	43.036	40.977	118.856	122.132	107.541	340.38	317.51	342.377	568.431	538.75	542.456
01:59:30	35.876	40.888	41.057	116.846	121.887	105.186	345.191	318.552	341.419	574.462	532.165	539.601
02:00:00	36.871	41.666	40.376	118.341	121.816	103.783	340.292	315.825	344.111	569.059	532.093	535.941