Time	25_1	25_2	25_3	50_1	50_2	50_3	100_1	100_2	100_3	150_1	150_2	150_3
00:00:00	108.357	101.651	105.209	204.164	204.977	213.603	400.155	402.822	404.777	623.547	576.547	607.521
00:00:30	104.025	95.604	98.72	195.61	193.363	204.785	376.968	393.631	391.772	605.294	563.917	598.714
00:01:00	95.375	93.042	93.837	193.49	188.015	197.332	372.806	382.725	382.196	596.509	551.89	584.326
00:01:30	91.784	89.433	93.546	184.643	181.271	188.535	354.257	374.02	370.73	580.399	545.526	573.397
00:02:00	91.825	86.628	89.126	183.962	176.932	188.119	350.548	365.198	363.148	573.071	541.834	565.788
00:02:30	89.294	85.823	84.401	178.341	169.309	180.74	339.587	359.865	351.43	573.649	533.796	559.214
00:03:00	86.587	82.069	84.543	173.067	169.343	175.934	336.255	356.7	350.738	570.633	534.649	557.577
00:03:30	82.272	81.032	84.386	169.642	164.477	171.613	333.726	352.753	345.715	565.253	523.234	551.453
00:04:00	80.59	79.109	80.482	167.489	160.069	172.139	325.222	343.949	346.672	555.456	522.619	547.732
00:04:30	78.85	77.224	77.256	164.548	158.561	165.386	325.491	346.725	338.846	558.96	520.533	548.89
00:05:00	77.413	75.967	77.498	159.507	157.662	165.983	326.01	343.063	340.618	556.517	517.949	547.677
00:05:30	76.684	73.118	77.116	157.32	153.891	162.307	323.062	341.594	334.784	552.465	521.404	540.998
00:06:00	74.632	72.249	74.786	158.577	152.215	159.767	322.227	343.39	334.938	551.913	517.051	540.457
00:06:30	73.03	71.989	73.075	152.817	148.373	160.621	317.773	341.116	333.423	547.765	513.999	536.401
00:07:00	71.189	70.888	73.318	154.14	146.88	159.31	319.736	336.719	332.194	551.904	517.322	543.63
00:07:30	70.907	68.91	71.537	153.411	144.287	156.5	317.177	334.907	331.445	550.845	513.554	526.18
00:08:00	69.372	66.171	68.602	148.244	147.729	154.738	315.557	334.622	328.111	546.616	516.507	539.053
00:08:30	70.377	64.367	69.191	148.312	145.975	151.281	314.108	331.972	328.072	550.268	510.937	540.299
00:09:00	65.912	65.471	66.564	148.465	142.415	148.91	315.005	327.31	317.675	541.046	504.103	531.204
00:09:30	65.402	65.087	65.078	146.843	141.809	146.929	316.565	328.99	325.379	544.794	509.148	530.915
00:10:00	65.084	63.5	64.292	146.113	141.17	147.928	312.537	331.85	327.379	548.567	515.661	531.365
00:10:30	65.09	64.156	63.068	146.129	139.615	147.994	309.511	330.056	324.947	541.393	504.946	532.786
00:11:00	63.989	59.822	61.526	143.723	136.954	145.868	310.867	327.616	324.572	543.045	508.802	531.154
00:11:30	61.806	60.873	62.633	143.1	137.486	144.636	307.614	330.98	325.792	542.658	511.846	534.779
00:12:00	61.445	58.508	60.645	143.844	135.334	143.47	307.785	331.845	327.767	542.943	513.076	532.026
00:12:30	62.548	57.287	59.519	139.292	136.028	140.7	307.25	327.372	322.331	540.986	507.305	526.961
00:13:00	59.14	59.699	61.469	137.471	136.028	143.923	310.543	325.103	323.303	536.828	508.635	534.245
00:13:30	59.382	57.235	59.268	139.447	134.556	138.61	303.914	328.787	320.409	539.635	513.129	530.099
00:14:00	58.966	57.624	57.339	139.335	131.811	141.25	301.836	324.41	321.626	533.127	511.574	529.556
00:14:30	58.117	55.757	57.833	135.156	131.306	141.037	306.698	322.295	319.271	532.54	507.833	529.055
00:15:00	57.752	55.506	55.869	137.887	131.162	141.622	309.355	324.344	318.785	534.31	507.224	529.386
00:15:30	56.098	55.513	56.901	136.664	131.594	136.026	301.141	322.867	321.031	536.281	502.28	526.679
00:16:00	56.082	53.962	56.926	138.006	127.71	137.993	304.914	321.76	318.558	530.216	513.933	529.67
00:16:30	54.815	55.26	55.799	134.883	129.099	136.083	301.851	323.698	319.384	531.323	506.303	527.824
00:17:00	53.734	53.755	54.376	133.605	127.174	133.682	302.086	316.338	321.256	531.016	501.808	527.117
00:17:30	54.129	52.192	54.201	132.101	123.672	136.937	301.303	318.088	318.083	533.264	499.14	520.024
00:18:00	52.014	51.344	54.708	129.169	122.925	138.212	302.682	321.856	319.747	530.779	501.514	519.352
00:18:30	53.976	51.788	54.714	129.94	125.274	135.599	301.202	316.071	316.995	530.19	504.728	525.331
00:19:00	53.496	51.823	53.201	129.255	123.099	133.088	305.181	323.992	318.574	531.697	505.762	528.834
00:19:30	52.612	50.041	52.889	128.32	121.46	134.798	305.627	318.699	317.725	531.008	505.651	525.258
00:20:00	52.894	50.729	49.672	128.113	119.263	132.291	301.253	317.289	313.654	523.904	503.652	515.42
00:20:30	52.271	50.473	50.056	124.76	121.431	130.803	301.483	315.707	313.054	533.263	503.772	520.306
00:21:00	50.219	48.623	52.051	124.992	121.769	127.022	299.917	322.164	317.846	533.232	503.908	522.877
00:21:30	50.802	49.998	52.32	126.496	119.81	127.526	300.911	321.117	318.113	530.215	503.106	523.184
00:22:00	49.263	48.769	49.898	127.068	116.969	130.34	299.233	322.016	314.341	529.245	502.019	521.846
00:22:30	50.132	48.437	50.615	125.434	118.45	125.079	297.866	319.063	315.91	533.003	501.579	524.247
00:23:00	48.977	47.285	48.867	126.302	117.315	124.61	300.577	317.027	312.442	531.51	502.556	523.01
00:23:30	50.171	48.064	49.309	126.154	118.272	126.75	296.547	318.41	318.81	532.855	504.062	519.126
00:24:00	50.188	46.388	49.086	125.353	115.822	123.608	297.142	319.981	321.213	525.478	507.535	517.839
00:24:30	47.777	46.906	48.728	124.388	117.285	122.404	293.291	316.999	316.93	530.508	501.231	522.52
00:25:00	49.675	47.541	47.046	124.932	119.707	126.563	301.304	319.455	314.365	528.734	504.703	523.873
00:25:30	48.561	45.683	46.616	125.433	117.577	123.908	299.328	315.068	311.96	524.257	501.675	517.69
00:26:00	47.235	45.91	48.825	123.388	118.146	125.567	299.01	317.764	311.661	525.084	502.474	521.226
00:26:30	46.587	46.61	47.968	124.565	115.981	124.778	296.898	317.039	312.809	527.614	505.779	519.147
00:27:00	46.147	44.765	46.926	122.921	115.549	123.883	296.083	316.956	314.349	527.816	497.95	516.763
00:27:30	46.054	44.57	47.124	122.412	116.328	121.635	295.626	311.91	315.769	526.598	501.538	516.234
00:28:00	45.997	44.635	46.794	122.63	117.252	120.11	299.336	319.902	313.844	524.349	504.167	515.07
00:28:30	45.215	42.948	47.419	123.904	115.444	120.916	295.187	315.033	313.104	522.452	505.988	518.861
00:29:00	45.408	42.927	46.203	124.316	113.25	118.883	293.212	312.316	312.589	522.619	502.59	514.021
00:29:30	45.085	43.79	45.931	120.539	116.312	120.488	296.224	318.939	316.357	526.467	498.758	509.99
00:30:00	46.215	44.753	45.331	119.319	112.044	121.588	296.976	315.398	312.3	527.085	502.627	516.021
00:30:30	45.821	44.243	45.911	120.076	114.614	121.427	296.93	314.623	318.288	522.709	501.975	514.38
00:31:00	46.011	42.642	44.928	119.284	114.849	120.438	299.251	315.624	313.263	524.271	502.122	521.287
00:31:30	46.117	43.005	44.726	114.94	112.851	117.728	296.767	317.54	312.921	521.676	499.508	515.769
00:32:00	44.828	42.979	45.128	118.243	112.952	116.559	301.994	318.876	314.423	525.879	499.702	513.207
00:32:30	46.09	42.747	45.041	118.88	109.46	118.318	291.404	312.856	308.871	517.454	498.701	513.447
00:33:00	43.185	43.395	44.169	114.877	111.562	116.59	294.747	311.022	313.988	520.184	501.502	519.365
00:33:30	45.684	42.343	44.823	119.113	112.877	114.987	298.704	314.412	309.097	525.453	501.367	514.508
00:34:00	44.325	42.224	43.53	116.696	109.178	114.692	293.816	309.811	314.515	520.107	492.426	512.433
00:34:30	43.689	41.524	43.148	115.77	110.559	114.469	292.167	312.802	310.509	523.852	503.851	511.559
00:35:00	44.175	41.739	43.207	117.027	111.551	116.655	300.035	320.462	313.195	526.607	502.222	513.982
00:35:30	43.277	41.63	42.657	113.54	108.816	117.129	297.036	313.508	317.925	527.398	500.162	516.311
00:36:00	42.961	40.476	43.694	115.052	107.984	115.706	295.989	313.002	312.198	518.081	499.096	512.973
00:36:30	44.055	40.326	43.975	113.866	108.742	113.178	293.379	315.867	307.432	516.932	505.544	512.624
00:37:00	44.136	41.103	44.083	112.403	110.753	112.724	293.913	313.762	311.053	522.315	503.783	517.773
00:37:30	42.923	42.02	43.042	111.04	106.724	114.654	295.05	314.519	308.027	516.17	505.481	517.19
00:38:00	41.662	40.128	40.981	110.152	107.603	113.516	294.111	313.437	308.894	517.738	496.992	507.328
00:38:30	42.018	41.807	43.186	110.638	108.552	114.034	295.735	318.342	314.457	519.87	500.676	515.455
00:39:00	42.21	41.089	44.13	110.869	105.354	114.438	293.838	311.83	310.783	514.591	495.44	505.509
00:39:30	42.705	41.334	42.607	109.64	108.379	114.625	291.128	311.853	311.036	517.459	498.761	513.516
00:40:00	43.271	39.995	41.992	110.245	108.548	115.495	288.717	312.621	312.3	517.257	500.175	510.729
00:40:30	43.016	40.233	42.318	108.206	105.047	115.363	292.207	314.149	307.79	515.012	497.992	517.886
00:41:00	42.236	39.993	42.625	109.876	105.044	115.227	291.253	311.645	309.995	523.131	500.113	515.62
00:41:30	41.838	38.753	40.831	110.656	103.778	113.224	293.761	313.575	307.245	514.32	501.257	511.29
00:42:00	43.455	40.755	42.098	108.299	105.327	114.622	290.721	311.057	307.974	517.242	500.341	509.276
00:42:30	42.688	39.417	43.184	107.857	104.419	109.507	291.968	312.046	306.959	518.731	499.393	510.184
00:43:00	41.151	39.872	43.413	108.51	106.65	114.124	295.55	308.994	313.566	528.149	499.688	513.404
00:43:30	40.981	40.302	41.365	108.463	106.553	112.064	289.579	314.172	310.821	523.253	493.994	517.797
00:44:00	41.097	40.229	42.448	108.612	106.361	112.317	295.069	310.744	311.064	524.724	494.587	510.241
00:44:30	41.366	38.812	42.059	108.448	102.519	111.472	293.757	310.418	309.078	520.465	497.657	507.636
00:45:00	42.397	38.561	41.116	108.205	105.587	110.633	292.914	315.13	310.276	523.025	504.646	506.54
00:45:30	41.844	40.216	41.277	109.547	103.989	110.573	296.57	313.559	316.054	522.109	497.124	508.857
00:46:00	42.602	39.411	40.972	107.309	104.71	111.744	290.403	311.32	311.267	516.139	492.764	507.688
00:46:30	41.06	39.227	41.062	106.761	103.127	111.267	295.853	312.342	315.662	522.634	505.042	513.971
00:47:00	40.346	40.156	41.039	108.071	103.638	112.631	292.489	312.501	303.091	521.16	497.969	513.205
00:47:30	41.476	39.533	40.131	107.028	101.943	109.893	288.276	305.594	306.556	523.987	500.001	510.096
00:48:00	41.094	39.177	39.429	103.385	102.982	112.818	291.879	312.676	307.305	520.341	496.697	512.702
00:48:30	40.64	38.871	41.447	103.718	101.203	110.003	291.174	310.012	305.596	518.841	496.15	508.226
00:49:00	39.791	38.297	39.527	105.407	100.149	113.22	295.974	309.23	308.087	518.402	496.793	515.968
00:49:30	40.293	38.397	41.621	103.762	102.58	110.218	288.551	309.735	308.493	516.016	499.733	509.8
00:50:00	40.714	37.675	41.657	103.464	100.801	111.736	290.636	308.417	309.285	516.782	496.351	510.003
00:50:30	41.866	38.861	40.346	104.163	100.045	111.588	292.734	310.386	312.656	517.583	492.599	511.573
00:51:00	40.409	36.875	41.015	104.293	101.004	107.371	291.964	311.807	311.503	514.031	495.797	516.979
00:51:30	39.56	37.768	38.283	102.96	100.521	110.293	292.604	312.817	308.774	513.709	497.271	514.551
00:52:00	40.371	38.941	40.804	106.198	100.086	111.369	292.416	309.393	310.209	522.26	498.386	508.884
00:52:30	40.396	38.607	39.981	102.524	100.375	108.714	291.546	309.066	312.49	524.916	495.154	509.149
00:53:00	38.712	38.868	40.225	103.924	101.099	109.488	293.307	307.757	308.082	516.955	497.872	515.329
00:53:30	40.573	37.793	40.57	103.331	101.102	109.717	289.557	309.864	308.653	516.126	492.852	505.076
00:54:00	39.104	37.806	40.404	101.965	100.671	109.101	294.011	313.939	309.303	521.348	494.472	514.791
00:54:30	40.563	38.366	40.168	103.703	102.171	110.877	291.185	308.079	311.099	520.435	502.151	511.114
00:55:00	39.492	37.924	40.63	105.277	100.663	108.02	289.469	313.361	308.21	518.443	497.283	506.47
00:55:30	39.279	35.913	39.643	100.592	100.35	106.574	292.847	311.068	311.508	523.085	498.146	508.509
00:56:00	39.438	38.558	38.639	105.226	98.97	108.389	290.853	309.04	309.443	517.945	495.13	503.578
00:56:30	39.252	36.567	40.334	105.251	99.877	106.163	289.558	309.289	308.971	516.262	493.154	511.884
00:57:00	39.475	36.409	38.653	104.312	98.251	107.877	291.344	313.476	310.433	523.539	500.595	513.735
00:57:30	39.385	36.496	39.353	104.159	98.916	105.369	294.36	313.766	310.316	521.35	502.615	511.208
00:58:00	40.957	35.989	38.815	102.788	98.895	104.802	291.548	308.446	309.93	516.754	495.186	513.771
00:58:30	40.982	35.453	39.459	104.924	101.87	104.656	288.055	313.016	307.552	521.843	494.021	504.18
00:59:00	38.71	36.532	40.264	104.216	97.464	104.854	287.627	308.557	314.786	525.761	495.526	508.103
00:59:30	40.34	36.5	39.813	103.26	100.313	106.374	289.847	314.537	308.212	515.552	495.893	510.848
01:00:00	40.209	35.718	40.875	103.346	98.32	105.939	289.354	310.665	307.032	516.174	493.664	512.093
01:00:30	39.882	34.975	38.904	103.146	98.931	105.229	295.932	311.609	306.178	517.98	495.643	510.859
01:01:00	38.146	37.744	41.001	103.356	98.891	105.121	290.588	314.599	305.308	524.503	499.519	514.949
01:01:30	39.006	35.574	38.824	100.945	96.189	104.624	293.469	311.015	306.55	519.312	493.664	508.562
01:02:00	39.105	34.471	39.278	102.981	97.72	102.94	288.319	309.314	311.056	520.696	493.212	506.238
01:02:30	39.049	35.747	39.18	99.991	96.52	105.408	290.252	308.181	309.815	516.029	496.041	510.154
01:03:00	37.252	35.126	38.36	101.335	97.389	105.812	289.969	309.906	309.45	522.338	493.455	510.483
01:03:30	38.573	36.046	38.413	101.281	98.332	103.749	287.806	310.412	308.256	512.228	496.367	506.604
01:04:00	38.917	36.631	39.192	98.269	97.954	107.534	291.222	312.087	307.898	521.149	499.36	509.195
01:04:30	37.991	36.433	39.41	101.466	97.718	102.026	293.393	311.396	307.678	521.597	498.335	508.395
01:05:00	38.279	34.553	38.41	100.162	97.544	107.122	289.689	310.073	306.104	511.44	497.895	506.129
01:05:30	39.685	35.937	39.275	98.671	97.122	103.297	294.672	309.88	310.842	513.663	497.021	508.531
01:06:00	39.21	36.231	39.357	99.049	96.239	103.988	293.83	308.361	310.203	521.346	494.548	510.959
01:06:30	39.435	36.266	38.156	100.529	96.215	102.232	290.891	307.865	304.448	510.357	490.247	510.964
01:07:00	39.81	37.097	38.255	100.154	98.776	104.389	294.885	307.732	307.595	510.628	493.913	504.556
01:07:30	38.81	34.597	38.611	100.672	97.68	103	289.493	311.4	309.273	521.465	496.605	505.286
01:08:00	37.949	34.628	38.121	101.825	96.612	103.478	289.784	311.014	310.207	515.674	491.745	508.598
01:08:30	38.461	34.162	38.872	101.648	96.657	101.289	289.942	309.452	308.919	514.42	498.706	508.469
01:09:00	38.018	34.502	38.896	99.155	97.252	100.589	293.884	306.833	309.173	516.698	492.198	503.941
01:09:30	39.145	33.679	37.73	100.897	97.508	102.767	295.877	312.301	307.253	519.912	498.229	510.957
01:10:00	39.318	35.437	39.278	98.509	96.686	104.15	290.998	307.911	308.765	516.49	493.669	507.555
01:10:30	39.028	33.891	38.044	98.498	97.676	104.004	291.893	307.575	309.456	514.86	497.122	513.189
01:11:00	37.917	35.111	40.614	99.37	96.379	102.505	289.733	307.105	305.773	519.066	494.241	506.686
01:11:30	38.399	34.178	39.942	100.013	94.081	101.483	289.271	306.124	304.914	520.054	493.536	505.092
01:12:00	38.073	36.139	38.204	99.772	95.488	102.929	292.301	309.366	307.61	511.935	495.691	510
01:12:30	38	34.854	39.473	96.949	94.04	104.592	289.252	307.686	308.981	516.112	495.626	500.253
01:13:00	38.957	35.064	38.951	97.93	95.166	101.869	287.724	303.689	305.145	517.897	494.061	506.01
01:13:30	38.045	35.357	38.402	99.144	96.475	102.579	289.326	307.79	306.759	520.171	495.758	503.57
01:14:00	38.488	34.359	38.527	97.404	95.068	102.696	289.839	309.133	307.543	518.155	497.827	509.146
01:14:30	38.218	35.115	37.97	101.651	95.587	104.2	292.696	311.143	306.748	516.158	490.269	507.171
01:15:00	37.846	35.86	39.141	99.896	94.793	104.832	288.366	311.163	307.499	520.257	493.406	503.705
01:15:30	38.471	34.33	37.965	97.296	96.295	104.518	288.87	309.361	307.39	512.327	496.73	506.443
01:16:00	38.912	36.24	38.48	97.464	97.682	106.346	290.297	308.416	311.827	522.774	498.613	511.804
01:16:30	38.081	35.613	39.592	97.889	94.238	106.576	290.475	314.039	320.018	519.611	490.433	507.962
01:17:00	38.517	34.245	38.004	97.386	96.326	103.328	293.934	314.143	303.335	520.961	496.547	511.377
01:17:30	38.679	34.079	37.823	98.505	94.511	107.084	293.982	311.166	307.879	520.88	497.716	508.543
01:18:00	38.815	34.622	37.405	96.704	96.332	102.513	292.185	312.353	310.627	516.276	494.358	506.286
01:18:30	36.212	33.932	38.114	95.931	94.02	105.395	286.161	308.015	311.078	506.437	492.585	505.26
01:19:00	38.145	34.976	37.759	97.197	94.565	102.673	290.842	310.719	307.348	517.409	494.872	504.354
01:19:30	39.605	35.464	37.515	95.346	94.028	101.953	291.403	309.227	306.109	518.053	492.966	510.461
01:20:00	37.219	35.693	37.98	93.493	93.376	103.24	291.245	311.333	306.959	516.169	497.545	503.486
01:20:30	39.234	35.39	38.659	96.197	93.956	103.317	294.463	312.521	307.354	515.964	499.09	506.385
01:21:00	37.985	34.464	39.252	97.324	92.481	102.036	288.771	307.029	309.343	514.654	490.393	504.792
01:21:30	38.758	34.909	38.944	98.451	95.046	101.672	289.864	310.745	308.513	509.977	497.123	508.175
01:22:00	39.309	35.15	39.383	97.417	93.486	100.177	289.04	306.552	305.483	520.92	492.813	507.944
01:22:30	39.331	34.08	39.108	96.227	96.293	100.434	291.282	308.91	303.201	516.5	495.268	510.731
01:23:00	36.665	32.955	38.314	97.355	94.402	101.022	291.146	309.617	311.436	516.985	496.334	508.685
01:23:30	39.13	33.96	38.864	98.776	92.943	100.864	291.188	306.203	308.167	513.708	496.723	506.678
01:24:00	37.866	35.018	38.508	97.701	95.234	100.667	287.485	308.703	309.798	515.579	493.053	503.092
01:24:30	38.217	34.474	38.693	96.797	94.829	99.392	295.029	310.21	305.808	514.819	497.652	506.929
01:25:00	37.765	34.891	38.559	96.945	94.058	104.26	290.751	308.78	310.083	520.139	499.811	507.901
01:25:30	37.739	34.64	38.384	99.172	92.101	101.557	289.804	311.832	304.246	515.151	491.24	507.34
01:26:00	37.374	33.798	37.937	97.224	94.021	98.565	291.214	311.389	312.681	519.329	497.154	507.019
01:26:30	37.959	35.137	38.088	96.702	92.773	101.964	291.648	309.537	305.969	516.414	499.293	505.03
01:27:00	38.381	35.544	39.022	94.779	94.506	103.389	291.33	305.548	304.794	518.428	493.461	502.132
01:27:30	37.417	34.136	38.446	93.844	92.526	101.48	295.138	309.741	307.626	519.294	494.304	506.411
01:28:00	38.05	33.939	37.253	95.406	91.873	99.919	293.036	309.719	307.275	513.801	493.079	503.639
01:28:30	37.998	34.624	38.007	96.714	93.674	100.803	292.87	307.127	308.128	518.442	497.022	503.94
01:29:00	37.251	33.843	39.175	96.312	93.168	99.997	291.427	310.035	304.536	513.326	497.15	503.778
01:29:30	37.915	35.482	38.425	94.314	91.645	99.357	291.426	309.504	308.517	515.394	491.664	499.603
01:30:00	38.657	35.078	36.26	97.348	93.164	100.176	288.354	307.263	308.828	516.354	492.147	503.967
01:30:30	36.63	34.274	38.034	96.298	94.935	99.974	290.957	309.704	311.268	516.736	496.482	503.033
01:31:00	36.609	34.246	37.062	96.535	95.704	100.563	286.542	309.429	306.568	515.391	495.327	508.323
01:31:30	38.34	34.244	37.531	98.283	92.883	99.013	289.684	307.254	307.968	515.424	492.991	502.142
01:32:00	38.764	34.506	38.094	98.045	92.006	99.161	289.909	309.281	309.27	520.101	493.108	505.67
01:32:30	39.629	34.073	37.796	93.412	93.368	97.737	289.702	308.524	306.435	512.984	493.568	503.58
01:33:00	37.792	35.295	37.75	95.449	92.235	100.85	291.489	312.652	308.193	516.765	497.963	503.381
01:33:30	37.03	34.573	37.741	96.244	91.201	99.855	286.84	306.609	308.569	513.992	493.501	504.424
01:34:00	39.787	34.618	37.637	96.768	92.985	98.594	290.78	308.028	305.345	510.159	494.163	502.275
01:34:30	39.876	34.804	36.653	95.688	93.329	98.435	295.387	309.221	306.799	514.674	498.516	510.15
01:35:00	38.761	35.566	37.652	94.864	93.055	97.16	288.837	309.846	309.01	514.926	490.233	501.777
01:35:30	37.516	33.482	37.598	98.187	91.94	100.374	286.177	307.576	304.846	518.795	492.781	502.001
01:36:00	36.508	34.14	37.59	97.333	90.779	99.248	289.821	306.606	306.097	514.547	490.393	500.187
01:36:30	37.99	34.553	37.961	97.171	92.429	99.4	289.746	305.582	311.064	519.886	494.062	501.052
01:37:00	37.301	34.262	38.483	96.061	92.063	96.234	289.924	306.874	306.138	510.429	494.312	506.734
01:37:30	37.733	34.462	38.287	97.61	93.033	95.614	291.319	310.372	304.936	510.398	493.457	497.044
01:38:00	37.771	34.364	37.729	96.257	92.278	98.061	292.295	310.091	309.499	516.502	495.052	502.457
01:38:30	38.184	34.574	38.727	93.629	93.278	98.228	290.177	313.594	306.135	516.228	493.492	506.661
01:39:00	37.723	33.702	38.666	96.676	92.588	100.799	289.101	312.293	307.113	512.33	492.109	505.582
01:39:30	37.473	34.036	38.462	98.062	92.829	98.422	290.112	315.069	307.49	519.308	492.997	507.63
01:40:00	38.439	32.902	38.956	96.16	91.088	97.461	290.012	307.773	307.284	513.125	491.558	510.99
01:40:30	37.588	34.913	38.298	97.238	92.585	99.19	289.633	308.227	306.368	516.912	496.536	501.453
01:41:00	37.488	33.51	38.474	94.591	90.903	98.23	288.772	310.306	304.768	511.489	493.758	501.769
01:41:30	37.225	33.46	37.535	96.435	93.377	100.373	291.784	308.968	305.398	509.53	499.954	503.095
01:42:00	38.014	33.309	37.023	94.999	93.642	99.984	290.514	303.517	307.111	512.083	489.207	507.728
01:42:30	37.494	33.946	38.056	97.007	90.884	98.023	284.43	309.221	311.111	513.375	494.16	500.513
01:43:00	38.33	34.189	38.159	97.034	90.437	100.806	287.563	307.079	308.334	512.993	490.232	501.877
01:43:30	38.028	33.688	36.656	95.031	93.929	97.966	289.684	305.66	307.291	507.598	490.6	504.992
01:44:00	37.186	33.993	38.126	95.808	92.023	99.638	288.035	308.686	305.171	512.996	492.365	502.925
01:44:30	38.284	33.173	36.827	95.734	93.461	98.4	291.283	305.801	305.027	514.652	490.842	505.263
01:45:00	38.728	32.388	38.291	96.524	92.822	98.946	288.22	311.716	307.803	514.484	493.844	501.746
01:45:30	37.293	34.414	38.51	97.823	91.649	97.674	288.83	311.455	307.59	513.63	498.296	505.32
01:46:00	36.52	33.873	37.772	95.079	92.549	97.749	289.131	307.118	305.571	512.105	497.616	507.796
01:46:30	37.321	34.062	38.126	94.318	90.224	98.447	294.172	309.816	307.726	515.672	491.99	505.437
01:47:00	36.957	33.355	38.155	95.384	93.176	95.983	286.345	303.848	305.418	509.716	488.106	505.038
01:47:30	36.669	33.77	37.512	93.065	92.699	94.998	285.252	303.468	307.516	516.187	490.305	501.011
01:48:00	38.075	34.571	38.038	94.986	94.997	97.414	286.981	306.217	309.414	510.922	496.478	500.029
01:48:30	36.69	33.753	36.31	96.583	93.251	96.177	285.515	306.859	308.597	512.488	488.569	500.115
01:49:00	38.855	33.534	36.967	96.201	92.349	97.583	289.231	307.178	308.399	513.224	490.407	502.116
01:49:30	37.546	33.607	36.966	96.279	92.682	99.727	286.836	306.008	302.692	508.848	493.894	499.278
01:50:00	38.097	33.397	36.875	95.342	92.785	98.071	293.28	313.888	304.105	515.289	494.505	502.256
01:50:30	37.229	34.392	36.831	96.338	94.203	99.407	286.967	307.026	304.654	506.182	493.805	503.023
01:51:00	37.207	33.478	38.22	97.073	91.758	97.963	285.455	302.108	307.211	515.323	488.181	501.171
01:51:30	38.673	34.981	37.38	94.828	91.58	98.616	286.967	307.329	305.261	509.931	488.107	496.478
01:52:00	38.261	35.503	37.68	97.671	93.016	100.231	289.352	309.145	308.501	518.141	490.932	503.378
01:52:30	38.988	33.792	39.042	93.459	92.473	96.398	290.665	308.064	307.434	509.048	487.861	503.972
01:53:00	38.815	34.296	37.591	93.456	92.954	99.884	290.912	307.793	308.926	519.483	495.262	505.02
01:53:30	37.129	33.897	39.105	95.068	92.684	100.034	291.054	307.535	310.06	508.072	486.639	501.658
01:54:00	37.844	34.638	38.013	96.017	92.332	98.225	291.53	309.904	310.283	513.277	493.885	495.427
01:54:30	36.546	34.723	38.475	91.369	92.282	98.163	289.652	310.129	307.677	516.22	484.046	501.234
01:55:00	38.857	34.284	37.895	94.165	93.431	99.524	290.933	310.516	304.879	514.165	492.832	500.122
01:55:30	37.466	34.064	38.562	94.637	93.716	98.324	289.306	310.69	307.504	513.429	503.32	502.158
01:56:00	37.881	34.308	37.89	94.919	90.626	99.828	290.587	307.687	306.725	511.519	490.799	501.08
01:56:30	38.882	34.159	37.728	93.017	92.259	99.319	286.655	305.628	305.171	514.732	493.221	497.421
01:57:00	37.784	33.509	37.585	94.127	93.144	99.886	284.162	304.997	308.897	508.312	487.816	497.31
01:57:30	37.606	34.572	37.548	94.574	91.086	100.18	292.362	306.984	305.867	510.579	494.436	504.903
01:58:00	38.397	33.293	37.572	94.81	92.109	98.85	289.134	304.586	306.481	507.082	489.45	499.774
01:58:30	36.252	33.533	38.076	93.31	91.12	100.027	288.539	306.563	308.274	507.813	489.827	505.671
01:59:00	37.753	34.302	37.366	92.217	91.263	100.727	286.978	309.268	304.276	510.603	497.141	501.002
01:59:30	37.877	34.49	39.216	95.35	93.246	99.018	290.002	306.492	304.466	510.452	490.442	496.745
02:00:00	38.458	35.71	37.289	95.834	91.842	99.918	289.971	306.816	307.246	510.305	494.771	492.68