Time	25_1	25_2	25_3	50_1	50_2	50_3	100_1	100_2	100_3	150_1	150_2	150_3
00:00:00	87.067	81.032	88.432	173.316	170.278	171.298	315.135	323.352	337.046	488.781	488.435	459.368
00:00:30	89.747	80.155	82.08	170.619	168.163	164.121	314.584	311.548	323.78	482.291	488.185	448.114
00:01:00	83	77.163	80.767	162.858	160.967	161.052	302.086	301.782	311.344	475.342	478.674	445.851
00:01:30	76.639	74.162	77.771	159.651	157.638	155.923	287.931	289.661	297.644	459.059	471.324	432.933
00:02:00	74.056	73.737	75.541	159.737	152.903	154.454	283.021	282.722	290.621	457.093	457.585	430.461
00:02:30	74.239	70.641	71.357	151.941	145.569	152.197	273.158	277.87	284.261	450.135	457.405	427.629
00:03:00	70.685	68.192	72.141	149.991	143.488	145.706	270.848	276.447	283.133	448.6	449.335	424.377
00:03:30	70.126	66.093	69.968	145.528	140.224	139.139	264.171	268.818	277.656	445.786	448.81	423.159
00:04:00	70.03	65.424	68.887	142.141	135.324	136.24	260.415	266.51	270.923	441.381	448.229	417.073
00:04:30	66.457	64.387	66.043	141.62	135.672	136.079	257.928	260.082	268.034	439.107	444.557	413.979
00:05:00	65.355	63.032	62.694	140.015	132.812	131.584	258.074	264.103	264.04	435.927	442.822	411.348
00:05:30	62.513	60.819	62.457	138.175	129.652	128.338	252.727	259.707	267.64	436.018	444.395	411.597
00:06:00	61.971	60.757	61.281	135.421	129.178	128.415	253.818	256.898	262.172	437.189	442.291	413.322
00:06:30	60.428	58.105	59.48	131.307	126.121	124.754	252.676	253.558	262.675	432.656	437.076	406.315
00:07:00	58.377	59.193	57.606	131.997	125.652	123.73	250.887	249.434	258.143	433.247	443.181	413.98
00:07:30	58.815	57.758	57.333	128.592	122.072	123.617	245.846	254.165	254.939	429.88	437.7	406.273
00:08:00	56.318	56.254	57.168	126.623	124.26	122.546	249.877	249.43	257.542	432.986	438.73	408.51
00:08:30	55.501	55.537	55.959	120.773	121.964	119.859	245.276	247.283	251.661	429.059	433.705	407.987
00:09:00	53.998	54.622	56.542	123.349	118.48	120.762	244.319	249.503	251.273	430.668	431.535	407.711
00:09:30	54.086	52.966	53.901	118.515	119.751	116.567	245.059	242.505	250.875	425.113	433.449	402.902
00:10:00	53.062	51.47	53.657	117.208	117.436	114.828	245.683	246.08	250.959	424.411	427.229	404.668
00:10:30	51.524	50.983	51.639	116.957	117.617	114.116	241.845	240.769	249.86	423.477	433.856	402.158
00:11:00	51.302	50.252	52.159	112.057	116.878	114.666	244.486	244.405	246.958	425.687	430.979	405.987
00:11:30	50.506	50.337	50.332	111.667	115.275	112.831	236.988	244.797	246.444	427.155	431.49	405.604
00:12:00	49.488	49.008	50.781	113.278	112.103	114.57	238.996	242.983	247.259	421.53	430.789	402.171
00:12:30	49.733	47.924	50.238	109.946	111.23	112.443	241.979	243.883	242.901	423.781	426.567	400.801
00:13:00	48.643	47.835	48.874	109.783	112.554	113.091	240.66	244.146	248.3	421.921	423.399	402.602
00:13:30	48.674	47.276	47.202	108.251	111.32	108.747	237.116	237.533	245.761	422.742	428.504	394.606
00:14:00	47.07	46.478	47.888	109.128	108.965	108.802	238.656	238.294	244.9	420.476	430.592	397.311
00:14:30	47.319	44.829	48.033	107.941	108.371	109.355	238.914	238.095	243.989	422.324	431.608	399.019
00:15:00	46.422	45.641	47.476	104.791	105.632	107.429	232.778	237.74	243.032	420.843	427.71	403.164
00:15:30	46.295	44.149	45.342	105.946	104.435	107.094	234.175	240.285	245.967	423.212	430.886	403.501
00:16:00	45.056	43.301	45.592	107.091	103.331	106.012	235.939	237.008	240.963	418.177	429.167	393.767
00:16:30	43.158	41.664	45.234	106.413	104.539	103.345	234.602	238.069	239.048	420.921	425.211	396.928
00:17:00	44.64	41.556	43.78	102.666	101.517	102.436	232.799	234.395	240.622	423.034	429.181	397.651
00:17:30	43.239	42.413	41.67	103.972	104.462	101.573	233.653	233.58	239.277	418.968	429.327	391.088
00:18:00	42.509	41.121	42.027	104.729	99.999	101.653	232.47	236.869	240.79	421.08	420.464	397.552
00:18:30	41.319	42.196	42.226	103.411	101.53	100.174	231.545	235.139	239.554	424.911	419.572	397.012
00:19:00	43.265	40.743	42.611	103.424	101.952	100.275	234.437	237.032	243.39	419.871	428.379	398.625
00:19:30	42.267	41.175	42.906	100.849	97.392	99.969	230.467	233.135	237.814	421.681	422.122	395.626
00:20:00	40.756	39.799	42.735	101.11	97.416	98.329	233.44	236.763	240.153	422.601	421.844	395.046
00:20:30	41.575	40.181	41.593	101.972	96.381	98.086	228.28	235.027	241.493	416.772	419.611	391.79
00:21:00	40.775	40.581	41.847	98.254	94.54	97.94	231.289	233.988	236.445	422.397	418.843	393.525
00:21:30	39.488	39.217	40.246	100.002	94.237	94.742	229.761	232.96	237.361	418.712	426.754	398.979
00:22:00	40.086	38.791	39.686	100.494	94.318	96.765	230.872	234.017	234.808	419.412	425.08	395.368
00:22:30	37.461	37.975	38.586	98.748	93.59	96.778	226.993	233.477	237.93	420.774	413.824	390.459
00:23:00	38.999	37.765	39.457	99.179	93.156	98.678	230.612	234.228	242.652	420.567	427.7	398.259
00:23:30	37.391	38.259	37.798	94.971	90.275	96.137	228.336	234.725	234.209	415.023	417.47	392.884
00:24:00	37.401	36.514	38.663	96.222	93.095	95.418	232.968	233.237	237.483	416.987	421.229	396.23
00:24:30	38.145	37.112	38.341	96.115	90.66	92.863	227.832	231.071	235.418	419.688	423.127	387.305
00:25:00	37.213	37.53	37.088	95.159	91.586	94.282	227.629	229.358	235.449	414.116	422.06	390.268
00:25:30	37.63	35.793	36.716	92.018	90.742	93.395	230.347	232.099	233.051	418.221	421.3	398.042
00:26:00	36.821	37.546	37.119	95.792	91.66	94.461	227.559	232.299	235.661	417.116	420.322	394.784
00:26:30	37.101	36.608	36.176	93.396	90.545	92.748	225.724	228.843	238.968	417.651	417.477	388.802
00:27:00	36.542	35.489	36.883	94.251	91.257	92.408	228.923	229.729	235.371	419.228	422.51	393.342
00:27:30	35.772	36.013	37.778	93.495	91.338	91.18	228.547	230.845	232.005	412.428	417.749	388.505
00:28:00	36.183	36.278	36.87	92.246	90.574	91.78	227.521	233.081	233.405	412.156	421.053	392.541
00:28:30	35.39	34.558	36.358	91.124	91.741	89.353	225.269	232.414	235.789	413.67	420.639	387.34
00:29:00	35.418	35.211	35.092	92.674	90.014	92.517	225.432	230.072	233.109	415.206	424.432	392.42
00:29:30	36.232	35.368	35.667	91.028	88.176	89.354	224.07	230.138	237.746	412.895	418.159	391.829
00:30:00	35.524	33.456	35.671	89.569	90.797	89.761	225.918	229.379	235.492	412.092	419.424	394.123
00:30:30	35.55	34.253	35.921	89.137	87.191	89.881	226.055	228.806	235.219	409.284	424.972	393.138
00:31:00	34.764	33.065	34.359	89.88	88.066	88.653	226.231	229.699	235.468	416.817	417.105	391.919
00:31:30	34.976	34.598	35.401	89.438	90.57	89.914	227.158	231.833	236.116	418.073	423.65	393.224
00:32:00	34.933	33.438	33.877	87.506	84.845	87.867	226.994	232.849	233.536	413.305	416.865	387.58
00:32:30	34.166	33.393	35.509	90.65	88.087	87.733	228.079	230.003	236.436	415.241	416.662	390.261
00:33:00	34.152	33.704	34.619	89.274	88.417	88.46	228.057	230.057	234.055	416.914	421.148	395.376
00:33:30	33.484	31.471	34.464	90.485	89.541	89.226	223.602	230.451	237.612	412.019	426.987	393.126
00:34:00	34.208	35.934	34.727	86.08	88.441	89.129	224.502	226.44	234.481	410.256	420.204	389.626
00:34:30	35.631	31.893	34.211	87.339	86.268	87.7	223.891	228.728	231.782	416.215	419.385	385.676
00:35:00	33.26	33.944	34.355	89.015	86.941	87.082	224.248	228.742	231.038	417.922	415.184	387.924
00:35:30	34.42	33.218	34.449	87.566	86.275	85.492	220.24	225.706	231.548	412.417	419.235	391.117
00:36:00	32.295	33.757	33.578	86.757	86.882	86.447	224.817	230.305	230.482	416.388	417.049	389.447
00:36:30	33.56	32.454	33.259	86.146	85.083	86.059	221.338	227.587	229.821	415.574	406.359	389.063
00:37:00	33.529	32.439	33.102	85.462	84.987	86.976	224.467	228.912	231.997	412.894	420.815	391.261
00:37:30	34.066	32.64	32.787	87.904	85.849	86.155	227.455	230.939	235.214	412.198	419.959	396.776
00:38:00	33.457	32.627	33.65	85.63	84.887	86.548	227.127	229.758	232.666	412.203	422.582	393.898
00:38:30	32.907	31.124	33.621	85.049	84.726	86.612	226.701	224.633	231.129	415.767	425.224	391.336
00:39:00	31.826	32.877	31.877	82.343	82.835	83.849	222.899	226.744	235.594	411.596	411.745	387.308
00:39:30	32.192	32.412	32.891	83.776	83.156	83.008	222.386	225.202	230.997	410.574	419.544	386.952
00:40:00	32.96	30.856	31.933	82.991	84.864	82.598	226.894	227.209	231.935	409.758	418.883	392.67
00:40:30	32.446	31.884	32.883	83.212	85.307	83.359	222.304	226.707	233.008	413.05	416.001	391.299
00:41:00	31.956	30.863	33.012	84.1	84.599	82.728	227.867	228.589	235.635	413.05	414.494	390.849
00:41:30	32.529	32.09	32.919	83.595	81.854	84.756	220.418	226.803	230.055	417.864	418.111	389.789
00:42:00	32.657	31.576	32.219	80.833	82.121	82.343	223.291	226.531	231.844	410.479	420.348	390.308
00:42:30	32.32	31.242	32.228	82.413	85.197	83.129	225.646	223.86	231.019	410.875	412.924	386.137
00:43:00	31.509	30.285	31.834	81.781	83.022	83.638	223.571	225.875	232.967	414.008	416.111	386.517
00:43:30	32.165	31.732	31.239	81.401	82.051	80.461	225.597	225.9	230.258	416.612	419.828	391.622
00:44:00	32.667	30.888	31.423	82.397	80.591	81.458	224.694	225.853	231.233	411.166	414.25	387.634
00:44:30	31.85	30.282	30.922	82.06	82.695	81.9	223.066	226.838	228.482	412.957	416.6	389.338
00:45:00	31.822	30.792	30.895	83.083	82.135	81.826	227.178	226.212	228.495	410.816	414.433	389.238
00:45:30	32.077	30.887	31.447	80.8	82.236	80.776	223.433	226.565	232.125	411.544	411.326	386.819
00:46:00	32.234	30.905	32.605	80.031	83.685	81.674	221.557	227.418	234.852	413.889	417.891	387.326
00:46:30	30.946	31.063	32.565	80.163	83.038	81.435	222.452	227.464	229.716	412.369	419.233	385.541
00:47:00	32.294	30.346	30.042	79.402	82.308	82.554	222.944	223.894	232.235	412.507	414.424	387.36
00:47:30	30.184	30.391	31.204	81.766	82.781	83.345	222.212	226.185	230.293	412.621	409.863	392.317
00:48:00	30.925	29.776	31.271	81.116	81.191	81.521	222.021	227.326	227.722	411.891	413.496	389.862
00:48:30	30.736	30.059	31.218	78.987	81.13	83.027	223.423	228.793	231.914	413.782	417.197	385.464
00:49:00	31.231	30.522	30.894	78.084	80.759	80.191	221.795	225.001	231.616	409.993	413.542	388.411
00:49:30	30.316	31.025	30.958	78.877	80.835	80.958	225.369	230.275	235.098	412.386	414.464	387.468
00:50:00	29.771	29.405	30.907	78.546	81.029	80.833	224.066	226.425	231.154	407.007	414.874	389.608
00:50:30	29.933	31.474	31.061	77.511	79.45	82.566	223.617	225.317	230.368	409.48	421.96	386.44
00:51:00	30.369	29.73	30.871	78.083	81.403	80.677	220.834	225.563	228.489	412.819	410.758	385.449
00:51:30	31.066	29.246	29.636	79.936	80.939	79.41	225.908	225.898	232.326	410.163	414.811	397.691
00:52:00	30.169	29.939	30.56	77.258	79.874	81.318	223.352	225.59	229.854	410.123	416.563	389.758
00:52:30	30.792	31.893	31.333	77.601	81.377	79.387	222.637	224.234	228.574	406.79	412.609	386.233
00:53:00	31.949	30.139	30.917	78.418	79.619	80.696	220.662	228.692	230.153	411.876	416.36	386.902
00:53:30	30.658	30.493	29.479	77.19	78.406	80.091	224.478	227.444	229.715	411.066	418.479	385.248
00:54:00	30.913	29.202	31.07	77.424	77.689	80.834	222.976	226.521	229.47	417.256	420.307	388.12
00:54:30	29.798	28.857	31.097	79.715	80.293	79.14	221.835	222.825	228.301	408.187	417.996	388.681
00:55:00	30.388	29.129	29.497	76.042	79.004	79.656	224.183	226.672	228.075	409.305	415.008	386.421
00:55:30	29.523	30.067	31.731	77.99	80.234	78.904	222.608	220.948	233.229	413.472	412.846	383.567
00:56:00	30.062	29.21	30.978	75.244	77.659	80.919	219.397	222.177	228.605	403.787	410.601	384.111
00:56:30	30.384	29.464	30.712	76.976	79.639	79.726	222.437	222.363	231.858	408.73	415.924	384.055
00:57:00	29.166	30.715	30.014	74.51	77.558	79.915	219.366	230.294	229.216	408.616	418.499	388.56
00:57:30	29.988	28.88	30.765	76.249	78.702	77.188	217.713	223.961	228.56	409.281	414.393	384.944
00:58:00	29.522	30.095	31.787	76.688	77.543	77.016	223.128	225.304	229.528	409.113	411.355	384.392
00:58:30	29.911	28.87	29.729	76.067	78.4	79.893	221.124	223.379	228.043	410.127	410.245	383.78
00:59:00	28.785	29.47	29.323	77.363	79.78	79.955	218.267	226.278	230.916	409.441	410.684	384.764
00:59:30	29.837	28.833	29.726	76.407	79.922	80.07	220.882	222.283	228.791	406.338	412.69	384.891
01:00:00	30.887	29.189	29.258	79.799	80.252	78.33	219.767	221.59	230.469	406.514	411.887	383.144
01:00:30	28.46	29.608	30.179	74.077	80.562	78.982	219.966	223.565	230.624	410.989	409.095	386.451
01:01:00	30.321	28.446	29.773	75.335	78.116	77.853	222.141	224.121	230.061	408.95	412.432	389.966
01:01:30	29.751	28.379	30.159	77.057	78.626	78.711	222.235	223.123	225.902	410.751	410.886	384.295
01:02:00	29.271	29.235	29.069	76.469	77.849	77.839	223.393	225.457	227.503	409.667	416.671	388.33
01:02:30	29.916	29.654	30.475	73.123	78.434	76.918	219.816	223.044	229.027	407.309	410.313	383.298
01:03:00	30.689	28.013	30.796	74.022	80.072	77.618	221.271	222.407	223.484	407.21	410.63	380.349
01:03:30	29.311	28.008	29.489	73.216	75.291	79.023	222.273	222.78	227.19	402.244	409.861	381.575
01:04:00	30.625	28.144	29.827	72.943	78.14	75.191	220.544	224.842	226.215	408.455	409.998	382.131
01:04:30	29.757	28.81	29.114	74.394	80.516	78.298	218.221	225.678	226.767	407.723	413.379	384.444
01:05:00	28.751	28.789	28.988	76.031	76.582	77.235	220.533	223.036	227.906	409.492	409.986	383.233
01:05:30	27.935	28.833	28.579	73.635	78.071	77.984	222.771	223.554	229.112	408.698	414.433	384.857
01:06:00	29.973	28.763	29.47	73.967	76.589	79.247	220.706	222.512	230.14	403.008	410.053	382.566
01:06:30	30.185	29.011	29.765	73.17	78.214	77.054	221.623	222.19	229.93	405.447	415.249	388.581
01:07:00	29.691	29.401	29.252	72.981	78.66	78.18	220.769	225.452	228.901	410.67	406.958	386.492
01:07:30	29.976	30.026	29.876	74.778	78.638	76.393	223.053	223.983	229.016	406.354	416.199	388.34
01:08:00	29.332	29.621	29.216	72.686	77.295	76.108	223.128	224.485	226.343	407.196	412.926	378.609
01:08:30	30.018	29.361	30.377	73.692	77.949	77.601	220.359	224.688	230.762	408.917	405.702	383.081
01:09:00	28.552	28.067	29.147	74.131	77.422	77.804	221.846	220.313	226.83	413.451	414.206	385.28
01:09:30	29.256	28.932	29.796	71.535	79.276	74.549	220.131	222.884	227.67	406.562	412.391	386.868
01:10:00	29.079	29.745	31.51	75.58	77.912	77.321	219.914	222.218	227.959	405.109	413.267	389.135
01:10:30	29.357	27.842	27.802	74.167	77.281	77.275	220.297	224.484	228.475	407.175	413.078	385.099
01:11:00	30.008	27.754	29.115	72.25	75.906	74.855	218.838	222.081	225.299	407.149	411.06	384.026
01:11:30	29.11	28.527	29.833	74.698	77.608	75.753	219.426	226.583	229.658	405.658	405.369	385.467
01:12:00	29.179	29.203	29.427	73.939	77.311	77.79	223.02	222.603	227.825	406.6	411.953	385.696
01:12:30	29.67	28.674	29.5	73.353	77.949	77.522	220.091	224.793	229.413	411.732	409.484	382.91
01:13:00	31.026	29.918	29.545	74.282	78.237	77.676	220.919	225.539	231.673	408.845	409.483	384.89
01:13:30	29.089	28.86	29.003	74.506	77.833	78.422	221.426	223.86	232.582	410.221	410.238	386.412
01:14:00	28.575	28.853	29.529	73.289	77.817	78.373	221.781	223.988	227.834	408.961	406.135	384.037
01:14:30	29.006	28.837	28.499	72.512	78.797	75.827	223.774	221.912	229.232	409.595	412.051	383.601
01:15:00	29.156	29.162	28.265	72.905	78.711	76.112	218.698	220.253	225.984	405.846	408.853	383.931
01:15:30	29.857	27.529	29.675	72.687	78.85	77.211	225.073	226.821	232.849	412.575	417.255	386.663
01:16:00	29.6	28.974	29.832	72.421	78.974	76.378	223.254	226.756	226.98	406.159	412.255	385.885
01:16:30	29.549	28.394	28.006	73.332	75.495	75.885	223.219	226.251	227.556	410.407	415.668	383.119
01:17:00	29.171	28.499	29.094	74.069	76.148	75.821	221.354	224.878	227.005	406.986	412.035	382.369
01:17:30	28.621	28.054	28.859	73.254	77.104	77.436	221.166	224.828	231.626	405.94	418.59	385.539
01:18:00	28.34	28.478	29.048	74.088	77.57	75.293	219.083	223.094	225.583	409.493	413.875	382.852
01:18:30	28.666	27.745	29.086	72.912	77.236	76.45	223.582	222.062	227.267	411.581	409.405	385.289
01:19:00	28.68	28.914	29.651	72.639	76.024	76.797	220.086	220.955	225.798	408.059	416.487	384.531
01:19:30	30.152	29.045	29.528	72.313	74.895	78.357	219.628	223.732	227.5	403.764	410.707	381.347
01:20:00	29.396	27.696	29.124	72.47	78.484	77.165	220.356	226.943	229.394	408.91	412.076	381.379
01:20:30	30.938	29.367	29.097	72.79	73.448	75.204	220.507	228.234	227.29	409.137	410.835	385.297
01:21:00	29.261	28.953	29.196	70.808	76.704	76.464	221.898	221.104	229.89	408.594	413.725	381.126
01:21:30	29.417	28.39	30.73	73.078	73.757	77.928	221.661	224.854	226.749	407.831	413.22	380.594
01:22:00	29.457	28.995	30.187	72.794	75.386	76.328	224.27	220.633	227.48	406.312	409.814	380.274
01:22:30	29.775	27.287	29.481	71.643	75.657	78.584	216.965	222.981	225.491	403.815	411.533	382.164
01:23:00	29.247	28.747	29.378	73.028	78.459	77.281	222.015	223.96	227.494	408.692	409.562	379.239
01:23:30	28.563	27.725	30.003	70.396	76.454	78.675	221.853	222.014	229.121	413.783	414.435	383.444
01:24:00	28.154	28.156	28.752	73.608	75.256	76.468	218.42	223.383	225.817	406.362	408.162	377.524
01:24:30	29.191	28.598	27.755	74.418	77.102	78.642	219.463	220.729	223.543	408.782	413.01	384.095
01:25:00	29.222	29.109	29.189	71.673	74.93	74.69	218.211	222.968	228.75	406.295	407.193	381.741
01:25:30	28.44	28.781	28.778	73.022	76.586	76.638	221.447	222.202	224.015	408.998	407.711	381.495
01:26:00	30.031	29.17	27.599	71.173	75.493	76.238	221.261	221.419	226.42	403.106	406.747	381.046
01:26:30	30.113	29.005	29.999	72.84	77.671	76.234	221.371	222.848	225.711	404.736	413.257	384.006
01:27:00	29.266	27.6	29.235	71.138	76.021	76.743	218.096	225.023	226.839	404.852	410.424	385.792
01:27:30	28.553	27.697	30.111	73.843	77.1	75.918	217.96	221.783	224.784	409.101	415.963	379.434
01:28:00	30.305	28.381	30.204	71.041	76.663	74.998	220.109	219.861	228.345	400.02	409.216	386.437
01:28:30	30.377	29.032	30.125	71.656	76.561	75.829	221.394	225.013	228.21	404.094	411.433	384.789
01:29:00	29.697	28.669	29.777	74.44	76.849	75.336	222.993	224.018	232.634	408.228	413.557	384.417
01:29:30	29.518	28.96	28.895	72.408	74.793	74.527	220.158	222.475	222.958	402.443	407.014	378.828
01:30:00	28.697	29.158	30.544	73.868	75.538	78.794	219.02	223.342	229.594	406.12	410.943	377.421
01:30:30	28.426	29.675	28.299	72.643	77.662	76.122	221.634	224.825	227.777	406.393	406.751	382.598
01:31:00	29.077	28.596	29.927	70.632	77.233	74.469	225.684	222.711	224.201	408.121	414.21	386.873
01:31:30	29.181	27.827	29.432	73.912	76.704	76.622	218.903	223.089	226.869	407.565	409.522	385.444
01:32:00	28.988	27.517	30.219	69.908	75.964	76.083	220.569	222.626	230.356	408.291	412.272	382.899
01:32:30	28.449	28.454	29.688	73.087	77.737	75.984	220.915	222.908	230.265	406.129	410.174	380.479
01:33:00	29.319	29.082	28.441	70.559	76.982	75.088	220.176	222.502	229.121	407.445	406.315	382.86
01:33:30	28.596	28.761	29.017	72.134	77.168	77.342	221.523	223.861	227.772	407.45	407.376	379.773
01:34:00	28.75	27.391	28.795	72.593	78.097	75.728	218.753	221.995	226.709	402.628	408.483	383.993
01:34:30	29.304	28.837	28.218	72.77	76.888	76.244	219.932	222.631	229.409	410.244	412.002	385.07
01:35:00	28.627	28.262	28.377	71.712	77.399	73.228	222.146	224.823	228.214	410.292	409.736	382.653
01:35:30	30.006	27.699	28.827	72.589	75.115	79.086	219.004	222.635	228.371	407.68	405.391	383.18
01:36:00	27.83	28.82	29.169	72.004	76.818	75.521	220.29	223.433	227.146	408.352	412.075	383.902
01:36:30	29.173	27.978	29.5	71.793	73.845	77.304	220.419	223.574	226.102	401.398	404.392	380.127
01:37:00	28.808	29.245	29.433	71.892	77.422	76.777	220.385	223.453	227.842	406.156	411.708	382.166
01:37:30	28.792	27.795	29.381	72.207	77.516	75.028	220.337	224.684	229.71	406.117	415.901	383.123
01:38:00	29.919	28.023	29.191	73.396	77.077	76.159	217.302	220.276	232.364	404.866	407.805	379.605
01:38:30	28.972	27.885	29.247	72.324	77.77	74.868	218.698	221.591	228.882	406.174	411.44	384.888
01:39:00	29.081	28.381	29.834	70.091	77.143	75.634	222.136	221.877	229.511	405.315	411.677	382.878
01:39:30	29.858	28.575	29.059	72.425	76.103	75.379	220.756	220.729	228.693	401.307	404.588	384.983
01:40:00	28.707	28.369	28.247	70.995	75.669	75.786	219.612	227.032	229.977	405.369	408.613	383.749
01:40:30	28.544	29.016	29.475	70.104	76.624	77.429	219.75	219.469	227.811	408.148	408.872	379.33
01:41:00	27.983	28.76	29.17	71.933	76.606	75.801	219.16	225.328	227.43	404.222	405.258	387.681
01:41:30	28.948	28.575	28.812	72.291	75.219	76.906	224.104	223.614	228.93	406.673	407.737	383.892
01:42:00	29.645	29.774	29.383	70.113	75.92	75.812	217.882	220.565	225.387	410.007	406.722	377.371
01:42:30	29.153	28.57	28.459	72.303	75.757	74.109	217.54	221.518	220.648	406.509	409.106	379.126
01:43:00	28.074	28.001	28.22	71.387	74.764	74.365	220.343	220.866	228.235	405.187	402.425	382.462
01:43:30	28.897	29.571	29.235	70.036	76.148	75.723	220.025	223.92	227.057	406.271	403.517	386.885
01:44:00	28.353	28.275	29.427	70.966	76.946	76.166	216.256	219.872	224.969	405.462	404.895	383.166
01:44:30	29.071	28.023	30.335	71.231	75.226	75.735	220.213	226.491	228.902	406.156	408.541	376.173
01:45:00	28.506	27.846	30.299	70.312	74.297	74.996	219.242	223.449	226.496	408.511	408.054	381.793
01:45:30	29.226	28.353	30.184	71.329	75.072	75.823	219.151	222.258	226.926	406.571	414.294	385.446
01:46:00	28.31	27.311	29.266	70.384	75.73	75.72	218.432	223.299	224.069	408.649	409.103	385.459
01:46:30	29.335	28.699	30.422	71.84	76.531	75.004	220.645	224.632	228.978	410.614	409.748	380.416
01:47:00	29.313	28.146	30.144	68.637	77.75	74.378	220.185	224.468	229.523	401.645	410.854	381.212
01:47:30	29.386	29.805	28.693	71.054	76.528	77.103	223.025	221.079	226.173	406.429	408.347	381.892
01:48:00	28.961	28.441	29.032	71.386	76.577	74.816	220.04	222.415	227.6	410.323	409.716	385.657
01:48:30	29.122	29.531	29.62	72.699	75.736	75.398	221.123	224.651	223.773	406.52	410.068	382.822
01:49:00	29.831	27.539	30.115	71.152	76.391	75.806	217.901	224.954	227.946	406.496	406.268	381.135
01:49:30	29.311	28.226	29.505	71.097	72.472	74.872	225.928	222.126	227.272	403.666	404.003	378.602
01:50:00	29.589	29.132	29.09	70.71	75.851	74.114	220.918	221.817	228.288	407.378	406.946	380.33
01:50:30	28.724	28.009	29.588	69.993	73.435	74.826	220.382	224.654	228.019	406.475	408.488	382.075
01:51:00	29.338	28.033	30.323	72.215	75.874	74.806	224.678	220.416	228.862	405.952	408.951	384.53
01:51:30	28.12	28.472	30.135	70.759	76.921	75.957	221.237	225.847	227.464	408.285	410.355	383.28
01:52:00	27.891	29.297	28.778	72.913	74.956	74.342	222.82	222.778	228.046	409.741	411.102	383.679
01:52:30	28.668	27.971	29.455	71.748	75.4	75.201	223.804	223.165	232.255	404.269	414.107	384.258
01:53:00	29.25	28.994	30.06	70.952	74.351	75.482	221.086	221.25	226.336	404.508	410.184	383.339
01:53:30	28.181	27.612	28.958	71.976	77.006	77.225	218.529	224.084	229.952	408.307	407.748	379.156
01:54:00	28.89	27.766	29.484	70.532	77.03	75.561	223.065	224.355	229.447	408.111	413.909	381.786
01:54:30	29.266	28.937	27.952	73.682	76.274	76.387	222.753	221.869	228.907	405.55	414.254	382.199
01:55:00	28.355	29.657	29.435	70.666	74.179	75.828	219.952	222.841	229.643	407.344	405.325	379.517
01:55:30	28.699	30.075	28.81	71.133	77.473	75.388	221.151	222.696	224.293	405.401	411.274	382.353
01:56:00	27.729	28.907	30.117	71.268	75.026	74.225	220.771	221.045	227.382	408.768	405.653	385.764
01:56:30	30.418	29.227	30.251	70.281	76.541	77.831	223.85	223.709	227.5	411.349	408.885	382.707
01:57:00	29.114	28.252	29.927	71.194	76.259	78.112	221.314	224.251	229.149	402.832	408.413	384.118
01:57:30	28.189	29.849	28.486	69.431	74.031	77.281	221.172	222.123	227.868	406.981	408.746	378.11
01:58:00	29.97	29	29.433	73.946	76.683	76.547	223.788	222.469	229.447	406.528	409.327	381.044
01:58:30	29.624	27.654	29.425	70.587	73.23	74.044	225.018	222.632	227.819	400.833	406.176	382.387
01:59:00	29.17	28.065	30.206	71.698	76.763	78.041	221.527	219.643	224.937	403.587	408.72	379.488
01:59:30	29.678	29.545	30.27	70.145	75.052	74.946	219.364	223.866	227.831	409.942	411.004	381.079
02:00:00	28.502	29.183	29.162	71.603	74.857	75.134	220.546	222.498	225.912	403.53	407.235	378.715