Time	25_1	25_2	25_3	50_1	50_2	50_3	100_1	100_2	100_3	150_1	150_2	150_3
00:00:00	110.058	102.379	114.069	206.524	198.542	190.896	426.43	416.962	406.497	599.067	612.751	575.619
00:00:30	105.894	100.554	107.804	195.716	190.784	187.877	407.299	403.721	400.054	591.056	602.769	566.936
00:01:00	101.856	97.814	105.633	193.673	190.97	180.806	396.499	392.318	388.704	583.947	602.324	553.69
00:01:30	99.376	93.766	99.161	186.401	182.915	174.59	385.337	377.54	376.517	572.066	592.609	548.309
00:02:00	98.158	92.71	95.93	181.927	176.914	171.3	380.218	377.908	373.115	566.65	586.864	549.434
00:02:30	94.799	91.801	94.914	177.487	173.734	161.929	372.882	372.468	362.185	560.52	592.858	544.233
00:03:00	91.425	90.281	91.734	174.095	167.065	159.919	369.335	367.847	364.02	557.006	581.509	546.492
00:03:30	91.132	86.684	88.863	174.014	165.638	155.083	369.912	367.148	359.656	557.284	584.246	542.05
00:04:00	84.53	86.094	87.694	168.611	161.726	154.553	361.348	363.97	356.56	556.192	587.111	537.54
00:04:30	85.319	82.363	86.239	166.323	159.446	147.42	357.375	362.628	356.249	556.058	579.617	540.298
00:05:00	83.769	82.815	85.681	166.921	155.699	145.076	360.857	361.223	353.725	554.001	579.211	539.474
00:05:30	79.601	80.758	82.984	166.026	153.391	142.81	357.366	357.503	355.5	550.736	573.265	539.149
00:06:00	79.263	80.273	82.863	167.11	149.585	142.288	358.56	362.696	355.771	552.768	580.563	539.8
00:06:30	77.964	77.981	82.821	161.518	146.407	137.742	354.15	359.33	348.814	552.483	579.021	536.939
00:07:00	74.498	78.158	80.674	156.824	144.899	135.788	363.282	357.947	353.747	554.181	582.105	536.98
00:07:30	74.966	75.662	80.984	156.363	141.215	134.49	355.007	354.467	358.847	549.395	577.194	537.724
00:08:00	72.669	74.986	77.21	154.249	140.347	134.386	353.507	354.83	351.693	551.48	585.028	538.413
00:08:30	74.622	76.296	76.878	153.842	140.194	133.503	353.745	361.969	351.625	556.305	581.621	547.422
00:09:00	71.088	73.368	75.779	148.869	138.896	133.743	352.749	353.577	349.217	549.548	576.44	535.177
00:09:30	72.943	72.41	75.317	150.573	139.266	132.629	354.949	360.442	356.372	554.461	582.543	534.043
00:10:00	74.046	70.782	75.344	149.039	137.625	130.984	359.662	355.953	351.458	562.137	579.385	545.802
00:10:30	71.572	72.212	73.62	146.718	136.125	132.904	353.724	359.387	352.277	553.781	579.737	542.036
00:11:00	68.707	70.104	72.233	147.418	135.473	134.368	353.111	357.617	353.68	550.344	580.318	544.528
00:11:30	68.942	71.366	73.127	150.163	134.586	131.245	357.546	355.449	352.518	560.225	591.312	540.341
00:12:00	69.575	69.154	72.076	150.366	132.493	131.737	357.168	360.221	352.497	557.868	589.278	542.65
00:12:30	68.326	67.867	72.878	145.212	133.017	130.26	356.85	359.215	353.368	562.596	592.898	548.6
00:13:00	66.219	69.409	70.35	148.484	130.563	128.134	359.179	356.827	359.495	565.946	588.119	545.842
00:13:30	64.638	69.087	70.848	146.011	133.279	131.588	360.211	359.31	354.678	564.532	591.585	543.572
00:14:00	67.073	66.069	69.797	148.531	132.38	128.283	357.676	363.363	353.422	564.492	595.093	546.65
00:14:30	65.397	67.932	67.478	146.196	132.891	126.07	359.478	358.949	354.505	562.293	587.853	544.632
00:15:00	66.71	65.432	68.49	144.417	134.15	127.086	358.048	360.685	355.221	570.893	593.642	549.332
00:15:30	65.75	66.145	66.647	147.906	130.105	128.118	359.756	361.065	359.467	564.91	591.241	551.365
00:16:00	63.959	65.369	67.346	145.42	132.031	127.118	362.284	355.911	360.166	560.391	593.687	549.666
00:16:30	63.273	64.023	65.021	145.265	129.076	126.673	357.723	359.719	356.75	565.648	592.783	544.748
00:17:00	62.635	62.031	66.758	144.295	128.895	125.15	360.648	359.474	354.76	563.388	591.54	547.702
00:17:30	63.915	62.823	67.063	145.877	130.332	125.94	357.444	355.488	359.523	561.967	588.32	549.765
00:18:00	62.343	61.906	63.935	145.311	130.921	126.511	355.57	358.253	357.123	567.021	589.243	551.182
00:18:30	61.667	63.705	65.407	144.632	130.913	128.085	365.316	363.365	356.735	567.679	593.449	555.931
00:19:00	60.832	64.631	63.768	145.876	131.031	126.845	361.473	362.954	363.287	573.286	595.771	549.861
00:19:30	59.858	60.464	65.646	144.205	133.982	124.787	356.656	362.06	359.621	568.639	600.799	558.33
00:20:00	61.309	61.215	63.958	145.435	128.666	124.418	357.966	365.287	355.284	567.479	593.582	549.643
00:20:30	61.412	62.114	63.767	144.604	129.65	127.12	357.577	363.51	356.415	571.198	592.836	551.98
00:21:00	62.052	61.275	63.158	145.204	130.365	126.469	362.844	364.92	356.999	568.917	604.016	553.961
00:21:30	61.122	62.078	62.142	141.861	129.921	127.429	362.649	364.282	364.247	575.972	595.891	560.572
00:22:00	61.2	60.966	61.484	146.359	129.562	128.098	365.858	366.204	359.068	563.688	599.644	558.061
00:22:30	61.167	58.695	61.388	144.837	130.327	125.523	366.821	365.121	365.234	578.51	601.127	558.594
00:23:00	59.579	61.781	62.761	143.001	129.402	128.82	367.448	368.028	362.817	575.742	604.253	557.787
00:23:30	59.044	59.803	63.003	140.548	132.488	127.232	363.622	371.472	363.846	574.535	602.045	560.808
00:24:00	58.114	60.639	60.01	141.965	132.537	126.58	365.078	366.945	361.986	576.49	609.66	561.113
00:24:30	58.147	57.044	60.364	141.521	131.613	129.173	367.211	367.757	367.27	579.069	608.978	562.158
00:25:00	57.816	59.685	61.331	139.937	133.047	128.945	369.592	370.694	363.631	580.807	607.422	564.449
00:25:30	58.281	57.873	59.284	140.482	131.434	127.684	368.42	364.136	362.207	576.299	601.48	561.73
00:26:00	58.121	60.266	61.445	141.631	130.768	125.997	366.099	371.004	367.403	577.225	608.874	562.453
00:26:30	58.292	59.402	59.635	140.414	131.415	131.183	367.608	371.613	367.316	576.805	611.566	567.304
00:27:00	58.51	58.656	61.101	139.463	129.722	128.275	364.533	370.06	369.621	578.362	603.68	568.107
00:27:30	56.531	58.656	59.654	137.458	128.032	126.08	361.958	368.672	366.515	580.894	606.286	559.907
00:28:00	56.484	58.449	59.621	137.447	131.93	124.999	372.406	369.205	368.255	578.602	610.919	566.604
00:28:30	57.275	58.387	61.374	139.363	131.934	127.152	367.1	370.536	365.521	579.354	604.695	566.92
00:29:00	56.425	58.821	58.169	138.092	130.595	126.165	364.041	370.504	367.486	577.981	612.219	560.894
00:29:30	55.698	57.26	59.06	138.09	130.441	131.509	371.459	367.183	367.841	579.588	617.271	563.431
00:30:00	56.394	56.837	60.445	137.249	130.749	127.363	371.767	370.981	368.68	589.058	618.556	572.45
00:30:30	55.086	58.402	60.12	137.338	131.354	127.673	371.833	371.884	373.124	582.765	616.147	571.618
00:31:00	56.272	57.717	59.654	138.339	130.257	126.455	370.72	374.99	374.283	587.203	610.616	567.14
00:31:30	55.587	57.972	57.717	137.858	130.771	125.607	366.817	370.558	371.326	579.611	611.645	570.391
00:32:00	56.227	57.294	59.773	140.145	129.885	127.399	374.411	369.703	374.567	592.169	616.928	566.173
00:32:30	55.321	56.718	59.242	135.861	131.452	129.791	370.252	367.18	366.778	586.109	611.429	575.151
00:33:00	53.643	54.507	56.472	137.324	130.428	124.953	373.191	375.549	373.361	582.144	613.197	571.065
00:33:30	54.995	57.329	59.48	138.627	131.533	127.961	375.186	377.916	370.599	587.074	620.252	565.517
00:34:00	55.193	57.337	57.563	137.685	129.506	128.562	373.275	373.84	370.77	584.785	609.978	570.526
00:34:30	55.263	55.903	59.095	137.095	130.593	127.79	371.985	374.936	373.898	590.478	615.491	569.751
00:35:00	55.833	56.699	59.812	140.963	129.988	127.61	374.345	381.518	373.889	587.473	619.305	580.444
00:35:30	54.395	56.931	58.705	140.845	135.602	129.808	368.915	375.345	374.709	591.462	620.172	580.718
00:36:00	53.938	55.739	58.689	136.565	132.091	126.197	376.149	372.29	371.34	591.554	626.523	573.829
00:36:30	54.657	56.422	58.099	136.643	130.121	127.922	377.739	380.966	375.694	592.005	620.895	583.047
00:37:00	55.632	57.174	57.262	138.418	133.188	128.741	378.112	377.332	374.377	594.954	614.554	582.156
00:37:30	55.474	58.188	59.177	138.489	132.841	128.576	378.656	379.809	376.633	590.657	622.659	577.734
00:38:00	54.796	56.316	56.434	137.057	134.269	131.849	371.429	378.252	372.411	593.484	618.484	575.699
00:38:30	54.593	58.227	57.055	137.002	134.65	132.742	381.422	379.988	376.509	596.822	623.859	581.632
00:39:00	53.917	56.766	57.851	136.476	132.594	127.689	379.009	376.444	379.933	596.499	621.755	574.606
00:39:30	54.265	57.194	55.543	137.229	133.011	128.689	382.198	376.242	377.015	592.88	626.872	575.955
00:40:00	55.49	55.404	56.263	137.753	135.29	129.937	380.344	378.378	378.877	600.074	625.07	586.514
00:40:30	54.107	54.96	56.031	137.792	132.261	127.758	379.688	380.401	379.522	589.391	626.243	579.732
00:41:00	53.167	55.66	59.05	138.483	133.809	129.343	382.992	379.37	375.654	595.545	632.943	579.88
00:41:30	52.76	54.981	58.801	134.538	132.714	127.022	376.719	379.429	380.908	594.471	621.85	582.521
00:42:00	53.417	55.005	56.328	136.24	133.25	129.738	378.93	383.183	378.864	595.337	625.735	584.751
00:42:30	53.102	56.112	57.704	138.652	134.143	130.589	382.151	381.642	381.656	597.835	627.598	585.164
00:43:00	52.021	56.121	58.178	137.199	132.636	131.166	381.215	384.713	377.283	604.021	630.157	586.381
00:43:30	52.365	54.917	57.442	137.461	135.44	130.231	382.655	382.922	382.094	605.674	625.719	587.609
00:44:00	52.365	54.729	56.526	137.669	132.773	131.03	383.629	382.664	379.57	605.646	632.848	585.147
00:44:30	52.637	53.7	57.577	136.342	135.899	132.97	378.295	381.924	379.773	599.361	634.253	581.919
00:45:00	53.116	53.885	56.189	138.54	135.69	132.361	384.313	385.255	383.407	603.646	629.77	589.786
00:45:30	52.163	54.556	58.825	136.722	135.732	131.734	385.181	380.71	385.804	599.22	630.324	589.903
00:46:00	51.587	54.068	55.636	134.851	133.024	130.995	382.357	382.97	381.476	601.058	629.647	585.769
00:46:30	53.011	55.705	56.19	136.063	135.075	134.309	385.469	385.179	384.678	609.824	636.123	591.591
00:47:00	51.317	53.917	54.837	134.239	134.564	131.738	386.038	385.234	388.561	605.953	624.52	592.639
00:47:30	50.077	54.305	58.233	134.278	136.223	133.492	384.99	380.35	384.133	603.899	636.518	587.131
00:48:00	52.309	53.11	55.551	134.906	135.822	130.219	381.497	387.253	384.171	604.258	636.239	588.275
00:48:30	53.008	53.143	57.253	136.832	134.259	131.372	384.281	390.758	388.639	597.129	631.857	589.846
00:49:00	50.938	53.411	57.395	136.121	135.821	131.646	384.844	387.389	385.468	609.817	633.896	592.875
00:49:30	51.814	52.896	56.357	135.759	135.516	133.545	388.3	390.806	385.529	612.692	636.594	588.207
00:50:00	51.412	55.374	56.724	136.451	134.153	129.982	384.247	383.924	389.998	609.176	634.977	595.069
00:50:30	51.622	54.002	57.109	134.335	135.903	131.378	382.87	387.034	387.433	608.767	639.716	598.591
00:51:00	50.041	52.917	57.302	139.6	136.577	132.662	388.088	389.215	388.113	604.674	634.281	596.617
00:51:30	51.923	51.548	57.034	134.661	137.723	132.721	386.103	389.294	389.343	612.856	636.518	595.036
00:52:00	52.416	53.301	56.601	136.214	136.214	134.595	388.822	390.766	387.529	611.772	642.95	594.436
00:52:30	50.427	53.9	56.473	134.984	134.843	132.357	381.793	392.814	385.98	611.721	638.835	594.654
00:53:00	52.693	53.774	56.363	138.01	136.094	133.284	393.085	392.263	389.987	611.786	643.118	597.723
00:53:30	49.912	53.354	57.433	136.752	137.433	132.95	388.528	388.773	391.387	607.957	638.697	597.573
00:54:00	49.206	53.865	56.111	137.018	134.573	133.551	389.394	395.439	394.228	613.336	640.495	596.189
00:54:30	52.038	52.538	55.722	138.202	140.58	133.038	393.853	396.15	392.387	617.217	650.864	598.333
00:55:00	51.149	52.739	56.717	136.351	134.317	132.952	391.111	391.512	392.977	614.399	646.468	594.974
00:55:30	52.09	53.571	56.757	137.236	137.332	134.538	390.333	393.164	389.082	615.136	643.208	602.424
00:56:00	51.808	52.731	56.002	135.432	139.07	135.59	390.042	393.512	389.646	615.6	647.322	604.28
00:56:30	50.945	52.444	55.914	135.422	137.284	137.575	392.515	394.695	394.406	606.5	644.699	601.256
00:57:00	49.491	54.016	57.103	136.492	138.833	135.898	398.128	398.983	397.013	619.801	647.355	605.603
00:57:30	50.652	53.642	55.899	138.025	139.792	134.229	396.273	402.379	394.215	622.911	654.618	606.026
00:58:00	49.311	52.286	55.325	137.092	137.717	135.373	395.276	393.381	395.975	616.041	645.137	603.857
00:58:30	50.453	52.462	56.077	136.223	138.496	137.031	393.452	394.5	395.812	617.072	648.055	603.269
00:59:00	49.991	52.323	55.723	136.204	138.438	137.708	395.338	395.836	395.409	622.129	652.063	601.658
00:59:30	50.783	51.029	54.944	136.796	138.902	134.735	392.965	393.754	397.293	617.901	652.403	606.752
01:00:00	50.522	51.563	55.879	138.405	141.333	132.488	397.52	397.66	394.759	620.344	646.607	600.466
01:00:30	52.36	52.909	57.105	136.024	140.855	136.216	394.092	399.756	396.757	623.236	654.369	602.75
01:01:00	52.176	52.265	54.81	138.429	140.63	135.247	392.919	401.19	398.992	620.815	656.962	606.45
01:01:30	50.954	53.581	54.536	134.134	138.572	138.754	394.621	395.364	399.913	620.365	650.568	599.773
01:02:00	52.581	51.272	56.714	135.974	138.928	136.612	397.223	400.907	394.975	625.342	650.719	600.906
01:02:30	51.915	52.014	56.267	134.234	139.397	135.887	395.745	395.925	398.148	624.374	653.611	604.609
01:03:00	50.466	50.91	57.108	135.694	140.698	135.657	400.72	398.469	404.218	628.878	652.402	610.789
01:03:30	50.169	52.406	55.504	133.604	140.985	137.079	401.01	398.902	397.306	626.898	653.307	611.687
01:04:00	50.313	51.789	55.88	138.357	141.651	138.285	398.659	400.673	401.749	627.9	657.349	611.778
01:04:30	51.314	53.128	56.566	138.262	140.841	136.663	395.772	398.596	401.994	624.277	649.744	610.127
01:05:00	50.543	52.401	54.61	135.676	140.983	136.034	398.556	403.1	399.664	619.259	651.852	609.946
01:05:30	49.874	51.963	55.117	137.932	138.932	136.762	398.578	399.244	403.334	624.648	657.159	604.02
01:06:00	51.173	51.942	55.773	136.618	141.587	137.944	404.608	400.144	403.17	634.024	655.831	613.385
01:06:30	50.468	52.484	56.475	136.074	141.959	138.595	401.855	398.217	397.161	625.214	660.595	612.867
01:07:00	50.789	52.709	55.678	134.557	142.82	136.719	396.19	400.989	403.244	624.204	655.239	608.878
01:07:30	50.221	51.787	55.433	136.397	141.339	137.989	404.042	400.668	396.979	629.982	659.237	612.432
01:08:00	49.931	51.515	53.953	133.039	142.762	139.788	404.576	400.272	403.047	624.565	654.337	610.821
01:08:30	51.057	52.48	54.94	135.572	143.754	139.166	400.344	404.487	403.929	635.578	654.633	613.302
01:09:00	51.174	50.837	55.095	137.188	144.149	136.136	399.092	401.186	404.952	632.97	652.53	610.687
01:09:30	51.452	53.517	55.548	138.171	142.311	136.73	405.108	412.647	403.328	632.364	662.445	614.446
01:10:00	49.762	52.69	57.063	135.626	142.589	137.066	397.694	406.126	406.795	634.439	660.869	614.047
01:10:30	52.224	51.706	55.711	135.216	143.706	139.982	403.935	408.482	405.586	632.067	664.128	612.083
01:11:00	49.82	53.01	56.101	132.762	141.874	138.577	399.306	404.483	408.882	627.875	659.663	613.463
01:11:30	49.688	52.057	54.906	134.18	143.975	137.003	404.728	401.189	402.852	635.457	663.204	613.848
01:12:00	49.883	51.107	58.067	136.029	144.169	138.251	402.991	406.909	407.251	640.781	658.456	618.003
01:12:30	50.681	51.665	55.111	135.482	140.963	139.254	409.681	404.632	408.417	632.43	664.494	621.267
01:13:00	50.471	51.185	55.744	133.865	143.296	141.977	407.725	407.464	409.667	638.024	662.473	614.752
01:13:30	50.152	53.56	55.91	132.894	145.602	140.21	403.834	404.195	403.046	635.111	663.663	616.803
01:14:00	50.274	50.757	56.49	134.852	142.958	137.467	405.004	403.001	407.248	642.011	667.148	617.141
01:14:30	50.213	51.923	55.277	135.771	145.215	143.937	406.341	407.879	408.325	638.719	666.154	620.146
01:15:00	50.108	53.504	56.301	134.414	144.689	139.579	401.875	406.611	411.456	635.017	665.858	619.551
01:15:30	49.44	52.547	55.696	137.217	144.699	141.693	410.408	407.931	412.03	636.787	670.94	623.145
01:16:00	50.677	53.257	56.114	134.513	143.442	145.037	412.89	417.292	414.067	638.077	670.242	626.212
01:16:30	49.583	55.026	54.538	136.036	147.191	143.78	411.629	411.32	407.99	644.175	671.856	620.573
01:17:00	48.94	53.85	55.876	135.716	147.267	139.625	405.521	411.864	413.812	640.55	671.714	627.566
01:17:30	51.449	51.213	57.086	136.387	147.256	141.93	410.855	415.175	414.525	646.365	675.915	622.799
01:18:00	51.541	52.956	56.215	136.005	145.091	142.85	412.839	412.718	415.213	652.774	668.932	628.48
01:18:30	49.279	52.837	55.89	133.895	143.843	138.223	409.787	410.556	408.191	636.497	671.062	619.839
01:19:00	50.247	51.569	57.143	133.553	147.203	142.449	412.509	414.667	408.47	638.062	674.906	622.113
01:19:30	50.345	52.334	56.038	136.66	147.832	140.284	412.135	413.588	414.324	644.723	669.479	619.891
01:20:00	51.176	53.213	56.387	134.432	147.993	142.347	408.593	416.089	408.783	643.16	674.476	629.585
01:20:30	50.43	53.266	56.908	136.398	147.231	142.165	410.954	418.655	409.433	646.946	676.365	628.002
01:21:00	51.344	52.396	54.042	135.363	146.417	140.087	412.758	411.049	410.937	650.712	672.885	624.906
01:21:30	50.778	52.147	55.931	136.006	145.453	140.928	416.512	413.098	413.975	650.844	677.843	626.268
01:22:00	50.503	53.241	57.228	135.688	149.792	141.928	412.082	408.457	412.485	652.985	671.682	620.556
01:22:30	50.177	50.029	56.132	134.354	145.302	142.872	411.486	409.663	407.601	640.495	676.884	628.154
01:23:00	51.846	52.112	55.474	138.59	146.92	145.1	415.414	418.851	416.531	647.542	680.432	626.447
01:23:30	49.757	52.075	55.879	133.556	147.155	144.597	417.141	412.958	411.914	649.76	671.915	629.477
01:24:00	50.39	51.937	55.503	136.823	148.608	143.767	412.202	415.332	419.85	653.497	673.931	629.41
01:24:30	50.213	52.881	56.232	133.322	148.246	142.114	413.724	420.665	417.187	652.867	684.969	632.258
01:25:00	51.678	52.8	55.698	135.763	146.584	143.147	415.311	416.365	415.328	652.106	678.733	630.873
01:25:30	50.87	52.011	56.314	136.054	147.686	144.908	416.302	416.118	415.137	648.767	675.378	625.424
01:26:00	50.481	51.475	55.554	137.624	147.02	142.672	422.648	415.992	416.92	644.971	683.277	630.441
01:26:30	50.243	50.337	55.625	136.402	147.964	145.833	413.343	418.583	425.983	647.32	679.14	635.772
01:27:00	50.008	52.688	56.176	134.18	145.3	142.165	417.632	416.272	415.4	647.894	670.577	632.037
01:27:30	50.391	51.307	54.681	132.566	147.717	141.664	421.444	419.39	413.322	651.212	674.429	623.715
01:28:00	50.717	51.01	55.026	133.294	148.959	147.248	417.112	414.18	417.8	647.404	677.266	630.565
01:28:30	51.115	51.323	56.673	136.523	148.519	146.334	418.085	423.908	421.68	647.985	682.04	632.602
01:29:00	50.402	50.5	55.873	130.484	150.264	146.298	421.999	421.141	421.478	663.272	684.69	638.023
01:29:30	51.6	50.633	56.948	132.715	148.333	148.285	418.4	415.955	419.498	652.985	681.151	632.811
01:30:00	53.544	52.591	55.311	133.866	147.219	143.984	421.713	420.583	415.6	653.079	681.508	634.585
01:30:30	49.598	51.054	56.954	132.842	151.518	143.628	421.99	418.065	421.081	658.333	689.45	628.75
01:31:00	49.715	51.926	56.756	132.637	151.18	145.449	416.459	418.519	424.237	659.3	676.636	637.741
01:31:30	50.333	52.136	55.765	133.998	149.742	145.473	419.132	424.914	418.42	652.785	681.009	633.063
01:32:00	50.756	51.68	55.641	133.243	150.708	145.073	423.195	423.555	420.132	654.013	688.525	634.736
01:32:30	49.177	51.784	55.363	130.822	148.29	145.475	414.742	418.688	424.529	653.132	680.255	630.477
01:33:00	49.216	53.15	55.732	133.916	149.771	147.401	423.166	424.472	422.887	660.648	687.266	636.048
01:33:30	50.512	51.355	57.211	132.515	148.752	145.546	420.558	419.022	421.102	652.481	680.752	638.223
01:34:00	50.41	53.612	54.857	133.042	148.538	145.751	424.016	422.044	421.5	655.586	683.996	635.181
01:34:30	50.188	50.999	55.386	132.923	148.494	149.582	420.352	427.517	426.365	658.697	693.805	643.966
01:35:00	50.754	50.638	55.592	133.24	150.485	149.743	418.128	424.798	422.162	658.771	678.769	639.1
01:35:30	50.442	51.045	56.075	133.236	151.98	146.42	422.909	426.333	426.999	663.477	687.859	642.582
01:36:00	49.497	52.229	56.106	132.117	146.989	145.373	419.749	419.601	421.092	659.388	686.805	641.322
01:36:30	53.342	51.874	58.454	132.006	148.928	146.861	419.868	422.446	422.638	660.158	692.599	644.366
01:37:00	50.377	51.004	55.797	133.037	150.636	146.828	427.36	426.331	421.543	660.223	687.633	638.84
01:37:30	48.958	52.628	57.352	131.525	152.939	147.876	424.786	423.671	418.186	651.09	688.776	640.04
01:38:00	50.312	52.239	55.357	131.606	150.867	147.31	422.277	425.441	422.674	668.602	694.495	643.833
01:38:30	49.829	51.486	56.062	133.241	151.621	146.579	423.694	425.778	432.603	662.16	693.511	644.275
01:39:00	49.316	50.41	55.816	132.843	150.531	147.765	424.087	428.027	423.303	654.946	689.901	643.414
01:39:30	49.222	51.261	56.038	129.788	155.933	146.946	426.744	428.367	422.273	666.681	697.484	648.496
01:40:00	49.858	52.693	56.314	133.656	151.191	148.183	426.434	424.508	423.635	661.604	695.834	644.976
01:40:30	51.521	50.692	56.232	132.207	153.142	150.828	429.168	429.153	423.305	669.975	697.477	645.106
01:41:00	49.181	51.964	57.06	129.681	150.716	146.154	426.691	425.639	425.235	658.112	696.728	639.562
01:41:30	48.978	53.019	55.344	132.908	153.62	149.803	424.467	431.303	429.113	666.039	693.393	653.007
01:42:00	50.093	52.03	55.824	133.107	152.796	148.037	431.659	432.03	427.122	663.976	695.435	646.317
01:42:30	49.869	52.335	55.494	132.522	151.059	148.56	428.43	430.179	430.601	656.475	693.277	646.485
01:43:00	49.402	50.548	55.825	130.721	153.28	148.95	427.999	425.37	432.121	668.176	697.573	647.727
01:43:30	47.687	51.131	56.359	131.119	153.482	149.556	427.308	426.213	429.718	665.598	695.34	641.738
01:44:00	50.557	52.56	57.101	130.255	154.238	147.398	428.579	428.713	425.454	666.561	693.53	648.883
01:44:30	50.025	51.72	57.139	131.947	153.436	146.098	430.976	427.054	426.266	670.162	693.014	645.936
01:45:00	50.04	51.149	55.432	132.862	151.909	149.743	430.219	429.142	427.322	663.485	701.579	644.707
01:45:30	49.138	52.048	56.607	130.882	154.528	149.091	430.992	430.321	432.084	666.902	695.211	646.625
01:46:00	51.45	51.253	57.658	129.068	152.301	149.094	430.455	430.498	428.128	666.045	699.928	649.762
01:46:30	51.358	51.097	54.234	131.62	153.58	150.949	429.215	431.474	430.409	671.689	696.914	648.311
01:47:00	50.688	52.521	56.963	131.055	150.902	148.536	429.748	429.222	430.209	666.534	696.121	645.068
01:47:30	49.619	53.012	55.947	129.33	155.595	146.985	426.034	427.625	427.758	667.865	696.666	645.689
01:48:00	50.471	52.705	55.64	130.481	154.771	146.913	427.968	431.491	427.948	670.175	700.643	652.067
01:48:30	50.055	51.854	56.702	131.806	154.749	150.565	427.052	432.509	431.713	663.421	697.119	652.532
01:49:00	51.455	51.927	55.876	131.03	151.987	148.082	434.622	434.241	433.613	671.961	699.899	653.766
01:49:30	51.174	51.648	56.253	127.845	153.919	148.206	434.193	430.526	432.172	664.4	697.935	650.749
01:50:00	51.393	52.144	55.279	129.496	154.541	150.231	431.285	436.893	433.189	672.863	699.243	656.553
01:50:30	49.577	51.008	55.56	129.951	154.988	149.189	431.225	431.226	431.75	672.552	706.229	652.271
01:51:00	51.113	51.465	57.392	131.084	155.821	153.115	427.673	431.435	434.423	666.978	699.732	648.14
01:51:30	51.048	52.149	56.73	128.827	156.669	151.233	429.498	433.544	430.765	670.352	696.814	656.538
01:52:00	51.713	52.203	55.979	131.428	156.451	151.994	434.153	439.612	435.879	676.918	706.164	654.852
01:52:30	50.859	51.879	57.028	131.248	154.46	152.926	433.174	437.448	431.026	670.971	707.052	652.65
01:53:00	51.071	51.429	56.275	132.183	158.621	151.776	435.914	435.529	434.745	676.832	702.657	658.755
01:53:30	51.045	51.154	58.486	129.934	155.403	151.804	437.173	433.013	434.623	672.198	702.929	655.404
01:54:00	49.254	51.985	55.036	131.782	158.889	149.486	432.164	432.819	431.744	677.685	709.748	661.934
01:54:30	50.927	52.161	55.686	131.026	157.254	149.521	435.111	437.256	438.084	677.755	706.485	658.936
01:55:00	50.95	52.091	56.451	130.265	157.09	152.145	436.815	436.756	435.321	675.119	703.032	655.884
01:55:30	51.833	52.21	56.505	132.383	157.293	152.791	436.092	437.69	437.698	676.308	702.378	660.386
01:56:00	50.975	51.616	57.326	130.505	155.647	153.047	438.099	434.249	437.589	678.835	708.967	653.499
01:56:30	49.367	51.918	54.338	129.856	155.966	154.508	440.672	438.644	433.484	681.127	710.997	658.582
01:57:00	50.557	51.771	55.768	130.605	154.301	149.295	433.978	438.155	435.263	679.524	705.427	650.779
01:57:30	51.13	51.183	56.098	132.018	158.337	151.074	437.335	436.954	440.084	685.464	714.728	656.751
01:58:00	50.891	51.757	56.424	130.029	155.998	148.682	436.969	437.764	434.521	675.048	700.387	656.69
01:58:30	49.367	51.445	55.981	128.947	154.481	152.504	437.694	440.213	430.58	672.055	708.713	658.097
01:59:00	50.309	51.139	56.357	130.886	155.605	153.169	439.572	440.997	438.924	683.561	708.763	653.549
01:59:30	50.976	50.81	56.642	129.532	155.603	153.326	436.582	440.843	440.288	677.286	708.416	659.534
02:00:00	52.168	51.924	56.897	128.933	156.764	152.769	431.094	440.011	442.838	675.019	705.293	657.182