Time	25_1	25_2	25_3	50_1	50_2	50_3	100_1	100_2	100_3	150_1	150_2	150_3
00:00:00	77.66	71.905	65.294	132.461	128.755	142.563	260.906	267.35	263.433	378.472	391.523	388.943
00:00:30	80.005	71.078	61.59	127.897	122.528	128.011	255.826	257.59	258.887	374.24	378.358	374.081
00:01:00	73.2	64.44	58.863	124.404	120.163	124.764	247.058	249.522	243.575	362.756	363.807	359.796
00:01:30	69.554	64.892	57.828	121.293	116.753	120.492	238.548	237.105	239.38	352.449	354.357	350.569
00:02:00	63.453	61.175	55.459	115.616	111.912	117.602	230.6	229.192	230.921	345.707	346.076	341.183
00:02:30	60.674	61.735	54.48	114.831	109.789	113.438	225.928	226.933	223.511	341.614	342.882	339.648
00:03:00	56.03	58.119	49.759	107.619	108.844	113.232	218.878	215.266	216.628	333.43	337.008	335.148
00:03:30	55.788	55.086	50.59	107.696	104.981	108.288	214.538	213.056	210.695	333.882	335.507	334.334
00:04:00	54.478	53.766	47.582	105.493	104.48	107.271	211.819	209.964	207.15	328.946	330.389	327.923
00:04:30	52.165	52.745	46.908	105.829	100.301	104.148	207.482	205.299	198.74	324.586	324.18	323.645
00:05:00	52.064	49.233	45.391	100.866	99.083	100.256	208.288	202	199.734	330.581	327.158	325.768
00:05:30	48.471	49.546	44.361	99.072	98.684	99.763	204.819	200.595	197.72	325.85	325.601	322.624
00:06:00	46.685	47.139	43.861	96.726	95.89	97.9	201.648	199.332	191.461	322.414	324.788	320.734
00:06:30	45.425	46.684	43.93	95.767	95.019	96.216	198.843	193.863	191.501	320.136	319.415	322.601
00:07:00	45.047	44.911	41.336	91.756	91.777	95.368	197.07	193.848	189.354	317.148	318.314	319.938
00:07:30	43.582	42.332	39.972	92.257	88.218	91.919	195.967	190.916	188.931	314.769	317.999	317.06
00:08:00	40.76	43.405	39.583	91.013	91.938	91.295	193.638	190.06	187.982	313.453	318.72	312.969
00:08:30	40.717	42.006	37.325	89.186	89.532	89.047	189.269	189.014	187.52	315.682	318.212	312.188
00:09:00	39.16	42.79	38.244	88.355	88.715	86.866	191.176	186.784	184.715	314.591	315.523	311.553
00:09:30	38.127	40.753	36.042	88.084	85.352	86.695	192.081	187.482	186.159	312.563	312.867	308.26
00:10:00	38.737	40.048	36.657	83.285	83.631	86.461	185.569	186.354	181.471	314.275	309.85	307.342
00:10:30	36.542	39.893	35.594	84.614	81.693	86.029	187.822	184.563	185.57	307.021	309.144	311.64
00:11:00	37.323	38.149	34.525	83.546	79.527	84.247	184.769	184.392	180.335	307.489	311.896	306.416
00:11:30	35.412	37.509	34.107	84.421	80.702	85.517	184.377	181.744	179.612	310.913	312.611	306.156
00:12:00	33.703	36.189	34.448	79.871	78.769	83.971	180.206	180.582	179.19	308.173	310.721	305.119
00:12:30	34.645	35.62	33.634	78.74	78.762	82.741	182.108	180.648	179.119	309.25	306.128	303.634
00:13:00	33.722	35.234	33.767	79.066	78.039	83.337	185.682	181.084	179.839	311.016	314.973	305.537
00:13:30	33.286	35.607	32.775	77.344	77.151	82.988	183.31	180.917	178.881	310.974	303.948	305.52
00:14:00	31.605	33.831	32.423	77.942	77.793	79.362	184.254	176.497	176.391	304.88	303.772	307.644
00:14:30	32.791	34.872	31.737	77.791	73.305	81.295	182.654	177.236	177.565	306.515	307.955	307.784
00:15:00	31.3	34.39	30.764	74.063	75.708	79.24	183.229	178.782	177.536	310.107	305.56	303.209
00:15:30	31.25	33.395	31.272	74.51	73.291	76.28	182.09	177.612	173.053	307.902	305.736	306.668
00:16:00	30.856	32.264	31.091	74.2	74.062	74.4	178.486	178.495	176.869	306.112	305.507	302.359
00:16:30	30.423	32.096	30.732	72.377	72.034	74.033	179.714	179.127	175.503	303.301	309.506	301.468
00:17:00	30.672	32.314	30.667	73.665	71.638	73.694	180.559	174.595	174.046	302.731	308.124	306.159
00:17:30	30.036	31.828	29.407	70.718	70.121	74.732	178.711	174.836	174.7	302.479	304.08	304.918
00:18:00	29.293	30.845	28.728	70.066	70.779	72.394	180.726	175.876	177.062	306.871	304.792	302.744
00:18:30	29.054	31.291	29.327	71.635	69.9	71.707	179.051	175.387	170.827	305.051	299.12	301.545
00:19:00	29.624	30.969	28.989	70.447	69.487	71.412	175.778	174.382	175.342	307.003	303.943	300.78
00:19:30	28.535	29.168	28.234	68.476	68.393	68.952	176.617	173.6	173.371	300.509	302.289	300.914
00:20:00	28.844	30.162	27.728	68.144	67.802	69.859	177.47	177.557	172.524	305.339	304.978	301.895
00:20:30	28.606	30.666	26.183	68.603	66.618	69.067	178.084	176.168	172.347	300.222	305.354	302.241
00:21:00	26.462	28.979	27.051	67.085	66.085	67.938	177.268	175.062	172.343	300.743	301.648	295.888
00:21:30	27.803	28.012	26.566	67.337	65.606	68.475	175.206	173.469	171.418	298.74	301.581	299.901
00:22:00	25.939	28.437	27.444	68.717	64.478	68.157	175.341	170.812	171.065	301.303	303.663	302.096
00:22:30	27.868	28.423	26.88	65.98	64.098	66.626	175.755	173.562	171.389	302.045	303.233	298.73
00:23:00	27.154	28.077	26.815	64.065	64.286	67.387	174.514	174.357	173.397	302.54	301.048	298.128
00:23:30	25.758	27.518	24.532	66.23	64.393	65.824	176.778	171.685	165.983	300.947	302.126	298.504
00:24:00	25.101	26.39	25.244	65.419	62.566	65.47	174.745	169.215	169.896	297.4	299.939	297.168
00:24:30	25.51	25.842	25.69	67.491	61.76	65.683	173.098	171.389	170.348	299.578	297.85	299.242
00:25:00	25.583	26.495	24.465	66.318	63.063	66.225	171.995	170.867	167.077	300.53	296.757	298.826
00:25:30	24.871	26.249	24.606	64.458	63.024	66.165	170.96	171.191	167.851	298.946	304.701	300.428
00:26:00	24.121	26.049	24.246	66.75	62.943	63.2	174.306	169.981	166.501	297.527	301.748	301.078
00:26:30	24.443	25.398	23.972	64.49	61.838	65.715	170.013	172.197	169.498	302.079	303.666	297.066
00:27:00	24.215	25.491	21.484	63.915	62.01	65.379	171.165	169.727	169.353	292.282	298.862	293.203
00:27:30	25.384	25.828	23.563	65.22	61.71	65.29	173.364	171.657	171.514	299.767	305.472	304.497
00:28:00	24.82	26.246	23.631	63.012	61.204	62.207	174.105	168	168.707	299.528	303.545	297.513
00:28:30	23.67	25.552	23.824	63.224	59.983	61.988	171.535	168.727	169.59	297.685	301.932	296.363
00:29:00	24.593	25.241	22.673	62.321	60.48	62.104	174.764	170.382	168.946	297.035	299.729	299.221
00:29:30	23.068	24.249	22.894	60.774	58.304	61.009	170.475	168.327	165.854	295.866	298.132	296.657
00:30:00	24.204	24.444	22.687	61.586	58.729	62.707	171.444	169.24	167.324	297.067	300.816	296.967
00:30:30	23.249	24.197	22.006	60.024	57.691	60.562	171.29	169.16	168.109	293.649	295.339	295.216
00:31:00	22.665	25.175	22.491	60.43	60.317	61.995	171.716	169.422	167.989	298.504	301.171	297.088
00:31:30	23.023	23.508	22.743	59.662	58.185	61.21	169.646	168.982	167.875	299.415	297.736	296.175
00:32:00	23.385	24.153	21.771	59.167	56.73	59.76	168.655	167.973	167.44	298.827	298.682	296.38
00:32:30	22.273	24.012	22.078	59.088	58.178	60.174	171.113	168.951	168.114	295.685	299.446	296.007
00:33:00	21.524	22.77	21.577	58.262	56.821	59.513	169.817	167.365	167.733	295.792	296.313	297.122
00:33:30	22.1	23.793	22.468	58.946	57.032	58.766	170.638	166.004	166.39	295.152	297.988	298.197
00:34:00	22.478	22.859	22.237	58.644	54.806	57.397	172.814	167.809	169.335	297.621	300.529	297.309
00:34:30	21.779	23.307	20.716	57.268	56.075	61.244	172.784	165.777	167.437	293.146	299.944	291.704
00:35:00	22.284	23.254	21.565	56.889	56.153	59.594	166.215	169.328	166.939	297.206	299.363	296.49
00:35:30	21.327	23.134	21.213	56.474	56.06	57.851	169.871	165.887	165.535	299.166	297.463	292.5
00:36:00	21.135	23.23	20.339	56.624	55.806	59.467	171.81	167.848	163.918	294.269	294.789	294.532
00:36:30	22.184	22.255	21.871	56.047	55.349	57.931	167.384	169.319	165.125	296.611	297.848	292.672
00:37:00	21.108	22.247	20.137	57.087	55.184	58.606	168.382	164.55	165.879	295.383	295.143	291.625
00:37:30	21.343	22.34	21.848	55.052	55.977	58.462	169.45	164.847	166.637	298.47	298.376	289.15
00:38:00	20.473	22.339	19.477	57.097	54.782	58.926	168.036	164.518	164.007	291.177	297.023	297.045
00:38:30	21.869	21.775	20.517	55.002	56.152	57.71	168.479	166.297	165.854	298.103	296.628	295.12
00:39:00	21.812	22.413	20.826	53.93	55.732	56.856	163.828	166.432	164.918	299.42	295.353	296.307
00:39:30	20.64	22.327	20.54	55.694	54.549	58.001	168.14	167.612	163.729	298.785	298.83	296.896
00:40:00	20.021	22.216	20.452	53.194	55.686	58.018	168.161	168.112	164.107	291.651	296.422	295.491
00:40:30	21.624	21.823	19.218	56.103	53.69	55.485	166.76	168.181	166.277	295.195	299.324	296.727
00:41:00	20.694	21.443	19.794	54.674	55.27	57.051	167.939	163.707	162.236	294.17	295.417	290.329
00:41:30	20.278	21.888	19.485	55.053	54.771	58.61	168.512	162.553	165.454	295.61	296.304	298.732
00:42:00	20.428	21.922	20.553	55.057	55.466	55.658	168.94	162.694	164.271	295.278	296.717	294.762
00:42:30	20.739	22.423	20.164	53.064	54.772	58.735	164.17	165.743	164.933	293.231	296.861	293.453
00:43:00	20.82	21.809	19.682	54.502	53.876	55.705	169.785	165.987	162.692	295.243	300.304	293
00:43:30	20.06	20.94	19.755	53.778	53.831	57.034	168.885	166.687	164.812	295.154	297.1	294.004
00:44:00	19.429	20.586	19.92	53.492	51.895	57.646	169.733	162.837	164.633	295.435	297.346	293.123
00:44:30	20.113	22.886	17.976	54.918	54.546	56.771	167.931	165.513	166.055	294.93	296.484	293.862
00:45:00	20.205	20.049	18.583	53.209	52.573	55.814	163.665	163.78	165.339	294.924	297.235	291.308
00:45:30	19.314	20.742	19.308	53.706	54.161	56.216	167.521	163.696	163.856	291.936	297.132	292.029
00:46:00	19.8	20.731	19.514	53.715	54.898	55.283	170.567	163.583	165.574	293.892	294.654	292.438
00:46:30	19.576	21.196	18.462	53.374	51.239	55.672	169.316	163.93	164.341	295.451	295.805	289.603
00:47:00	19.806	21.274	18.477	51.122	50.951	53.91	165.696	166.022	162.909	296.785	293.415	291.962
00:47:30	19.386	20.256	18.368	52.891	53.243	54.83	168.795	162.836	165.26	295.415	296.029	293.448
00:48:00	20.334	20.985	20.068	53.071	54.696	56.787	165.517	164.715	162.433	295.211	296.85	289.64
00:48:30	20.407	20.739	19.212	51.821	52.766	55.935	166.579	164.82	167.116	295.627	297.244	294.612
00:49:00	19.434	20.071	18.895	52.955	52.891	56.197	167.525	164.979	165.038	293.697	298.404	291.928
00:49:30	19.174	21.084	19.808	52.704	53.627	55.563	166.803	163.126	163.312	298.732	296.946	291.275
00:50:00	18.707	20.593	18.267	52.353	50.06	55.495	165.806	160.274	162.697	295.368	294.355	288.497
00:50:30	18.976	19.554	18.312	53.658	51.335	54.76	166.663	163.604	161.245	290.399	296.49	291.961
00:51:00	19.088	21.206	19.643	52.013	51.507	54.953	166.646	164.613	164.723	295.662	294.37	293.317
00:51:30	18.916	19.622	18.633	51.866	53.843	54.613	167.246	164.471	165.934	293.118	293.99	291.728
00:52:00	19.512	19.912	18.861	51.845	53.057	53.556	171.03	165.676	164.665	293.843	293.957	295.542
00:52:30	18.774	19.823	18.553	52.028	51.901	54.533	165.985	161.477	164.859	295.073	297.019	295.182
00:53:00	19.22	20.121	17.714	50.838	52.151	55.412	165.989	163.015	162.558	291.95	294.683	290.015
00:53:30	19.452	20.893	17.654	50.001	51.325	55.765	165.209	164.088	160.97	291.879	296.537	290.679
00:54:00	19.662	19.623	18.164	50.616	52.643	53.974	166.532	163.716	167.133	296.356	293.544	297.949
00:54:30	20.035	20.136	17.562	52.394	52.027	54.9	164.895	163.056	167.064	288.06	297.135	293.323
00:55:00	19.235	20.04	18.707	51.905	51.292	54.22	165.8	162.424	164.435	293.063	293.096	288.668
00:55:30	18.863	20.299	18.293	50.741	52.297	53.133	166.737	162.638	162.843	292.9	293.547	293.363
00:56:00	18.207	20.365	18.039	51.294	52.359	55.006	168.179	164.075	163.665	295.217	294.312	292.296
00:56:30	18.987	20.101	17.965	49.236	51.769	53.443	164.998	163.803	165.677	289.562	295.061	290.792
00:57:00	17.915	19.263	17.696	51.589	52.703	53.23	161.719	161.851	163.822	296.546	297.318	293.364
00:57:30	18.028	20.31	18.28	50.919	51.901	53.236	165.807	164.411	166.115	293.129	296.414	293.988
00:58:00	18.392	19.435	17.298	50.841	51.716	52.395	164.281	163.245	165.55	291.939	295.862	287.246
00:58:30	19.363	20.02	17.719	49.2	50.845	53.329	165.958	164.835	162.155	293.442	292.161	292.663
00:59:00	18.116	20.262	17.422	49.255	50.588	52.898	166.677	167.055	162.709	289.944	295.132	290.417
00:59:30	17.511	19.075	17.592	50.807	50.913	53.65	167.753	162.151	162.8	291.141	295.219	288.137
01:00:00	18.982	20.5	19.336	50.198	51.063	52.596	165.511	163.348	162.081	290.805	293.868	290.913
01:00:30	19.321	19.239	18.46	49.38	50.635	52.951	167.069	166.105	163.821	291.646	291.363	291.183
01:01:00	19.009	20.057	18.027	49.017	47.995	53.004	166.894	166.511	165.157	293.409	295.093	291.645
01:01:30	18.57	19.823	16.701	49.537	49.543	52.759	166.33	163.171	162.452	294.104	294.873	290.125
01:02:00	18.219	19.565	18.13	48.554	49.511	53.872	167.896	164.702	163.99	293.353	300.708	293.873
01:02:30	18.542	19.456	17.388	50.791	50.916	51.949	166.418	161.393	164.876	291.155	292.671	288.827
01:03:00	18.004	19.892	17.757	48.221	49.706	52.734	166.312	162.883	162.094	292.268	292.742	287.543
01:03:30	17.217	19.45	16.861	50.622	50.701	54.852	164.304	162.926	161.922	288.311	294.041	289.73
01:04:00	18.413	19.565	18.951	49.939	50.456	52.314	166.198	164.263	163.604	291.541	291.648	288.204
01:04:30	18.481	20.23	17.482	48.26	51.277	52.002	164.716	161.496	160.032	293.161	291.269	289.771
01:05:00	19.049	18.66	17.89	49.847	51.811	52.668	164.848	159.831	161.488	291.745	294.34	292.369
01:05:30	18.086	19.402	17.832	48.16	50.332	53.227	165.932	163.399	162.481	292.453	298.896	290.237
01:06:00	18.282	19.086	17.899	49.581	49.063	51.993	166.892	161.8	162.507	292.521	293.536	293.606
01:06:30	18.089	20.196	17.122	48.128	50.207	52.593	165.631	165.097	162.658	288.734	292.385	287.082
01:07:00	18.001	19.218	17.343	48.266	49.551	51.304	167.02	160.183	163.465	293.174	292.806	292.151
01:07:30	17.569	19.757	16.953	50.07	48.428	52.083	164.625	162.434	162.304	292.191	292.41	291.423
01:08:00	18.214	19.628	17.629	48.485	50.379	51.981	163.774	163.917	163.3	291.035	293.59	287.932
01:08:30	18.114	18.719	17.215	49.805	51.659	52.121	168.136	163.383	158.942	292.696	295.248	293.721
01:09:00	18.168	18.982	16.639	48.171	49.202	51.813	163.588	162.267	163.449	290.146	293.48	288.856
01:09:30	18.741	19.177	17.913	49.549	48.491	51.356	164.886	161.049	162.272	291.094	290.62	285.374
01:10:00	18.257	18.94	17.805	48.214	48.773	51.557	166.781	161.557	160.497	293.081	294.889	290.792
01:10:30	18.165	19.279	17.908	48.866	48.968	53.129	166.238	159.683	163.142	293.768	295.305	289.214
01:11:00	17.74	18.536	17.498	48.625	49.299	52.663	168.061	161.792	163.941	294	289.39	290.557
01:11:30	18.036	19.408	17.803	48.876	49.227	51.903	163.911	162.451	159.208	294.404	295.778	292.943
01:12:00	17.4	18.877	17.472	47.805	49.419	51.919	167.417	158.298	161.945	290.169	293.547	285.8
01:12:30	18.19	18.563	17.987	48.606	49.939	52.976	165.576	160.643	160.324	289.829	293.78	285.045
01:13:00	17.727	18.481	16.645	49.492	47.86	51.8	164.641	163.643	164.629	290.75	289.304	289.983
01:13:30	18.896	18.849	17.192	46.815	50.113	51.853	165.478	164.068	160.356	294.241	293.383	291.616
01:14:00	19.098	17.783	17.691	48.204	47.965	50.438	162.022	160.172	162.643	290.409	290.505	288.22
01:14:30	18.078	18.829	17.419	47.991	47.928	49.978	164.946	161.155	163.202	295.426	292.7	283.464
01:15:00	18.502	18.657	17.585	48.938	47.7	51.828	164.308	162.96	161.475	290.919	294.352	290.225
01:15:30	17.91	18.358	16.754	46.679	48.094	49.763	163.811	162.927	162.578	291.846	295.457	290.908
01:16:00	17.586	20.128	16.729	47.609	49.828	50.538	165.768	162.263	161.651	290.94	293.894	289.597
01:16:30	17.86	19.224	17.721	48.901	47.428	50.036	166.292	161.008	159.158	287.45	293.447	286.944
01:17:00	17.582	17.748	17.459	45.973	48.265	51.303	167.499	161.664	163.229	292.587	294.386	288.975
01:17:30	17.096	19.561	17.523	47.348	48.449	49.838	166.527	165.382	160.355	289.073	292.61	287.901
01:18:00	18.482	19.304	17.216	47.614	47.337	51.085	165.064	163.481	160.668	289.81	293.036	291.193
01:18:30	17.573	19.205	16.635	46.645	47.591	51.164	162.393	164.409	161.419	290.595	295.305	290.769
01:19:00	17.678	19.633	16.295	49.226	48.534	51.634	161.556	160.296	162.401	290.546	294.649	292.741
01:19:30	17.645	18.417	17.178	46.57	47.639	51.598	164.435	159.841	164.293	286.207	297.296	290.262
01:20:00	17.427	19.407	18.377	46.036	48.098	50.257	167.3	164.37	159.585	290.745	294.9	287.251
01:20:30	17.482	18.253	17.195	47.004	47.226	52.155	164.918	161.201	165.408	292.352	293.142	284.668
01:21:00	18.775	18.55	16.674	47.37	47.777	50.131	164.773	162.181	163.112	290.8	292.777	290.249
01:21:30	17.538	19.189	16.33	45.669	48.351	49.967	161.882	162.328	161.829	288.643	292.328	288.51
01:22:00	17.928	18.413	15.828	46.607	46.826	51.113	165.251	160.317	160.303	288.853	294.896	288.786
01:22:30	16.919	18.574	17.625	46.163	47.823	50	162.962	161.094	162.189	287.286	292.005	289.799
01:23:00	17.977	18.977	16.863	47.646	47.129	50.896	164.562	160.298	161.904	287.149	289.024	286.563
01:23:30	17.849	18.897	17.195	45.994	46.479	49.876	161.31	162.114	161.697	290.82	287.467	288.148
01:24:00	17.424	18.877	17.376	45.989	47.556	51.048	168.439	163.825	162.764	289.446	290.302	290.014
01:24:30	17.687	18.241	17.69	47.115	47.385	49.45	163.263	161.707	160.112	289.672	297.7	292.802
01:25:00	16.813	17.887	16.841	46.894	46.051	49.728	164.081	162.23	162.358	288.968	292.836	285.894
01:25:30	17.558	18.508	17.162	46.04	48.236	52.892	165.261	161.807	162.612	289.951	295.548	290.2
01:26:00	17.39	19.011	17.244	46.309	46.441	52.051	164.284	163.825	163.29	290.895	295.151	287.72
01:26:30	17.649	18.12	17.412	48.527	47.278	50.686	165.815	161.445	164.505	288.043	294.366	288.973
01:27:00	17.709	18.314	17.219	45.453	46.785	49.975	163.296	162.619	159.653	291.59	287.98	287.378
01:27:30	17.867	18.865	16.418	46.149	47.2	50.221	165.544	158.437	162.069	287.693	293.614	288.576
01:28:00	18.669	18.547	17.038	47.226	47.109	49.545	164.698	162.595	166.07	289.781	293.214	292.102
01:28:30	18.176	19.186	17.751	46.441	47.668	49.755	167.215	160.919	165.511	288.46	291.857	290.132
01:29:00	17.812	18.422	17.611	46.008	46.286	48.325	163.935	161.854	160.623	286.218	293.202	289.207
01:29:30	17.214	17.888	15.88	46.874	46.564	50.036	167.574	161.723	160.109	288.038	295.068	295.145
01:30:00	17.439	17.662	18.059	47.368	47.245	49.372	164.293	162.722	162.213	289.402	288.319	288.91
01:30:30	18.119	18.563	16.701	45.518	45.973	50.309	162.453	161.691	160.674	287.7	288.993	287.794
01:31:00	18.004	18.113	16.555	46.342	46.456	48.193	166.526	160.51	164.391	286.574	293.379	292.095
01:31:30	17.444	17.361	17.345	45.449	46.199	48.758	164.747	163.463	160.445	289.979	294.226	284.78
01:32:00	17.083	18.136	16.774	46.083	47.331	50.226	166.82	160.921	160.915	286.141	290.457	291.431
01:32:30	17.719	18.142	16.817	45.677	46.747	49.93	166.258	163.611	161.329	288.557	291.897	290.316
01:33:00	17.367	17.883	16.775	45.212	45.884	50.384	163.58	161.042	163.355	293.685	292.936	290.097
01:33:30	18.024	18.296	16.301	45.349	47.099	48.655	166.247	162.872	162.234	286.382	295.955	289.208
01:34:00	17.404	17.975	16.697	45.709	46.017	49.22	163.737	162.549	162.336	287.7	290.82	288.83
01:34:30	17.327	18.825	16.355	46.651	45.554	48.889	164.957	161.791	161.553	290.987	294.681	291.453
01:35:00	16.679	17.43	16.884	44.803	45.493	48.248	164.372	160.457	160.051	283.727	288.198	286.271
01:35:30	16.883	18.436	16.949	47.697	45.468	48.383	164.113	161.651	161.457	285.918	290.244	285.636
01:36:00	17.691	17.89	16.209	45.309	45.692	49.658	165.676	162.051	161.852	290.865	291.886	289.953
01:36:30	17.464	17.355	16.316	46.768	45.86	48.192	164.007	160.275	160.736	290.686	288.85	285.51
01:37:00	17.98	18.533	16.545	45.378	46.084	48.151	164.236	165.032	162.343	286.776	287.089	291.863
01:37:30	16.831	18.077	16.368	47.254	46.4	48.734	163.723	160.288	163.217	287.81	292.489	284.998
01:38:00	17.389	18.578	16.852	45.167	45.068	48.688	163.987	160.7	160.312	288.552	289.477	286.222
01:38:30	17.462	17.753	17.075	45.245	45.747	46.218	163.151	157.627	162.213	284.912	293.259	287.48
01:39:00	17.525	17.548	17.307	45.748	44.477	47.137	164.787	159.989	159.803	285.249	290.351	285.478
01:39:30	17.689	18.222	16.257	45.831	47.616	48.837	162.862	161.844	159.983	288.636	293.05	289.212
01:40:00	17.161	18.197	16.616	45.662	47.508	48.199	167.196	162.78	163.578	290.275	296.098	289.68
01:40:30	16.739	18.105	16.632	45.726	45.85	50.352	165.027	160.817	160.826	289.582	295.902	286.788
01:41:00	17.055	17.677	16.952	47.781	46.252	48.712	161.972	162.334	162.788	290.414	293.572	290.402
01:41:30	18.449	17.904	16.621	45.364	46.56	47.993	162.414	159.043	163.192	283.86	292.623	288.656
01:42:00	17.344	18.006	16.463	45.575	47.143	49.149	160.83	160.251	161.752	284.641	285.809	286.339
01:42:30	17.762	18.362	17.096	45.565	46.644	49.413	167.684	164.993	164.051	291.43	295.499	292.576
01:43:00	17.829	18.177	17.047	45.484	45.423	48.615	162.543	160.381	162.92	285.646	294.269	290.535
01:43:30	18.245	18.467	16.735	45.799	46.265	50.029	164.62	161.547	163.64	288.073	290.01	292.485
01:44:00	17.394	17.756	16.761	44.452	46.473	47.298	163.19	160.977	162.261	284.833	291.817	292.419
01:44:30	17.731	18.339	17.54	45.641	45.591	48.711	163.392	160.569	158.905	284.584	289.277	290.561
01:45:00	17.077	19.138	17.546	44.682	46.858	48.102	161.799	161.455	163.439	285.74	292.893	287.129
01:45:30	17.611	17.863	16.505	46.442	44.812	49.182	162.435	162.862	160.298	290.985	291.63	287.369
01:46:00	17.725	17.888	16.502	45.121	46.947	48.055	167.179	161.096	161.058	286.819	286.924	289.796
01:46:30	17.644	18.233	17.401	46.158	46.006	48.135	164.76	161.081	161.032	290.223	292.564	289.107
01:47:00	17.764	18.651	16.945	45.357	45.41	48.753	164.246	164.449	160.107	288.368	291.539	290.259
01:47:30	17.411	18.542	16.2	44.757	44.432	48.037	167.748	161.109	163.668	290.225	288.976	283.723
01:48:00	17.537	17.987	16.387	45.699	47.005	48.298	165.612	160.396	162.036	289.108	290.485	290.624
01:48:30	17.452	18.365	16.781	45.547	44.919	50.381	164.468	161.408	163.273	289.792	292.515	286.62
01:49:00	18.002	18.681	16.612	45.679	44.218	47.982	164.166	162.123	163.03	285.225	291.377	287.702
01:49:30	17.601	18.253	16.757	43.87	44.817	48.233	166.75	162.953	161.564	287.459	294.138	287.747
01:50:00	17.149	18.46	16.715	44.682	45.772	47.006	160.135	161.972	163.693	286.363	294.398	290.245
01:50:30	17.303	18.103	16.959	44.548	45.162	47.834	164.835	161.001	162.643	286.976	290.724	286.295
01:51:00	17.603	19.481	16.817	44.056	45.554	48.22	161.598	162.439	162.268	291.752	291.433	287.759
01:51:30	17.507	18.638	16.211	45.284	45.869	49.178	166.722	162.047	161.439	288.534	291.624	289.234
01:52:00	17.075	18.215	15.723	46.202	45.458	47.688	163.727	162.931	161.515	290.135	292.925	289.943
01:52:30	17.835	18.711	17.302	44.74	45.857	47.231	167.149	161.569	164.098	289.57	290.103	291.141
01:53:00	16.595	18.548	16.663	44.211	45.741	48.137	164.55	163.018	162.671	290.466	291.54	286.896
01:53:30	17.413	17.99	16.953	44.205	45.647	47.154	165.118	163.453	162.162	287.519	286.524	284.973
01:54:00	18.228	18.988	15.914	46.23	45.172	48.349	165.728	162.453	162.716	284.808	295.543	286.377
01:54:30	16.764	17.695	16.658	44.462	44.946	46.735	164.88	161.686	160.97	290.971	295.69	286.487
01:55:00	17	17.824	17.357	44.479	45.969	46.724	163.139	162.889	162.135	286.775	291.447	284.679
01:55:30	17.724	17.629	16.851	45.201	45.191	47.445	166.657	162.579	162.853	290.19	294.182	291.36
01:56:00	17.429	17.952	17.16	46.026	45.072	47.339	164.906	160.71	163.781	283.817	290.807	288.494
01:56:30	17.865	18.707	17.013	44.888	44.496	47.653	164.276	163.819	162.691	290.848	286.248	288.198
01:57:00	17.179	19.544	17.24	46.162	44.578	48.42	163.131	166.158	162.634	286.187	291.735	288.089
01:57:30	16.199	18.428	16.854	46.081	46.354	47.457	164.966	162.745	161.38	287.731	294.751	286.014
01:58:00	17.791	18.548	17.327	43.698	45.908	46.905	164.153	161.49	164.383	286.704	291.202	285.083
01:58:30	17.561	18.329	15.982	45.266	45.196	47.561	161.967	163.097	165.305	289.373	294.11	291.632
01:59:00	17.919	18.443	16.728	44.69	45.821	48.734	167.836	162.494	163.678	287.161	294.118	290.427
01:59:30	17.686	17.059	17.319	43.34	45.237	46.593	164.335	160.966	163.636	287.163	288.253	286.584
02:00:00	17.65	18.222	15.463	44.679	45.028	47.951	163.472	161.939	162.29	289.033	296.362	286.421