Time	25_1	25_2	25_3	50_1	50_2	50_3	100_1	100_2	100_3	150_1	150_2	150_3
00:00:00	99.591	104.883	115.219	206.572	204.238	204.39	381.193	389.754	419.369	608.829	582.486	580.862
00:00:30	93.709	99.789	103.761	194.696	197.869	195.393	367.873	374.826	398.579	594.899	571.568	568.56
00:01:00	91.322	95.896	94.353	187.292	192.55	188.797	360.416	365.946	381.034	581.991	564.76	555.07
00:01:30	87.556	91.841	89.71	182.413	187.508	183.009	346.993	353.478	371.271	572.401	554.26	546.955
00:02:00	86.046	89.006	88.887	174.604	180.432	182.078	346.6	345.285	369.197	569.131	548.174	547.92
00:02:30	82.477	86.422	85.807	174.534	174.327	172.203	340.504	339.585	355.154	556.023	540.398	534.283
00:03:00	84.329	84.548	84.929	170.856	168.171	168.502	339.639	336.715	358.052	550.675	549.799	529.225
00:03:30	78.012	80.131	82.632	167.89	166.321	162.203	333.974	328.872	350.635	553.743	542.344	525.982
00:04:00	77.232	81.391	79.95	160.683	162.506	158.972	327.764	331.038	347.814	545.862	538.329	523.194
00:04:30	74.574	80.461	75.641	160.805	159.211	157.985	325.31	328.181	343.603	548.701	526.204	524.356
00:05:00	74.166	76.716	74.489	158.856	156.353	151.218	320.025	324.854	341.865	549.411	529.384	514.633
00:05:30	73.847	76.109	74.985	154.625	154.066	150.984	317.132	319.955	340.366	541.344	526.67	518.1
00:06:00	70.358	72.869	72.338	155.674	151.505	148.425	317.646	324.233	339.064	544.567	528.913	519.156
00:06:30	68.905	71.869	71.49	151.821	146.04	141.961	318.173	316.44	332.089	537.145	528.774	517.921
00:07:00	67.534	70.369	69.483	152.127	143.277	141.85	311.228	320.461	337.36	535.699	528.746	517.138
00:07:30	67.839	69.075	68.8	150.399	143.451	141.432	311.236	316.74	332.917	543.03	523.196	517.695
00:08:00	66.459	67.613	67.525	150.557	141.778	137.97	309.269	312.222	329.905	537.365	518.949	515.727
00:08:30	66.276	67.513	66.099	148.068	141.096	135.7	305.743	310.935	328.94	542.276	523.01	513.902
00:09:00	63.828	66.945	65.199	146.104	139.602	134.481	309.472	308.905	327.069	527.92	516.578	508.313
00:09:30	61.576	63.729	62.712	146.86	136.338	131.875	308.6	310.746	326.716	530.581	517.517	512.651
00:10:00	62.891	63.062	62.497	143.052	136.655	131.667	309.881	309.076	327.675	536.594	524.025	512.047
00:10:30	60.349	62.84	61.078	141.282	135.375	129.951	304.23	309.343	324.114	537.386	520.556	512.732
00:11:00	59.86	62.465	59.829	135.787	132.614	127.375	305.656	305.395	324.615	533.175	517.414	509.691
00:11:30	59.968	61.061	61.732	140.026	133.459	133.18	302.681	306.858	329.037	536.665	520.21	513.45
00:12:00	59.535	60.743	58.56	138.788	134.523	125.615	307.699	307.21	324.236	531.426	522.241	513.479
00:12:30	56.84	60.968	58.214	135.129	133.437	124.309	301.882	307.18	325.659	532.215	514.864	507.942
00:13:00	57.068	59.227	58.428	137.362	131.566	124.887	304.433	308.066	324.461	530.691	520.506	510.896
00:13:30	55.929	59.89	55.332	133.032	128.691	123.21	298.007	305.503	329.884	534.483	518.901	510.116
00:14:00	56.099	58.256	57.44	132.612	130.697	123.751	300.868	305.51	326.287	532.59	514.006	508.93
00:14:30	54.462	56.351	54.687	134.879	128.843	119.745	302.59	306.314	325.498	529.005	518.986	508.178
00:15:00	55.673	56.24	56.949	132.548	130.725	122.726	304.343	305.984	321.755	532.494	514.965	509.155
00:15:30	52.277	55.409	54.955	131.576	129.657	120.238	301.441	301.547	323.541	531.699	518.088	510.493
00:16:00	52.848	54.34	54.25	130.895	126.563	120.643	302.154	302.214	321.669	531.712	519.6	503.595
00:16:30	54.097	54.623	53.127	129.1	127.161	119.921	299.099	297.849	321.804	526.192	517.482	503.92
00:17:00	51.376	52.94	52.807	129.333	125.117	119.257	296.645	299.233	322.787	523.168	514.877	504.18
00:17:30	49.577	54.46	52.493	126.909	124.658	118.151	298.64	296.199	323.062	524.69	516.181	503.936
00:18:00	50.235	52.225	51.135	126.969	124.113	118.128	295.986	300.32	318.238	523.479	509.792	500.746
00:18:30	51.08	52.875	51.351	125.807	124.493	118.723	298.136	301.917	317.917	525.43	516.478	508.878
00:19:00	49.642	52.268	49.818	129.455	123.644	117.234	295.382	303.689	318.36	530.595	516.586	504.764
00:19:30	48.671	51.652	51.097	125.358	125.685	118.418	297.27	298.539	316.711	527.08	517.88	503.283
00:20:00	48.847	49.429	49.36	124.112	121.861	116.009	296.257	299.932	314.763	521.951	515.712	501.64
00:20:30	46.223	48.747	47.963	122.137	124.193	117.211	295.251	293.13	317.4	528.517	515.197	505.474
00:21:00	48.004	50.45	50.272	123.827	120.36	115.555	300.356	296.752	315.022	527.348	509.835	505.678
00:21:30	45.705	51.587	49.443	123.631	122.099	113.735	297.447	298.575	315.478	529.28	521.153	502.459
00:22:00	47.197	49.732	48.685	123.374	120.724	114.768	302.021	297.815	314.193	523.521	515.946	503.719
00:22:30	45.864	49.042	47.859	122.004	120.444	112.39	293.906	301.152	320.537	528.446	515.972	506.901
00:23:00	46.543	49.261	48.034	122.076	122.459	114.895	296.981	296.349	316.693	532.409	513.786	506.271
00:23:30	45.955	46.919	47.938	123.218	120.808	114.191	296.501	297.37	323.045	524.703	512.41	506.158
00:24:00	45.584	48.078	46.677	118.238	122.342	115.744	297.521	298.391	312.994	528.433	516.418	502.328
00:24:30	45.354	47.863	45.355	120.347	120.1	115.475	294.176	300.165	316.911	531.889	512.661	500.204
00:25:00	44.519	47.311	45.865	117.77	119.538	113.539	293.764	298.015	316.937	528.76	515.191	508.134
00:25:30	43.782	46.975	45.407	117.909	117.973	111.519	295.154	295.56	313.942	525.53	507.906	504.53
00:26:00	43.625	45.606	46.933	118.696	118.797	115.159	292.948	293.326	315.703	526.371	513.904	501.474
00:26:30	44.112	46.82	45.035	116.63	120.732	112.473	297.371	300.269	316.364	521.799	510.253	504.679
00:27:00	42.195	47.412	44.024	116.746	114.876	113.135	297.683	298.054	316.901	528.906	512.301	505.953
00:27:30	44.499	46.264	43.283	116.194	118.029	110.228	293.875	292.698	312.87	522.53	505.195	492.069
00:28:00	42.459	45.871	43.384	114.878	116.018	111.191	292.955	295.916	314.803	525.085	510.252	502.838
00:28:30	42.519	44.278	42.269	113.002	115.917	110.437	295.202	297.807	315.594	521.463	508.967	503.466
00:29:00	42.05	45.642	43.608	113.491	118.215	110.948	293.878	290.298	313.926	522.081	511.492	503.794
00:29:30	41.949	43.864	42.974	113.64	115.971	112.573	292.806	295.162	312.818	517.217	508.498	499.118
00:30:00	42.149	44.493	42.496	116.305	116.197	111.215	295.154	297.623	315.709	524.895	509.616	499.83
00:30:30	41.647	44.115	42.564	112.927	118.549	113.364	293.591	295.758	314.726	518.741	509.041	500.016
00:31:00	40.671	43.928	41.119	113.846	115.703	109.711	293.038	295.24	313.655	525.633	511.619	499.245
00:31:30	41.399	43.343	40.75	112.836	116.083	110.709	291.8	293.281	310.767	517.434	506.795	491.827
00:32:00	41.822	41.872	41.7	114.554	114.423	109.945	295.385	290.651	313.249	521.768	514.124	498.172
00:32:30	40.057	43.226	41.362	112.327	114.989	109.082	292.338	290.295	311.318	521.013	512.523	500.917
00:33:00	39.991	42.417	41.194	111.78	115.379	108.006	290.539	293.802	311.365	520.991	510.614	502.017
00:33:30	40.614	42.014	40.973	109.495	116.941	108.72	291.955	294.268	312.5	520.603	509.997	496.717
00:34:00	40.957	42.865	40.104	109.607	114.227	107.421	288.255	292.172	310.807	521.233	507.663	498.98
00:34:30	39.932	41.087	40.413	111.451	113.679	106.456	292.257	288.733	313.337	520.3	508.104	495.761
00:35:00	39.14	42.952	39.365	112.152	114.1	108.066	291.929	293.431	311.322	519.64	513.941	501.906
00:35:30	39.342	41.712	40.786	110.803	116.144	109.507	294.09	295.661	315.162	520.517	510.516	500.103
00:36:00	38.588	41.809	40.645	110.008	116.8	105.692	288.35	291.22	312.921	522.872	504.739	493.439
00:36:30	39.027	41.306	39.058	112.258	112.203	108.417	289.096	294.745	316.014	515.881	511.284	498.984
00:37:00	39.61	42.073	40.02	109.206	115.047	109.089	290.506	289.72	312.925	518.016	510.274	498.287
00:37:30	39.444	40.569	38.263	110.523	113.256	107.214	291.066	295.908	312.004	514.875	509.607	504.022
00:38:00	38.327	41.697	39.89	108.828	115.265	107.511	291.655	294.754	310.74	518.101	510.485	493.645
00:38:30	39.099	39.458	38.679	109.171	114.019	108.213	294.341	296.393	308.382	516.525	511.068	499.982
00:39:00	38.627	40.922	38.233	109.258	111.641	106.002	290.203	290.124	308.214	515.36	507.351	496.34
00:39:30	39.671	41.535	38.28	105.881	112.745	111.136	290.655	291.391	309.145	517.433	508.584	495.529
00:40:00	36.393	40.734	38.309	106.345	113.123	107.04	291.608	291.661	309.723	517.943	510.471	493.241
00:40:30	36.463	39.43	38.248	107.17	112.915	105.463	290.799	290.557	310.646	515.685	508.498	493.728
00:41:00	36.632	41.679	38.921	108.08	110.98	108.415	289.283	292.042	316.173	519.476	507.377	491.921
00:41:30	37.698	41.443	39.235	108.179	111.178	105.476	289.179	293.104	309.028	518.435	506.18	499.851
00:42:00	36.989	39.017	37.702	106.044	114.036	105.731	291.461	295.26	309.546	516.073	505.924	495.313
00:42:30	36.678	40.504	37.561	105.807	112.595	107.395	288.149	293.977	312.184	517.22	507.779	499.246
00:43:00	37.1	39.993	37.504	106.28	112.603	105.652	288.437	288.964	313.217	520.023	502.603	500.239
00:43:30	37.389	39.812	37.418	109.36	110.83	105.599	288.795	297.383	311.833	514.479	508.171	494.335
00:44:00	36.181	39.819	37.433	108.177	108.495	106.378	288.137	288.56	308.2	513.734	505.3	492.929
00:44:30	36.738	39.448	37.691	108.019	112.774	105.718	292.095	287.944	305.689	515.298	507.545	490.695
00:45:00	35.33	38.872	37.22	109.239	111.299	105.91	290.5	293.975	309.654	518.125	502.938	495.286
00:45:30	36.878	40.091	37.561	103.96	111.086	106.55	289.215	290.192	307.138	518.708	506.82	491.705
00:46:00	37.095	39.008	37.536	103.837	111.787	105.041	285.444	290.989	305.609	512.995	505.033	492.438
00:46:30	36.095	39.397	37.404	106.215	112.575	106.22	285.713	294.519	309.19	516.514	510.535	495.926
00:47:00	35.944	40.21	38.504	105.076	110.477	106.782	290.984	292.661	308.448	518.402	507.424	492.789
00:47:30	36.464	39.364	36.6	102.936	110.824	105.573	285.098	288.751	310.126	514.977	502.989	491.083
00:48:00	35.46	40.016	36.597	105.493	112.511	105.974	290.396	288.597	305.379	513.261	507.439	493.312
00:48:30	36.128	38.597	37.049	104.298	110.847	106.114	289.644	290.498	309.6	511.803	506.997	490.429
00:49:00	34.602	38.781	37.217	103.745	112.26	106.297	290.58	291.849	308.117	518.016	503.922	497.521
00:49:30	34.525	37.072	35.668	103.551	110.811	108.36	289.314	290.988	311.255	516.512	507.847	493.395
00:50:00	36.199	40.358	37.04	103.374	111.905	105.958	288.574	290.612	308.141	515.907	505.91	491.538
00:50:30	35.353	39.076	36.62	104.625	111.778	106.535	288.757	289.555	311.104	512.409	506.716	497.771
00:51:00	34.447	38.769	37.814	102.591	110.502	104.521	290.774	295.242	314.358	518.307	510.917	494.137
00:51:30	35.206	39.728	35.767	103.075	110.546	105.131	290.409	289.503	308.613	515.822	505.259	497.901
00:52:00	35.567	40.251	36.569	104.137	113.318	105.948	289.928	289.573	313.77	516.48	503.518	494.983
00:52:30	33.678	38.613	36.963	103.402	113.128	103.426	284.353	290.522	308.834	517.398	506.775	493.417
00:53:00	33.485	37.247	35.951	105.239	113.042	106.479	291.783	289.55	307.685	515.782	507.219	505.997
00:53:30	34.295	37.744	37.05	103.792	111.224	106.613	288.101	290.582	310.132	512.763	502.999	489.989
00:54:00	34.803	39.608	35.512	104.501	109.544	105.487	293.463	292.077	312.538	518.413	506.446	499.741
00:54:30	34.254	38.323	36.322	104.254	111.727	105.333	289.066	291.995	308.555	514.316	506.577	496.139
00:55:00	34.318	37.817	37.006	102.975	111.905	104.287	290.811	291.556	308.916	514.788	504.96	489.455
00:55:30	34.453	39.08	36.027	100.559	111.622	103.94	286.877	290.647	310.844	514.509	505.964	489.864
00:56:00	34.333	37.923	35.925	101.731	110.251	101.893	287.28	287.106	309.681	517.085	507.093	490.995
00:56:30	33.239	38.405	35.612	102.304	107.985	105.361	288.462	289.051	310.09	516.546	503.397	490.574
00:57:00	33.899	39.131	36.162	102.87	110.886	105.013	290.382	293.361	310.875	521.295	510.906	499.033
00:57:30	34.108	38.915	35.714	102.791	109.925	106.511	291.445	290.126	309.072	519.971	510.518	496.502
00:58:00	33.039	38.41	36.568	98.186	108.155	104.589	290.319	290.481	307.353	513.703	506.748	491.401
00:58:30	33.634	38.368	35.999	102.447	109.767	105.076	287.687	289.248	307.306	520.112	507.842	491.256
00:59:00	32.877	37.685	34.788	102.127	110.773	106.024	287.704	287.926	312.266	517.468	502.282	487.032
00:59:30	33.321	37.343	36.32	103.297	110.445	105.082	285.931	288.451	308.323	511.131	503.199	489.678
01:00:00	33.619	37.571	35.298	100.009	108.66	106.066	288.558	292.746	307.901	514.004	501.05	488.799
01:00:30	32.985	39.588	36.742	99.597	110.757	103.223	289.949	289.815	306.918	517.635	507.926	493.989
01:01:00	33.952	38.568	36.139	100.037	108.812	105.101	290.638	291.191	312.503	518.496	506.796	496.663
01:01:30	34	36.545	35.601	100.443	109.257	105.094	291.938	292.521	308.347	512.365	503.921	491.052
01:02:00	32.214	38.344	34.813	99.595	110.059	105.408	290.268	289.337	307.49	514.66	503.547	495.688
01:02:30	33.786	36.286	34.627	101.021	110.529	104.166	286.945	288.65	307.194	512.902	503.858	495.256
01:03:00	33.302	37.104	35.444	99.311	108.953	104.107	288.65	294.506	311.078	520.068	503.186	494.887
01:03:30	33.405	37.346	35.712	99.131	109.426	103.967	283.788	292.871	309.417	513.049	504.478	488.916
01:04:00	33.22	36.411	36.707	98.663	109.837	102.925	288.598	291.28	309.35	515.114	507.922	494.014
01:04:30	31.892	37.305	34.39	98.013	109.051	103.984	287.05	289.258	305.509	514.998	504.08	493.55
01:05:00	33.145	35.907	33.608	100.269	108.279	105.192	289.11	290.721	305.292	511.844	503.558	490.751
01:05:30	33.465	37.648	34.621	98.248	109.118	105.574	289.711	289.917	305.495	515.978	499.964	491.122
01:06:00	33.025	37.736	34.886	99.517	110.424	105.51	286.293	290.076	313.595	517.624	507.081	490.8
01:06:30	31.564	36.45	35.272	99.315	109.444	103.942	286.064	286.338	305.59	510.225	501.858	489.781
01:07:00	34.483	37.31	35.265	98.557	108.472	102.116	289.664	288.415	304.689	503.067	503.667	485.201
01:07:30	31.642	36.046	34.849	98.806	106.689	104.415	286.102	290.702	304.989	512.306	503.485	483.302
01:08:00	33.605	36.673	35.172	100.994	109.055	104.268	281.821	288.271	305.588	508.088	498.647	492.687
01:08:30	32.776	36.742	34.962	98.662	109.846	105.64	288.022	288.738	306.946	511.919	506.625	497.124
01:09:00	32.174	36.248	35.32	96.974	107.637	103.899	285.422	287.661	306.965	513.824	504.283	488.105
01:09:30	31.628	36.544	35.563	98.998	111.813	102.168	287.343	292.105	308.512	505.772	502.02	492.965
01:10:00	34.05	36.661	35.421	96.961	109.095	104.625	286.495	293.179	307.544	512.727	505.375	493.915
01:10:30	32.751	34.747	35.477	98.709	107.573	103.352	286.907	289.399	307.582	514.996	501.728	491.836
01:11:00	31.857	36.576	34.947	97.873	110.356	102.812	285.246	285.151	309.019	508.536	498.07	497.584
01:11:30	33.045	34.9	34.126	97.702	107.199	102.733	287	287.217	307.781	509.466	502.682	489.493
01:12:00	33.057	35.179	35.954	98.35	109.402	103.614	287.102	288.182	306.648	509.512	501.077	492.09
01:12:30	32.911	35.371	35.662	97.17	105.776	103.183	285.507	287.723	307.29	512.077	496.55	491.602
01:13:00	33.139	34.942	34.3	99.037	110.832	100.44	288.127	288.058	305.681	507.245	499.012	486.329
01:13:30	31.474	35.287	34.873	97.373	107.778	104.044	286.179	289.7	303.417	509.205	506.764	486.613
01:14:00	31.65	35.387	33.682	97.797	109.977	104.019	287.134	289.854	306.784	514.425	500.317	486.707
01:14:30	32.105	36.007	34.259	96.889	108.605	103.463	286.807	293.168	307.502	514.397	502.001	494.348
01:15:00	32.584	35.152	35.156	101.127	106.616	102.246	285.65	291.85	306.258	507.198	506.919	500.262
01:15:30	32.809	34.082	35.384	97.682	108.697	103.335	290.173	289.512	308.708	507.178	506.962	485.033
01:16:00	32.703	35.48	34.371	99.528	109.236	104.025	285.978	287.64	309.792	512.706	504.361	488.187
01:16:30	33.015	34.96	34.271	99.633	111.157	106.296	286.669	292.447	311.593	510.517	503.571	486.148
01:17:00	32.389	36.097	35.363	98.61	108.25	102.641	287.962	286.756	306.2	510.127	503.332	493.436
01:17:30	34.321	35.219	34.719	98.015	110.696	104.681	285.138	284.845	309.137	516.166	501.128	492.974
01:18:00	33.394	34.744	35.312	96.697	109.413	103.151	288.52	287.057	312.309	519.131	503.442	489.805
01:18:30	32.121	34.671	34.995	99.359	108.918	102.798	287.284	285.47	305.313	509.288	501.612	489.85
01:19:00	32.422	33.904	35.189	97.5	108.035	106.942	286.017	287.228	306.692	509.351	502.119	488.934
01:19:30	32.384	32.738	34.682	98.031	105.184	103.166	284.153	287.306	307.809	514.299	497.806	489.959
01:20:00	31.738	34.242	35.063	94.166	110.414	103.403	287.39	291.438	310.016	513.665	504.967	485.82
01:20:30	31.862	34.919	34.764	97.983	112.18	103.78	284.449	290.228	305.79	509.796	505.602	496.627
01:21:00	31.976	34.937	35.633	98.324	106.83	102.905	286.719	291.232	302.262	512.794	502.432	486.898
01:21:30	31.738	34.461	34.702	97.335	108.974	104.354	287.559	288.584	307.275	511.651	500.978	489.712
01:22:00	32.583	36.458	35.489	95.271	109.591	102.483	284.523	284.224	304.63	510.13	500.96	488.168
01:22:30	31.232	33.203	34.916	95.577	106.573	105.064	286.777	285.985	307.805	505.91	503.399	495.951
01:23:00	32.014	34.563	34.293	94.688	108.743	107.081	288.555	292.147	305.238	509.054	500.947	489.205
01:23:30	32.261	33.893	34.306	96.497	109.162	104.144	289.129	288.28	308.422	512.468	498.312	486.471
01:24:00	31.819	34.065	33.786	94.34	108.94	106.244	287.125	285.474	304.941	509.688	500.273	483.069
01:24:30	32.804	33.997	36.32	97.57	108.843	104.018	288.494	287.967	305.375	510.366	505.754	488.077
01:25:00	31.42	34.56	34.543	96.511	109.604	102.962	284.367	287.615	308.401	508.532	500.424	490.728
01:25:30	32.359	34.008	34.202	97.668	109.564	101.801	286.9	290.227	306.784	509.151	506.238	489.605
01:26:00	32.281	34.293	34.257	95.694	107.959	103.545	287.437	289.846	308.865	512.47	500.305	488.714
01:26:30	30.397	33.865	34.455	97.491	106.695	102.265	284.194	285.845	307.494	511.59	505.609	490.427
01:27:00	31.476	34.696	35.979	91.465	108.329	101.678	283.17	287.794	305.239	505.992	492.906	486.412
01:27:30	32.376	33.972	33.692	94.707	109.449	102.276	286.488	288.931	306.255	507.984	495.909	484.762
01:28:00	31.095	34.263	33.719	95.584	107.002	100.414	289.263	289.231	304.316	511.187	501.198	488.138
01:28:30	31.433	35.133	35.3	94.507	109.691	103.972	286.192	289.644	308.703	515.948	499.664	491.736
01:29:00	32.532	34.014	34.481	96.963	108.727	103.996	285.359	286.366	306.668	510.306	503.085	493.878
01:29:30	32.398	33.476	35.03	93.672	108.272	103.654	287.808	283.12	306.895	507.633	501.053	484.849
01:30:00	31.228	34.747	34.981	95.677	107.76	103.325	287.085	285.478	305.208	511.351	501.168	490.212
01:30:30	31.81	34.533	34.386	95.365	108.374	103.728	286.928	290.008	310.804	516.024	503.805	494.731
01:31:00	33.222	33.232	34.967	95.347	105.763	103.165	287.036	288.73	303.6	506.786	505.485	493.332
01:31:30	32.394	32.966	33.876	96.869	110.516	101.578	284.756	288.822	305.356	513.121	501.718	489.266
01:32:00	31.926	33.844	33.828	94.832	108.666	105.97	284.253	288.899	308.69	511.831	502.17	482.039
01:32:30	31.215	33.923	35.178	92.775	107.686	103.74	283.886	285.976	301.674	505.849	495.247	488.793
01:33:00	32.543	33.228	35.605	93.824	107.398	102.654	288.873	285.452	308.934	513.174	499.167	486.803
01:33:30	32.08	34.418	33.851	93.328	106.619	101.96	286.557	287.267	303.462	503.971	499.095	489.887
01:34:00	31.502	32.831	34.741	93.614	108.922	104.139	286.045	286.749	305.582	512.605	506.51	488.248
01:34:30	32.482	35.141	33.534	94.131	109.026	104.565	289.69	287.933	307.697	510.982	504.409	490.868
01:35:00	32.435	33.905	33.97	93.588	108.515	101.026	283.762	289.182	305.419	509.466	497.576	487.118
01:35:30	31.754	34.044	34.459	93.456	107.016	102.075	289.306	288.599	306.723	509.48	495.597	486.023
01:36:00	31.724	34.649	34.538	94.481	110.857	101.541	286.178	284.144	304.521	504.733	496.746	482.639
01:36:30	32.621	34.558	34.799	96.063	108.104	104.939	286.662	286.854	306.36	507.718	496.409	482.743
01:37:00	32.728	34.266	33.97	94.777	110.284	103.357	287.245	290.551	303.872	510.771	497.081	482.757
01:37:30	31.496	33.258	34.463	94.165	106.731	101.895	286.951	286.205	301.584	509.622	498.966	490.497
01:38:00	31.399	34.271	35.115	94.506	107.117	102.582	284.852	284.201	305.583	508.767	499.287	484.846
01:38:30	31.328	34.091	34.145	93.328	107.72	105.667	287.21	287.623	309.288	510.408	505.654	489.481
01:39:00	32.662	33.268	34.15	93.457	108.248	101.367	285.729	285.2	300.962	507.031	495.352	487.902
01:39:30	33.165	31.703	35.206	93.137	108.959	102.757	287.484	289.525	308.102	512.382	499.793	485.481
01:40:00	31.611	33.386	34.337	92.617	109.51	104.181	284.674	287.61	305.025	508.301	507.406	488.615
01:40:30	32.181	32.911	34.648	94.856	108.419	103.531	286.998	284.845	304.546	511.653	499.969	485.233
01:41:00	31.485	33.994	33.083	94.653	106.113	101.645	288.224	288.079	304.31	508.995	496.196	486.053
01:41:30	31.757	32.529	33.915	93.273	108.441	101.892	284.965	285.297	307.876	512.692	498.793	490.289
01:42:00	32.087	33.338	33.825	91.626	108.454	102.279	288.902	289.539	305.593	508.525	499.288	489.278
01:42:30	30.628	34.251	34.135	95.02	109.652	101.812	284.755	282.577	305.636	508.009	495.263	488.455
01:43:00	32.963	35.131	34.093	95.012	107.672	101.973	285.44	281.465	305.422	508.823	497.579	486.947
01:43:30	32.733	33.86	35.176	94.095	109.329	102.896	283.285	287.316	301.608	509.436	500.997	487.541
01:44:00	31.578	33.706	33.47	92.611	107.539	102.822	285.951	288.268	309.882	503.601	496.015	485.99
01:44:30	31.294	34.092	35.228	93.256	106.839	101.51	287.546	292.467	308.638	505.006	499.101	492.763
01:45:00	31.791	34.892	33.148	91.612	107.263	103.249	288.263	287.883	302.466	507.302	499.543	488.101
01:45:30	31.655	34.29	35.001	94.451	111.077	102.963	285.56	289.645	306.076	512.689	499.541	482.382
01:46:00	33.261	34.001	33.959	92.422	109.909	102.674	281.706	285.956	305.57	505.994	498.971	482.208
01:46:30	31.329	33.093	34.283	93.028	107.627	103.172	287.767	288.686	308.147	508.668	496.743	484.11
01:47:00	32.962	32.904	34.363	92.328	107.723	103.461	281.748	286.291	307.624	510.227	496.526	491.523
01:47:30	31.053	34.099	34.497	92.506	106.598	104.107	284.475	287.825	307.083	503.15	496.923	486.888
01:48:00	31.389	32.238	34.95	93.19	108.165	104.438	287.223	287.003	303.234	506.439	504.581	484.183
01:48:30	31.436	33.302	34	93.889	106.178	101.739	288.19	283.817	303.117	505.475	499.669	485.796
01:49:00	32.715	32.812	35.669	92.835	108	101.892	285.376	286.89	305.805	509.854	500.992	486.246
01:49:30	32.777	34.727	33.873	94.164	104.64	104.015	284.821	285.257	303.486	501.091	497.211	483.962
01:50:00	31.6	34.96	34.322	92.885	108.169	102.815	287.585	287.061	305.094	506.081	499.042	487.318
01:50:30	32.381	33.889	34.778	93.116	107.215	104.155	284.141	286.833	303.093	506.152	493.722	484.379
01:51:00	32.322	34.002	34.626	93.971	110.333	101.626	283.371	284.91	303.486	511.422	499.368	482.766
01:51:30	30.604	33.601	34.05	91.576	106.29	102.103	285.192	284.232	305.342	505.107	493.249	484.229
01:52:00	32.284	33.145	34.812	92.486	109.621	103.76	286.39	288.877	307.531	507.152	498.684	488.863
01:52:30	31.201	33.051	31.817	90.882	106.955	101.56	286.071	289.612	304.103	504.055	495.677	487.574
01:53:00	32.129	35.113	33.714	92.279	108.134	101.219	286.649	285.096	302.46	510.218	495.589	480.824
01:53:30	31.483	34.173	34.986	93.09	108.761	101.942	282.64	284.767	304.543	506.67	496.001	485.016
01:54:00	32.305	33.423	34.941	93.797	108.978	100.041	286.722	287.088	304.539	501.165	497.919	484.396
01:54:30	32.965	33.359	34.338	92.013	108.028	102.233	282.122	283.545	303.15	510.715	497.225	491.229
01:55:00	32.42	32.694	34.573	94.341	106.266	103.174	284.566	286.557	303.498	507.803	491.392	477.6
01:55:30	31.18	33.519	33.08	94.639	106.107	101.825	288.47	290.144	306.276	507.181	499.977	487.78
01:56:00	32.013	32.993	35.362	92.307	108.569	101.455	285.428	286.116	305.53	503.616	500.374	482.959
01:56:30	30.801	33.473	33.751	93.08	109.328	102.126	285.788	286.948	305.681	509.682	496.317	482.81
01:57:00	31.98	33.644	35.193	92.789	107.857	104.322	282.931	281.96	300.754	505.95	491.666	481.408
01:57:30	32.77	33.344	35.321	90.897	107.628	102.174	285.526	285.191	304.933	508.141	498.931	486.278
01:58:00	32.598	33.393	33.754	92.8	108.629	103.085	282.908	285.727	306.415	499.99	494.82	485.307
01:58:30	31.995	32.954	33.908	92.002	106.991	103.629	285.616	283.273	304.94	503.95	495.252	483.398
01:59:00	30.559	34.334	34.817	92.836	106.937	104.294	285.237	284.352	303.808	502.303	496.011	486.108
01:59:30	31.089	33.603	34.923	95.065	106.281	101.255	282.585	285.39	301.481	502.098	491.967	487.192
02:00:00	33.046	34.627	35.071	95.123	108.087	102.515	279.29	286.978	300.712	507.1	497.189	480.658