Time	25_1	25_2	25_3	50_1	50_2	50_3	100_1	100_2	100_3	150_1	150_2	150_3
00:00:00	67.653	68.903	67.404	141.696	143.806	141.425	255.763	262.598	259.186	380.201	395.969	381.014
00:00:30	65.338	66.569	61.476	135.371	135.601	132.329	254.266	256.321	255.283	372.482	388.359	367.047
00:01:00	61.158	65.72	59.185	132.585	129.186	124.803	244.029	245.37	241.78	356.012	367.65	350.407
00:01:30	59.494	61.179	56.747	126.899	124.711	121.218	237.119	236.364	234.263	340.945	360.815	341.509
00:02:00	59.118	63.035	56.506	121.903	122.485	117.215	229.551	232.99	226.159	338.929	353.582	334.695
00:02:30	54.846	60.166	54.353	121.165	119.619	112.104	221.676	224.348	220.995	333.723	352.056	334.74
00:03:00	55.471	57.012	52.858	114.691	116.434	108.259	213.919	213.458	212.182	327.52	345.245	326.119
00:03:30	53.015	55.683	51.38	112.751	113.802	107.092	210.529	207.466	204.582	324.734	339.95	319.596
00:04:00	50.08	52.884	50.393	109.429	110.852	104.442	204.692	200.978	200.631	321.336	339.523	321.504
00:04:30	49.532	52.019	47.792	104.456	106.475	100.398	200.312	196.899	193.888	316.107	331.955	311.123
00:05:00	48.948	49.976	46.669	107.194	104.24	99.552	197.751	194.745	191.698	317.636	335.841	314.1
00:05:30	48.578	49.406	47.04	101.965	102.251	99.391	193.858	192.91	193.322	316.516	327.327	317.151
00:06:00	46.233	47.839	44.684	99.649	101.005	95.052	193.723	187.892	189.418	303.461	329.568	313.336
00:06:30	47.053	48.718	45.288	99.326	97.681	94.853	188.399	187.508	184.785	313.461	322.696	309.362
00:07:00	44.975	45.097	43.929	96.731	96.178	94.782	188.15	181.809	184.797	308.557	324.833	306.371
00:07:30	42.979	44.08	42.402	96.369	95.344	92.292	184.012	180.992	181.023	307.203	322.377	307.308
00:08:00	42.616	45.05	40.579	95.19	95.655	89.299	182.381	179.495	178.892	306.391	322.003	306.255
00:08:30	42.007	44.242	39.989	92.356	94.934	87.327	182.542	176.386	179.484	302.277	322.093	303.702
00:09:00	41.776	42.273	40.136	89.079	94.386	86.607	178.914	174.52	180.185	299.395	321.078	303.106
00:09:30	40.677	41.58	38.49	88.791	91.29	85.454	180.76	175.235	175.047	301.878	320.46	298.933
00:10:00	38.125	40.397	38.24	90.789	90.215	85.544	178.214	174.3	176.265	300.574	320.878	302.517
00:10:30	38.212	41.396	36.845	87.25	88.625	83.458	178.708	175.135	175.463	302.285	315.789	301.412
00:11:00	37.466	40.429	34.915	85.676	89.656	82.466	178.449	172.644	174.221	303.12	317.38	300.836
00:11:30	36.545	38.069	36.152	86.545	88.088	79.578	171.549	171.042	173.354	298.002	318.202	295.915
00:12:00	36.535	39.064	35.862	85.204	85.154	80.909	175.037	170.278	172.893	296.457	311.749	293.823
00:12:30	36.027	37.722	33.315	83.867	86.28	80.728	172.908	170.999	169.421	297.066	313.68	296.138
00:13:00	34.842	36.507	34.718	83.434	85.492	76.858	172.687	171.116	166.458	295.67	312.962	295.517
00:13:30	35.331	37.469	33.653	82.007	83.623	79.222	170.244	165.101	168.379	296.078	315.641	297.862
00:14:00	32.533	36.338	31.922	80.167	82.39	76.311	171.214	169.381	168.906	297.252	315.104	293.159
00:14:30	34.11	35.607	32.563	79.854	82.194	76.47	170.584	164.954	168.841	291.876	309.318	292.709
00:15:00	32.766	33.335	30.917	77.8	80.756	75.144	170.209	168.474	169.011	295.223	309.874	293.073
00:15:30	31.872	33.362	30.611	77.851	82.295	76.152	170.707	163.681	166.126	298.68	309.384	296.328
00:16:00	31.072	33.387	30.203	78.319	80.552	74.282	172.049	165.721	168.183	293.105	310.855	289.923
00:16:30	30.893	32.408	29.772	78.391	77.658	73.47	168.958	164.051	165.009	296.564	309.324	292.645
00:17:00	30.772	32.58	29.771	77.188	78.573	74.63	171.534	164.462	165.031	296.279	313.315	293.7
00:17:30	31.008	33.26	30.267	76.17	77.073	75.133	168.011	163.471	164.959	289.306	309.333	286.114
00:18:00	29.832	31.534	29.687	77.408	76.982	70.782	168.815	163.677	167.718	295.145	313.466	295.336
00:18:30	29.189	30.75	29.634	73.325	76.886	69.865	165.001	162.824	163.769	290.069	309.164	290.25
00:19:00	28.741	31.242	28.972	75.449	76.974	71.683	168.36	165.265	162.761	296.059	309.645	293.66
00:19:30	28.147	30.438	28.228	74.005	75.823	69.921	165.915	162.82	163.998	289.981	308.234	287.178
00:20:00	27.924	30.259	26.354	74.928	76.044	70.424	167.142	161.492	162.701	288.601	309.545	286.402
00:20:30	27.428	27.879	27.154	72.299	73.74	71.329	165.034	162.777	164.444	293.75	307.254	291.36
00:21:00	27.715	29.133	27.373	72.632	74.425	69.458	163.468	160.908	161.765	290.549	309.466	285.741
00:21:30	26.653	29.207	26.659	74.022	74.6	68.445	166.551	160.775	161.218	284.633	306.335	289.074
00:22:00	26.542	28.954	25.933	71.738	73.62	69.431	163.751	160.767	160.144	294.428	308.319	290.11
00:22:30	26.818	28.66	24.703	69.995	70.793	67.821	164.061	160.716	159.887	293.438	302.662	287.527
00:23:00	25.301	28.003	25.702	70.068	71.99	67.45	163.504	162.432	158.798	289.274	308.524	283.911
00:23:30	26.297	26.558	25.221	68.38	70.806	66.637	162.432	158.276	158.433	291.361	305.689	288.034
00:24:00	26.039	26.229	24.389	69.064	69.176	66.608	161.868	159.254	161.482	288.866	305.953	285.346
00:24:30	26.012	27.769	25.446	71.317	67.364	66.987	162.21	158.401	158.019	287.574	306.01	287.313
00:25:00	24.12	26.333	25.141	68.945	68.771	64.343	159.574	156.918	158.797	291.416	306.939	286.346
00:25:30	24.417	26.584	24.186	67.633	67.242	64.93	160.568	158.643	157.435	289.315	306.059	283.713
00:26:00	24.57	25.822	23.79	68.633	68.117	63.389	163.035	160.311	156.541	293.689	307.426	290.601
00:26:30	23.684	25.548	23.203	66.037	66.317	65.211	163.312	158.905	158.524	290.305	304.105	284.708
00:27:00	24.004	24.825	22.822	65.627	67.21	65.652	161.567	154.822	158.269	289.408	302.001	284.999
00:27:30	24.028	25.323	24.201	66.863	67.798	65.811	161.913	158.79	160.566	295.548	308.487	291.123
00:28:00	24.235	24.786	23.267	66.598	67.311	63.494	161.456	157.792	157.923	288.871	306.357	289.934
00:28:30	22.93	24.921	22.754	65.622	64.865	63.356	162.057	157.036	155.978	286.089	301.54	286.69
00:29:00	23.727	24.044	22.534	66.52	64.243	63.331	162.86	159.057	156.857	288.233	305.677	286.116
00:29:30	22.237	24.374	22.308	63.711	64.313	64.373	161.95	156.156	157.79	287.821	301.91	280.557
00:30:00	23.96	23.612	22.287	63.479	62.786	62.619	160.257	158.913	159.175	284.614	303.415	287.804
00:30:30	22.075	24.237	22.827	62.955	64.588	61.182	159.206	156.29	158.463	287.247	301.163	281.039
00:31:00	21.938	24.039	22.646	63.898	62.473	60.746	158.605	155.989	158.565	287.108	302.548	284.632
00:31:30	22.856	23.758	22.097	62.698	64.106	62.474	161.396	156.846	156.36	287.379	301.251	287.692
00:32:00	22.806	24.573	22.256	64.355	61.798	61.863	160.142	156.474	157.782	287.293	300.893	282.511
00:32:30	22.136	23.716	22.139	63.594	62.574	61.35	158.495	156.35	157.565	288.456	300.085	282.932
00:33:00	22.092	22.28	21.93	63.638	60.042	60.42	158.629	157.324	158.45	281.797	301.748	284.096
00:33:30	22.416	23.291	21.573	62.071	59.485	61.345	161.142	156.947	157.696	286.341	299.369	284.593
00:34:00	21.474	22.242	22.233	62.597	58.789	61.269	159.24	156.259	158.11	284.002	302.287	282.319
00:34:30	20.916	22.079	21.52	61.338	58.724	60.1	158.257	154.661	157.013	286.983	301.768	278.392
00:35:00	20.968	22.313	20.014	63.349	59.964	60.184	157.045	154.596	156.736	287.118	305.665	285.306
00:35:30	22.339	22.056	20.537	61.673	60.416	60.656	157.465	155.578	153.275	286.924	298.755	283.66
00:36:00	21.069	21.817	20.502	61.891	61.131	57.404	158.861	155.961	152.065	283.666	298.789	282.483
00:36:30	20.213	21.966	20.317	60.966	59.3	59.628	156.709	153.336	156.859	281.836	295.867	279.903
00:37:00	20.947	22.175	21.348	60.504	58.225	57.627	158.201	153.079	151.659	283.001	298.797	283.318
00:37:30	20.761	20.794	20.778	61.819	58.998	57.917	159.558	152.556	155.251	284.267	300.411	284.077
00:38:00	20.213	21.884	19.939	60.692	57.172	59.29	158.495	152.433	157.559	286.013	301.899	281.274
00:38:30	20.544	21.836	20.136	59.53	56.258	58.702	157.364	150.703	155.77	283.481	298.758	284.14
00:39:00	19.209	22.548	20.439	60.905	58.077	57.376	155.21	152.28	154.87	284.623	299.614	281.395
00:39:30	19.333	22.446	20.114	57.832	57.26	57.773	159.5	155.213	154.414	284.74	300.174	282.535
00:40:00	19.703	21.672	19.463	60.498	56.333	57.285	156.443	153.861	155.562	284.466	300.506	283.169
00:40:30	20.1	19.861	19.027	58.13	57.307	55.955	157.404	154.936	153.315	282.059	299.963	280.703
00:41:00	20.317	20.951	20.069	57.636	56.527	55.96	156.799	153.241	154.37	281.045	295.437	280.777
00:41:30	19.799	22.036	19.561	59.962	56.99	57.908	156.829	153.248	154.204	282.506	301.38	282.87
00:42:00	18.655	20.671	19.884	57.903	56.497	55.78	157.904	152.814	152.411	281.772	298.455	279.913
00:42:30	18.4	20.76	19.364	56.897	57.702	57.741	155.337	152.711	155.182	287.542	299.82	281.133
00:43:00	20.088	20.463	19.633	59.174	54.119	56.251	157.384	153.161	153.841	281.216	302.795	281.489
00:43:30	19.682	20.309	20.329	58.396	55.772	54.971	157.845	150.099	155.423	284.394	300.225	280.974
00:44:00	20.04	19.937	20.022	57.621	54.275	55.884	155.782	153.088	156.366	283.526	297.524	278.535
00:44:30	19.179	20.983	19.065	56.632	54.964	55.056	155.487	153.492	152.617	281.525	299.537	284.609
00:45:00	19.314	19.895	20.262	58.655	56.132	56.139	156.957	151.996	151.601	283.252	298.602	280.887
00:45:30	18.662	20.415	18.592	56.621	55.883	55.273	156.257	151.047	153.898	286.255	302.922	283.06
00:46:00	19.327	20.352	18.753	56.679	56.621	54.898	159.11	153.918	154.298	282.278	299.071	281.852
00:46:30	18.857	20.849	18.573	57.488	55.019	56.02	156.166	155.081	150.457	282.039	299.473	281.163
00:47:00	18.79	19.637	18.305	55.968	55.798	55.39	157.142	153.034	156.032	284.827	296.45	285.45
00:47:30	18.441	20.309	18.873	55.864	54.662	53.931	152.965	151.718	153.043	282.035	296.185	280.26
00:48:00	19.381	19.239	18.498	56.566	54.758	56.162	154.541	152.621	150.263	283.894	298.104	283.358
00:48:30	18.748	20.134	18.524	56.599	54.721	55.452	157.028	153.327	152.518	284.177	297.382	286.677
00:49:00	18.545	19.733	19.125	55.438	54.272	55.161	158.777	152.413	152.093	281.216	300.522	282.206
00:49:30	18.775	20.032	18.269	56.935	52.96	54.822	155.805	152.604	154.79	281.703	301.33	279.541
00:50:00	18.084	18.997	18.124	55.637	54.255	54.855	153.469	151.542	150.195	283.469	295.384	278.019
00:50:30	18.114	20.281	18.182	56.532	53.401	54.523	154.881	150.853	155.263	281.461	299.85	282.164
00:51:00	19.075	18.991	18.649	55.983	53.14	55.279	155.468	153.629	152.254	282.158	297.611	280.918
00:51:30	18.19	18.688	17.686	56.159	53.361	53.9	157.154	151.596	152.855	284.008	293.098	280.458
00:52:00	18.938	19.1	17.741	55.181	54.008	54.225	155.6	151.454	150.871	284.867	295.391	280.643
00:52:30	17.523	18.844	18.458	55.003	54.494	54.86	157.185	151.865	153.025	280.627	299.176	284.111
00:53:00	17.795	19.46	18.914	53.588	52.947	53.991	158.037	150.835	151.068	281.672	296.769	279.738
00:53:30	19.516	18.314	18.574	55.865	54.508	53.287	155.361	151.158	155.963	281.859	300.024	281.161
00:54:00	17.699	19.012	18.407	54.432	52.228	54.005	156.702	152.545	152.111	282.697	297.37	279.357
00:54:30	17.498	19.965	17.691	53.387	52.2	55.066	155.639	152.831	148.648	283.861	295.793	279.415
00:55:00	17.342	19.493	17.754	54.518	52.505	51.343	154.263	150.232	150.407	284.829	296.376	279.544
00:55:30	17.771	18.832	17.242	52.171	52.643	53.223	155.726	151.311	150.414	284.084	296.3	279.209
00:56:00	17.698	18.749	18.576	53.406	53.284	53.339	152.431	151.724	153.374	282.225	295.754	282.811
00:56:30	17.91	18.773	17.341	52.971	51.713	52.728	153.387	149.642	149.014	282.04	295.413	279.388
00:57:00	18.022	18.377	17.018	52.785	52.037	52.309	153.597	151.151	149.284	277.517	291.347	282.18
00:57:30	17.542	19.68	17.611	51.602	53.763	53.594	153.443	152.871	153.389	283.382	298.838	281.062
00:58:00	16.952	18.547	17.68	51.266	53.576	53.456	153.449	150.386	151.348	278.573	294.401	278.759
00:58:30	16.879	18.414	17.508	52.684	52.453	52.346	152.927	149.255	150.496	279.431	299.489	280.824
00:59:00	17.381	17.143	17.363	50.387	51.403	52.429	154.566	153.274	149.938	279.694	300.307	275.478
00:59:30	16.675	18.281	16.824	52.62	52.257	51.651	156.762	150.531	148.423	281.867	293.333	278.507
01:00:00	17.771	18.773	16.831	52.249	52.033	51.347	155.034	152.05	151.981	279.133	298.429	277.029
01:00:30	17.048	18.575	16.762	50.426	51.773	52.918	156.044	149.96	150.816	282.269	292.881	279.408
01:01:00	18.196	19.404	18.005	49.062	51.543	50.54	155.49	150.127	152.088	282.917	297.523	278.485
01:01:30	18.156	18.072	17.529	49.004	50.654	53.09	157.346	153.399	151.883	279.05	295.408	277.722
01:02:00	16.784	17.62	18.147	50.502	52.21	52.224	151.671	151.147	150.253	282.142	298.37	277.203
01:02:30	17.194	18.16	17.454	48.836	51.662	52.795	151.667	150.281	148.719	280.206	295.993	278.385
01:03:00	16.805	18.455	17.787	49.534	49.829	52.783	155.459	151.147	150.637	277.389	292.582	277.893
01:03:30	17.902	17.651	17.024	49.715	51.307	53.033	150.646	150.462	147.133	286.175	297.053	279.484
01:04:00	18.353	17.021	17.772	50.446	51.053	51.223	151.338	149.103	147.997	280.612	293.47	281.451
01:04:30	17.505	18.929	16.835	47.841	50.399	49.711	152.96	151.574	148.119	277.904	295.557	280.308
01:05:00	17.176	17.467	17.314	48.222	51.564	51.831	152.086	145.963	148.899	279.905	294.199	273.782
01:05:30	16.637	18.284	16.571	49.13	49.671	50.413	154.625	147.194	153.146	283.13	296.493	282.288
01:06:00	16.881	18.497	17.186	48.324	51.838	52.527	156.137	150.707	152.959	282.368	292.379	276.131
01:06:30	17.637	18.605	16.155	47.011	50.848	49.82	153.988	149.636	149.174	275.511	295.26	277.435
01:07:00	16.178	19.193	17.377	47.927	49.928	49.626	150.651	150.559	150.809	279.634	294.025	277.121
01:07:30	17.653	18.629	17.392	48.541	50.785	50.171	151.035	152.471	145.671	282.031	295.061	276.362
01:08:00	16.905	17.789	17.021	46.677	49.516	50.006	151.737	148.405	149.116	278.135	293.705	278.781
01:08:30	18.525	18.366	16.78	48.359	50.443	51.49	154.66	151.026	149.426	281.385	298.006	277.15
01:09:00	17.26	17.473	17.216	48.859	51.342	49.713	152.808	148.343	149.435	280.54	290.74	275.382
01:09:30	16.989	18.084	17.317	48.502	48.219	50.264	152.753	147.143	149.046	280.907	295.092	274.658
01:10:00	16.447	17.966	16.335	48.796	49.02	50.749	154.033	151.361	148.732	283.424	297.097	277.332
01:10:30	16.892	17.835	17.554	47.41	49.084	51.781	151.373	151.047	150.865	283.766	293.062	275.505
01:11:00	17.062	17.316	16.498	47.945	48.734	51.184	153.193	148.341	151.624	277.554	292.422	277.645
01:11:30	16.785	17.58	16.738	48.773	50.465	51.538	153.773	147.953	151.225	280.626	295.215	276.797
01:12:00	17.01	17.976	17.077	47.177	49.596	48.961	150.646	147.922	146.44	283.357	295.767	274.461
01:12:30	16.443	17.642	16.314	48.359	48.397	50.04	150.727	147.707	150.821	280.896	294.698	272.107
01:13:00	16.792	17.41	17.077	47.98	49.95	51.331	151.695	149.489	150.31	277.405	293.636	278.881
01:13:30	16.552	18.055	16.67	47.972	49.649	50.821	155.672	146.961	150.206	281.732	293.282	275.84
01:14:00	16.72	18.165	16.131	48.052	47.585	49.435	153.314	149.568	148.48	280.102	292.372	277.603
01:14:30	17.386	19.478	16.182	48.683	49.097	50.83	153.87	146.404	151.196	277.729	295.521	273.014
01:15:00	17.062	17.032	16.53	46.799	49.68	49.294	152.946	151.195	149.074	279.107	297.66	275.319
01:15:30	16.262	18.798	16.402	45.916	48.537	50.077	151.947	148.583	148.619	279.507	291.949	275.08
01:16:00	17.181	17.134	16.394	46.779	48.675	49.177	153.517	147.841	147.893	281.333	294.844	274.38
01:16:30	16.079	17.266	14.999	45.874	48.37	49.56	150.218	151.237	148.361	274.428	290.141	272.71
01:17:00	16.334	17.672	16.756	46.906	49.585	50.035	153.202	148.9	147.954	279.844	292.317	276.044
01:17:30	16.459	17.18	17.47	48.596	47.487	50.969	152.601	148.812	151.7	279.941	299.068	280.15
01:18:00	16.668	18.131	16.349	47.769	48.017	50.416	153.228	149.049	148.806	277.661	292.627	278.581
01:18:30	16.095	17.419	16.881	47.561	47.932	49.504	153.378	149.121	149.554	276.816	297.402	275.875
01:19:00	15.926	17.707	15.429	47.548	49.641	50.167	152.99	148.238	150.991	280.105	295.61	278.89
01:19:30	16.821	17.216	16.239	46.938	49.097	49.479	151.98	148.139	148.055	279.728	294.579	276.289
01:20:00	16.227	17.32	16.664	46.902	49.621	49.841	152.915	149.494	148.594	278.402	292.637	279.458
01:20:30	16.289	17.58	16.532	47.141	48.198	48.875	152.095	148.063	148.785	279.351	292.508	275.442
01:21:00	16.636	16.893	15.796	46.455	49.687	48.137	150.29	149.205	148.958	279.629	294.285	276.996
01:21:30	16.654	17.012	16.903	46.229	49.011	47.524	153.387	148.356	150.88	276.609	294.736	280.058
01:22:00	16.028	17.57	16.107	45.842	46.794	48.751	151.84	149.378	151.739	278.776	294.882	274.538
01:22:30	16.485	17.618	15.765	45.192	48.09	49.174	154.194	145.428	148.491	277.382	291.556	273.942
01:23:00	16.391	17.72	16.278	45.863	48.93	48.994	152.12	148.826	151.36	278.587	290.344	275.989
01:23:30	16.485	17.445	16.519	45.62	48.305	48.825	149.211	148.08	148.801	274.24	292.541	276.734
01:24:00	16.779	16.463	16.946	46	49.677	50.391	151.41	149.599	151.09	281.725	293.297	274.182
01:24:30	16.363	17.211	17.053	44.898	48.022	48.952	152.439	148.111	151.645	278.212	295.012	276.893
01:25:00	16.824	18.5	16.218	46.505	47.61	49.762	149.843	148.385	150.522	274.968	291.253	273.468
01:25:30	16.389	17.075	17.328	44.299	49.831	49.204	153.187	148.535	149.124	280.571	292.716	275.481
01:26:00	15.995	17.416	16.463	45.626	47.507	48.458	150.532	147.837	147.338	280.266	296.644	276.991
01:26:30	16.734	17.845	15.956	46.524	48.328	48.893	153.972	149.555	147.958	280.666	295.021	269.26
01:27:00	16.091	17.287	16.432	45.162	47.25	48.837	151.851	148.222	149.05	278.157	292.729	277.937
01:27:30	16.722	17.355	15.99	46.019	47.785	49.322	151.449	145.507	148.563	278.269	292.79	276.571
01:28:00	16.019	17.177	15.79	46.667	47.265	48.761	151.943	149.223	147.848	280.797	293.441	277.201
01:28:30	16.647	17.454	16.439	46.678	48.035	49.22	152.83	147.893	150.951	279.373	295.667	279.446
01:29:00	16.668	16.659	16.174	45.152	47.319	47.947	153.532	146.751	147.203	277.034	291.099	276.931
01:29:30	16.245	17.338	16.251	45.335	47.07	48.219	152.128	149.299	150.186	281.006	295.138	279.901
01:30:00	15.834	17.276	15.761	45.837	45.95	49.158	152.38	146.27	150.491	279.859	291.229	275.217
01:30:30	16.695	17.608	17.27	44.161	48.109	46.649	147.913	149.022	146.978	278.911	291.601	275.219
01:31:00	16.074	16.968	15.301	45.481	48.151	49.813	149.682	146.32	149.151	278.304	293.271	273.807
01:31:30	16.353	17.131	16.946	44.244	47.729	47.664	151.805	148.136	148.945	280.986	295.05	274.751
01:32:00	16.031	16.649	15.937	45.807	45.964	48.942	151.274	147.903	146.74	277.38	296.336	276.802
01:32:30	15.818	17.471	16.201	44.565	48.52	48.61	148.061	149.457	148.672	279.447	292.248	276.429
01:33:00	16.51	18.015	16.229	44.462	46.472	46.075	152.206	148.515	148.367	277.051	292.009	275.922
01:33:30	15.187	17.471	15.88	44.413	46.531	45.962	151.729	145.738	151.093	279.499	295.295	277.051
01:34:00	16.245	17.559	15.902	45.337	46.877	46.205	153.052	147.383	150.551	277.238	297.766	275.2
01:34:30	17.076	17.178	15.562	45.527	45.924	48.736	150.542	146.988	149.479	276.67	294.939	276.256
01:35:00	15.631	16.748	15.997	46.082	46.015	47.937	151.598	147.431	149.071	275.769	294.924	274.114
01:35:30	16.389	16.286	16.66	44.269	46.13	45.915	152.148	146.967	147.675	275.825	292.782	274.651
01:36:00	15.594	17.2	16.102	46.708	46.535	46.425	152.338	149.21	149.04	277.626	293.125	277.563
01:36:30	16.014	18.02	15.856	43.267	46.882	48.246	152.133	146.965	147.547	277.402	290.102	275.744
01:37:00	16.414	17.595	16.893	45.086	47.196	47.547	151.79	143.525	145.894	276.774	293.568	274.853
01:37:30	16.535	17.201	14.606	45.407	47.539	48.213	149.681	147.942	148.789	277.405	290.268	271.417
01:38:00	16.225	17.719	15.676	43.64	46.422	48.828	149.38	147.306	146.971	275.718	290.556	273.163
01:38:30	16.02	16.806	17.178	45.512	46.968	46.763	151.377	146.587	149.309	275.954	288.577	277.548
01:39:00	15.924	16.647	15.909	43.922	45.979	46.384	148.523	146.688	145.41	271.582	292.719	270.883
01:39:30	16.693	17.79	15.359	45.256	47.682	46.482	151.859	147.869	146.841	277.336	288.538	273.102
01:40:00	15.744	16.8	16.286	44.469	46.929	45.661	151.331	148.778	148.961	281.367	290.887	273.184
01:40:30	14.855	16.752	16.286	43.05	48.532	47.158	150.808	148.192	146.128	276.9	291.15	274.191
01:41:00	16.463	16.797	15.779	44.629	46.748	46.836	149.779	148.461	148.945	277.988	296.21	276.79
01:41:30	15.641	17.942	16.212	44.349	46.567	47.802	151.767	146.921	147.748	273.512	291.662	277.193
01:42:00	16.322	16.317	15.761	45.782	46.618	46.753	151.167	146.954	147.864	277.414	291.596	271.365
01:42:30	15.997	18.311	15.453	46.237	46.611	46.689	151.382	147.154	148.5	279.957	291.884	278.645
01:43:00	16.996	16.756	16.656	43.808	46.069	46.789	151.326	147.113	147.613	280.216	291.053	273.624
01:43:30	16.66	16.357	16.303	45.273	45.756	47.079	153.571	148.45	149.395	280.912	291.489	277.859
01:44:00	15.6	16.836	15.583	44.255	46.008	47.701	150.474	145.956	147.529	275.874	289.843	272.945
01:44:30	15.903	16.951	14.769	43.297	46.602	46.678	148.173	146.921	149.125	276.373	293.694	273.559
01:45:00	16.94	18.18	16.404	43.823	46.876	44.93	151.336	148.124	147.971	278.198	287.871	271.518
01:45:30	16.147	17.403	16.992	45.39	45.958	45.425	151.252	148.225	148.442	278.506	293.838	274.916
01:46:00	15.472	16.721	16.023	44.604	45.838	47.006	152.344	146.799	147.689	275.091	291.184	271.3
01:46:30	15.642	16.858	16.617	46.137	45.36	47.62	152.04	145.547	145.377	277.835	290.111	272.577
01:47:00	15.951	16.957	16.99	43.356	46.954	47.459	152.041	149.586	148.075	274.838	291.233	274.139
01:47:30	16.866	17.924	15.705	44.081	46.036	47.507	150.867	148.164	146.962	279.252	290.04	271.027
01:48:00	17.442	16.902	16.037	45.541	45.904	48.175	150.804	148.162	147.868	274.616	287.713	272.53
01:48:30	16.236	16.597	15.879	43.715	45.859	44.834	152.665	144.611	147.82	276.358	290.126	271.719
01:49:00	16.178	17.103	15.441	44.219	45.208	45.094	152.15	143.037	148.736	273.716	291.527	271.523
01:49:30	16.396	17.26	16.86	44.594	46.028	46.295	150.746	146.516	148.25	278.122	288.071	276.427
01:50:00	16.167	17.43	16.721	44.507	44.642	46.009	150.2	149.51	148.519	276.89	290.188	272.271
01:50:30	15.892	17.055	15.94	42.486	46.985	44.68	151.39	145.867	145.73	278.118	290.375	275.122
01:51:00	16.453	16.851	15.579	44.863	45.907	45.608	148.735	148.757	147.258	275.688	291.057	275.046
01:51:30	15.907	16.801	15.52	43.851	47.284	45.614	153.616	146.134	145.181	279.22	294.434	273.478
01:52:00	16.63	17.465	16.282	45.738	46.466	46.423	153.839	150.229	147.989	277.726	293.009	274.21
01:52:30	15.88	17.437	16.871	45.117	45.229	46.286	151.508	146.877	150.168	278.221	292.415	276.123
01:53:00	17.015	17.602	16.29	44.185	45.616	45.772	150.106	147.462	148.146	281.674	292.527	272.006
01:53:30	15.267	16.861	16.183	43.731	46.946	46.069	148.514	144.41	147.559	276.708	293.07	275.633
01:54:00	16.215	16.61	15.462	44.632	46.127	44.948	148.854	148.859	145.621	276.383	291.605	271.92
01:54:30	15.625	17.433	15.548	44.209	45.224	45.925	152.091	146.769	145.448	277.502	290.443	273.135
01:55:00	16.35	17.135	16.92	45.237	44.61	46.326	148.8	149.232	148.871	275.711	285.698	270.049
01:55:30	17.098	17.572	16.038	44.158	46.33	45.951	151.998	148.709	146.196	280.18	293.154	276.167
01:56:00	15.553	17.449	16.513	44.593	43.684	46.901	152.037	148.654	149.772	279.438	291.067	276.686
01:56:30	15.888	17.127	15.493	42.169	45.657	45.567	152.182	150.136	147.979	275.754	288.005	275.416
01:57:00	16.331	17.028	16.051	43.529	44.969	45.065	151.559	148.976	149.858	275.954	292.334	276.769
01:57:30	15.689	16.924	16.244	43.553	44.994	45.564	150.172	146.187	146.523	274.402	292.195	271.161
01:58:00	16.98	17.493	16.219	42.886	45.58	45.336	153.344	148.814	149.279	274.927	283.115	271.666
01:58:30	15.686	16.957	15.974	44.763	44.763	45.875	152.692	146.363	147.856	278.64	291.206	275.467
01:59:00	16.594	17.519	16.193	43.612	45.717	45.319	149.849	149.083	147.062	276.77	292.622	274.694
01:59:30	15.936	16.618	16.656	44.928	44.498	45.181	155.231	147.51	149.194	279.647	291.91	275.163
02:00:00	17.046	17.16	16.651	43.021	46.222	44.142	154.292	149.677	147.905	281.083	295.995	274.662