Time	25_1	25_2	25_3	50_1	50_2	50_3	100_1	100_2	100_3	150_1	150_2	150_3
00:00:00	101.417	102.529	106.467	207.571	206.856	202.342	377.145	364.472	395.935	594.574	573.783	548.158
00:00:30	96.462	96.936	95.704	198.407	194.043	192.197	368.092	357.662	384.378	576.187	558.626	535.349
00:01:00	87.121	89.072	90.754	193.606	192.113	189.874	355.169	344.755	370.313	565.305	549.544	525.732
00:01:30	84.158	85.183	86.485	184.87	185.552	181.153	348.28	331.47	360.364	560.146	538.449	511.837
00:02:00	81.857	83.157	85.744	185.546	181.219	177.069	341.221	327.138	357.492	550.815	536.658	510.267
00:02:30	82.743	78.13	84.329	178.442	175.558	178.7	338.809	319.716	355.195	544.538	536.412	505.378
00:03:00	78.021	79.371	80.128	167.051	174.759	173.031	334.946	322.465	349.135	540.6	529.833	506.566
00:03:30	74.983	75.213	79.621	164.749	165.656	168.624	324.806	309.504	344.192	536.973	526.678	491.397
00:04:00	74.928	73.189	78.169	161.065	165.202	166.358	323.387	307.297	343.654	538.658	526.541	493.36
00:04:30	74.471	73.776	75.868	158.923	161.23	160.929	322.686	306.624	339.385	535.826	525.725	492.178
00:05:00	70.944	70.36	74.253	158.65	158.593	159.909	315.87	303.788	336.584	532.197	521.817	490.109
00:05:30	71.081	66.81	73.823	150.73	155.71	158.091	319.776	304.705	334.92	539.682	522.585	488.674
00:06:00	70.341	68.401	72.712	148.385	157.1	154.968	310.958	299.144	330.502	532.932	515.157	490.621
00:06:30	68.692	67.085	70.157	150.016	154.165	151.317	315.285	295.778	329.354	527.801	506.294	485.422
00:07:00	67.222	66.058	69.687	144.893	151.24	151.603	310.317	296.373	331.443	527.623	511.575	485.024
00:07:30	66.776	63.761	68.182	147.005	149.315	151.516	312.404	295.11	331.068	527.334	517.239	487.423
00:08:00	65.047	62.303	66.812	141.971	149.788	148.247	313.876	293.474	330.741	528.814	513.399	482.905
00:08:30	63.956	62.202	64.991	140.503	145.244	146.667	308.377	293.521	325.798	524.11	510.271	482.221
00:09:00	61.296	61.448	65.371	142.177	145.486	144.709	309.804	291.747	327.367	525.208	516.161	486.2
00:09:30	62.07	60.576	63.141	138.89	144.584	145.804	308.427	293.144	326.731	517.201	510.786	480.762
00:10:00	60.064	60.962	63.158	134.125	142.988	144.41	308.285	290.168	329.017	525.212	509.591	482.991
00:10:30	59.674	57.93	62.553	138.202	143.719	142.192	304.089	287.638	325.654	524.376	516.3	480.238
00:11:00	57.988	58.155	61.467	137.138	143.419	139.778	305.164	289.074	327.032	523.823	509.848	484.075
00:11:30	58.493	56.849	62.29	136.786	140.471	140.172	303.907	288.887	322.006	518.503	509.227	476.752
00:12:00	57.518	56.869	59.679	137.706	138.979	139.006	309.826	291.122	322.177	524.097	510.884	484.505
00:12:30	55.304	56.262	60.718	137.013	137.864	135.93	311.742	289.369	323.118	518.229	504.413	475.952
00:13:00	57.94	54.623	58.446	136.887	138.248	141.618	311.314	288.78	317.27	520.366	510.096	480.184
00:13:30	54.922	53.882	61.076	135.61	136.612	141.14	306.979	290.154	322.752	519.863	506.331	475.017
00:14:00	55.763	54.4	56.213	134.239	135.389	137.63	306.744	287.604	317.942	517.361	508.988	474.141
00:14:30	54.458	52.368	57.43	134.813	135.189	139.84	304.256	286.772	318.294	515.038	502.541	472.119
00:15:00	53.763	52.001	58.016	135.281	138.052	138.648	307.783	282.62	316.461	518.535	507.721	476.304
00:15:30	53.337	51.364	55.254	131.271	135.299	136.213	305.086	283.38	317.656	518.03	506.169	481.321
00:16:00	52.451	51.099	55.455	130.074	134.72	136.53	304.654	287.979	319.201	517.354	504.451	471.54
00:16:30	52.034	48.999	53.926	131.224	132.086	134.904	302.589	279.732	314.667	508.216	501.015	475.944
00:17:00	50.963	49.114	53.437	130.991	133.521	135.078	307.224	287.376	316.447	515.044	505.713	477.631
00:17:30	51.452	49.405	54.853	129.386	131.108	135.071	307.079	281.416	316.728	518.01	504.384	478.486
00:18:00	50.439	50.101	54.258	130.024	129.187	135.769	306.479	283.289	310.86	515.764	504.201	471.004
00:18:30	50.882	49.831	52.823	132.197	127.494	133.132	304.411	285.08	315.61	515.376	504.683	477.771
00:19:00	50.986	48.265	52.968	131.417	129.122	132.826	305.547	283.317	314.812	514.852	503.14	471.916
00:19:30	50.957	46.697	54.129	130.688	125.632	135.052	303.733	284.077	315.065	519.644	504.801	476.728
00:20:00	49.546	46.954	51.669	127.335	126.018	131.82	305.493	279.568	310.141	512.555	509.088	478.485
00:20:30	47.667	47.794	52.612	128.477	127.207	136.527	300.516	283.122	318.661	511.25	507.775	478.325
00:21:00	48.171	46.402	50.617	127.992	125.384	130.17	303.975	281.808	313.272	515.691	508.997	477.313
00:21:30	48.117	47.935	52.021	123.94	124.928	131.341	303.988	281.384	316.503	513.715	499.185	474.875
00:22:00	46.938	44.575	50.839	125.414	125.645	130.172	303.384	282.177	314.901	516.337	505.998	475.445
00:22:30	45.827	45.449	49.606	124.938	122.062	132.889	305.265	284.51	313.988	512.282	498.473	470.612
00:23:00	46.397	45.055	48.695	121.576	123.741	132.809	301.377	281.094	314.481	515.371	504.065	472.941
00:23:30	46.059	44.819	48.978	121.73	122.183	132.376	303.001	284.979	310.085	515.965	506.983	471.06
00:24:00	46.262	45.451	50.529	122.667	122.879	130.643	306.563	283.301	317.429	512.665	503.937	480.296
00:24:30	45.972	45.079	48.805	120.278	123.009	128.522	300.943	284.19	314.833	515.996	500.282	468.964
00:25:00	44.878	44.29	47.657	119.139	121.899	127.85	305.985	280.009	314.317	514.876	502.442	479.378
00:25:30	44.656	44.779	48.642	121.301	120.194	127.158	299.984	280.777	315.287	516.967	502.816	476.419
00:26:00	44.494	44.112	47.393	117.625	121.028	124.573	301.952	282.801	314.178	512.714	507.487	467.547
00:26:30	44.969	43.374	48.565	115.645	120.418	125.968	303.142	282.365	315.034	517.827	503.077	475.223
00:27:00	44.397	42.15	47.465	117.528	120.749	125.548	297.93	279.299	310.358	514.464	504.121	472.208
00:27:30	42.591	43.098	47.608	116.815	118.375	125.033	298.829	277.418	313.324	512.914	502.795	476.095
00:28:00	43.221	41.781	48.521	114.835	119.925	121.852	303.436	279.871	313.964	514.843	503.063	472.07
00:28:30	42.568	41.319	45.589	112.462	117.153	123.322	300.898	278.221	307.983	506.29	503.664	474.469
00:29:00	41.95	41.379	46.263	113.489	121.264	123.559	298.948	281.9	311.84	512.604	506.224	476.709
00:29:30	44.089	41.942	45.378	114.064	118.939	122.922	298.516	276.971	310.707	512.368	499.14	471.6
00:30:00	42.489	40.311	45.481	111.973	117.697	120.252	296.885	281.928	307.156	507.289	497.254	470.778
00:30:30	41.891	40.175	44.59	111.184	116.808	121.105	298.484	276.75	311.663	511.571	500.802	471.485
00:31:00	41.704	39.998	46.025	112.882	117.82	121.027	301.326	278.753	311.767	515.529	501.812	472.342
00:31:30	41.946	40.783	43.691	113.967	115.603	119.941	301.384	278.528	311.992	510.218	495.487	470.172
00:32:00	42.409	41.167	43.782	111.629	118.206	120.342	299.92	278.386	314.419	512.216	495.411	468.702
00:32:30	40.736	39.721	44.241	109.154	116.127	121.462	302.931	281.664	310.175	510.714	506.248	472.841
00:33:00	41.699	40.255	44.673	108.798	114.556	117.002	300.164	276.756	307.313	509.835	504.247	465.357
00:33:30	39.452	40.299	45.183	109.594	114.843	117.213	297.472	276.75	307.41	513.79	502.141	468.895
00:34:00	39.891	40.86	42.979	110.359	113.393	116.015	294.649	277.478	309.074	511.419	500.746	469.735
00:34:30	39.84	39.872	44.269	108.481	113.167	116.603	301.587	276.189	311.382	515.795	500.075	467.508
00:35:00	41.332	38.659	43.915	109.379	113.407	116.123	300.345	278.63	312.499	510.73	505.478	475.199
00:35:30	40.133	40.069	43.492	105.354	111.922	115.398	297.798	276.597	307.749	510.716	500.131	467.397
00:36:00	40.188	39.591	43.205	107.463	111.28	115.89	298.509	277.476	305.135	509.546	500.071	465.67
00:36:30	40.494	38.227	42.433	108.688	111.914	114.967	297.37	277.952	310.299	510.434	500.392	470.739
00:37:00	39.484	38.77	42.571	106.832	111.445	111.905	295.292	276.971	310.471	513.617	500.967	467.726
00:37:30	39.723	39.432	41.989	109.336	110.527	113.463	298.782	278.354	306.701	508.572	496.812	467.406
00:38:00	39.338	38.026	42.894	108.135	110.129	113.46	300.324	273.744	312.534	516.271	493.335	471.686
00:38:30	39.998	38.529	41.355	107.911	111.356	111.508	301.051	276.702	312.079	506.465	500.948	472.517
00:39:00	38.73	38.418	41.706	107.636	111.729	112.495	299.357	282.867	311.798	510.418	503.973	477.354
00:39:30	39.652	38.458	43.24	106.629	114.492	111.359	293.307	276.568	308.016	508.212	502.56	466.781
00:40:00	39.206	36.679	43.891	108.058	109.094	111.38	298.615	280.135	310.392	510.669	501.522	467.324
00:40:30	38.751	36.894	42.785	105.219	111.179	111.143	297.239	273.823	305.093	505.54	496.542	468.257
00:41:00	37.215	37.74	41.502	104.894	109.209	111.72	299.01	274.792	308.438	504.598	501.193	467.653
00:41:30	38.22	36.453	41.351	106.986	108.592	110.525	293.514	274.143	308.667	511.561	499.065	466.426
00:42:00	37.897	37.968	41.468	104.824	110.79	111.315	294.605	276.083	308.098	506.201	495.263	470.443
00:42:30	38.41	37.054	42.631	103.682	109.376	110.838	298.301	278.726	306.274	509.574	498.052	469.487
00:43:00	37.067	37.052	40.523	103.534	106.969	111.225	297.669	272.913	305.667	505.176	499.1	467.924
00:43:30	38.76	38.238	39.349	102.946	109.201	107.363	301.009	275.602	310.98	509.196	498.687	465.458
00:44:00	37.853	35.762	39.691	103.584	105.301	109.589	291.066	276.698	303.824	505.016	498.117	466.985
00:44:30	36.69	38.094	40.287	100.889	107.376	109.72	294.895	276.114	307.878	506.714	498.881	460.41
00:45:00	37.357	36.407	39.406	102.006	106.859	109.485	296.155	275.646	307.54	506.198	494.724	466.68
00:45:30	37.057	35.73	40.227	104.03	107.85	112.093	293.188	278.734	307.696	504.924	500.52	467.231
00:46:00	37.317	37.309	40.188	102.484	107.807	106.858	294.873	273.331	306.555	509.838	491.502	460.61
00:46:30	36.894	37.571	37.523	100.128	107.466	106.525	294.932	275.857	308.424	504.985	498.778	475.409
00:47:00	37.486	34.866	39.747	103.524	108.651	106.961	296.069	275.907	308.015	506.823	499.897	465.819
00:47:30	35.844	35.859	38.847	100.847	106.189	105.819	293.639	278.295	305.044	512.562	498.631	469.647
00:48:00	37.347	34.836	39.805	98.935	105.801	105.151	290.795	274.29	301.694	501.852	496.787	460.385
00:48:30	36.999	36.462	40.123	101.7	104.603	104.732	295.633	274.45	308.159	500.625	492.476	461.019
00:49:00	37.107	34.827	39.176	100.656	104.365	106.61	294.478	273.251	304.938	511.714	497.434	463.654
00:49:30	36.366	35.708	40.233	101.721	104.717	106.038	293.969	273.569	302.768	505.267	495.798	463.49
00:50:00	36.87	35.496	39.713	98.235	106.788	106.21	293.758	277.813	306.022	503.913	491.259	463.995
00:50:30	35.837	36.206	37.674	100.367	102.963	105.789	296.101	273.192	308.12	500.796	499.25	463.286
00:51:00	36.639	35.322	39.617	99.92	103.105	108.711	295.884	275.165	310.417	499.867	499.571	463.801
00:51:30	37.046	35.411	37.534	102.739	104.388	105.883	292.592	274.929	305.263	499.88	500.603	464.68
00:52:00	37.476	34.506	39.908	97.361	104.699	103.53	294.655	273.699	301.034	503.21	495.06	460.571
00:52:30	35.955	35.138	39.593	100.403	102.81	104.33	294.677	274.372	311.29	504.052	495.534	465.329
00:53:00	35.184	34.748	38.911	98.076	102.345	103.436	291.913	271.608	304.964	504.093	495.294	462.636
00:53:30	36.119	34.222	39.51	99.625	102.559	103.519	292.55	273.488	304.523	505.613	489.048	463.119
00:54:00	36.978	35.035	38.374	99.546	101.404	102.381	291.125	274.804	305.858	501.961	494.337	461.744
00:54:30	36.941	35.9	38.187	98.639	102.939	101.562	292.899	271.789	303.607	509.11	495.589	463.993
00:55:00	37.35	34.118	38.946	100.909	103.74	102.382	291.633	275.274	307.279	498.956	493.959	462.027
00:55:30	35.979	35.092	38.327	98.547	103.157	102.981	291.673	274.033	303.903	502.83	491.15	458.693
00:56:00	36.684	33.74	38.326	97.018	101.08	104.021	292.453	270.315	307.182	501.897	485.523	462.858
00:56:30	35.572	34.024	39.342	98.834	102.103	102.283	297.315	274.142	307.501	507.227	498.862	462.918
00:57:00	35.767	33.981	36.548	99.356	102.836	104.724	297.705	270.779	306.337	501.565	494.602	466.856
00:57:30	36.449	33.905	37.446	98.564	101.401	102.735	298.027	274.357	306.407	505.263	493.592	467.466
00:58:00	36.532	34.407	37.641	98.426	99.765	102.27	294.803	270.629	304.335	505.347	498.419	471.875
00:58:30	35.853	32.682	37.7	96.491	100.685	102.304	294.174	279.609	307.219	502.218	500.925	461.072
00:59:00	36.979	33.834	36.807	98.39	99.957	104.403	293.455	276.978	305.398	498.631	496.735	468.316
00:59:30	36.52	34.08	38.495	96.836	100.737	103.954	294.899	273.809	306.096	507.848	497.486	462.44
01:00:00	35.986	31.514	36.722	96.753	101.359	103.332	293.082	273.802	308.083	501.61	497.26	466.779
01:00:30	35.103	34.724	38.084	95.282	100.183	102.282	294.536	272.936	306.948	506.404	495.965	463.165
01:01:00	35.96	32.794	38.599	95.354	100.116	102.221	294.528	270.831	303.848	502.229	490.716	468.61
01:01:30	36.388	34.331	37.111	99.532	101.222	100.325	299.204	276.699	306.776	507.783	498.413	462.094
01:02:00	36.11	33.341	38.341	97.165	100.006	100.011	298.657	272.443	302.35	507.499	497.037	468.167
01:02:30	35.714	33.793	37.022	97.392	99.347	104.577	296.087	272.92	302.69	507.128	495.488	466.717
01:03:00	34.488	31.984	37.624	95.77	99.961	102.814	293.775	274.094	306.492	499.925	497.234	466.05
01:03:30	34.328	32.773	36.166	96.51	98.069	102.848	291.92	272.741	303.548	501.915	495.128	461.998
01:04:00	35.082	31.38	38.086	93.303	100.462	100.211	296.383	274.31	305.908	502.909	493.961	467.357
01:04:30	35.065	33.497	36.912	96.806	99.307	103.874	298.862	273.67	305.081	505.958	493.935	468.977
01:05:00	35.292	33.611	37.83	94.927	99.824	100.212	295.555	273.242	307.105	504.856	493.941	469.14
01:05:30	34.913	32.836	38.366	93.517	99.491	102.037	293.021	272.264	306.629	499.328	489.147	464.869
01:06:00	36.346	33.271	37.211	97.464	99.229	100.175	294.496	271.154	302.905	502.769	497.276	462.717
01:06:30	35.65	31.684	36.35	95.703	98.559	100.07	296.988	272.46	304.776	502.815	491.978	465.115
01:07:00	35.248	31.9	38.337	95.136	100.169	100.151	294.129	274.556	304.723	507.075	500.262	462.043
01:07:30	34.429	32.835	35.989	96.876	98.496	99.207	292.491	276.138	306.42	504.19	494.773	466.135
01:08:00	35.492	32.836	38.542	97.931	99.255	100.094	292.874	272.216	308.101	503.673	492.33	460.107
01:08:30	35.526	31.396	37.477	94.287	99.362	100.546	299.353	277.474	301.643	504.603	499.177	464.497
01:09:00	36.5	32.586	37.109	95.402	99.863	104.799	295.132	278.048	305.009	504.087	493.701	462.525
01:09:30	35.605	32.513	38.108	97.857	99.927	102.756	295.16	273.05	304.593	503.234	491.269	462.033
01:10:00	36.865	32.231	37.09	95.479	100.8	103.593	292.006	272.305	305.339	506.338	494.219	466.263
01:10:30	35.324	33.099	37.679	94.79	97.787	101.07	294.125	273.42	307.589	498.828	491.604	461.647
01:11:00	35.574	32.391	36.448	95.122	100.691	100.156	295.334	274.381	303.342	508.07	492.849	466.025
01:11:30	35.643	32.172	36.868	96.87	97.968	98.693	290.847	273.676	308.048	504.386	493.501	466.349
01:12:00	36.199	32.428	38.003	94.359	97.026	99.074	291.285	273.702	306.24	502.447	497.206	466.656
01:12:30	35.175	31.617	37.851	95.42	100.418	101.604	297.897	279.254	310.551	510.379	496.017	469.041
01:13:00	35.388	31.55	37.368	95.058	98.398	101.094	291.14	272.523	305.492	497.945	493.903	463.322
01:13:30	36.185	30.739	36.472	93.885	98.175	100.232	298.927	272.352	304.771	503.817	494.474	460.761
01:14:00	35.619	31.733	37.529	94.665	97.796	101.233	291.902	274.842	303.773	496.386	498.566	463.528
01:14:30	34.723	32.623	36.499	93.729	97.262	99.893	290.391	271.283	308.275	501.307	496.59	457.269
01:15:00	35.471	33.001	36.035	93.558	98.025	98.055	288.581	274.918	301.9	500.427	490.858	458.453
01:15:30	35.662	32.251	36.268	94.993	97.696	98.326	295.327	273.556	302.751	497.103	497.606	464.644
01:16:00	36.011	31.2	37.77	93.903	97.722	99.686	295.61	272.741	300.467	502.748	492.018	464.731
01:16:30	36.795	29.96	36.969	94.236	95.777	100.289	291.9	270.975	301.081	502.013	488.966	463.216
01:17:00	35.876	31.523	36.097	93.822	95.979	100.438	292.648	273.221	303.715	504.422	493.228	464.224
01:17:30	34.813	31.49	37.564	92.5	97.477	100.572	295.397	276.832	303.339	496.317	493.451	467.699
01:18:00	35.179	31.562	37.66	95.094	99.243	98.543	292.121	275.669	305.636	499.086	492.05	467
01:18:30	35.108	31.608	37.102	94.406	96.785	97.646	295.213	274.628	304.568	504.987	495.932	466.251
01:19:00	35.669	31.794	37.239	94.652	95.355	99.527	295.116	270.824	303.078	499.074	494.437	463.071
01:19:30	35.068	32.203	37.455	94.247	97.864	98.965	293.458	271.463	303.624	506.113	491.999	466.009
01:20:00	34.9	30.235	37.29	90.167	97.08	100.02	294.356	266.867	306.307	500.89	491.13	462.246
01:20:30	34.946	30.839	37.414	93.913	96.316	100.024	291.724	272.763	304.723	505.336	495.061	460.113
01:21:00	33.971	31.98	36.964	91.562	95.613	96.205	291.168	273.535	305.647	499.687	488.436	462.678
01:21:30	33.942	31.281	37.21	94.07	97.333	97.969	292.472	273.289	303.163	504.281	496.839	460.975
01:22:00	34.739	31.66	36.351	91.419	97.17	97.218	292.007	270.738	307.453	498.539	492.499	457.13
01:22:30	35.353	30.364	36.93	93.92	95.535	99.299	292.98	277.084	305.599	502.245	493.034	463.869
01:23:00	34.816	31.97	35.817	92.958	94.759	96.181	287.933	271.148	304.729	499.168	492.128	461.857
01:23:30	35.126	30.762	36.786	89.818	93.834	97.478	291.358	272.179	306.557	500.82	487.584	458.684
01:24:00	34.769	30.662	36.834	90.941	94.902	99.473	292.352	273.309	305.552	496.874	488.414	458.447
01:24:30	33.638	31.143	35.95	93.157	95.385	98.85	292.554	270.124	302.68	507.707	487.996	458.715
01:25:00	34.484	31.407	35.873	92.935	95.629	97.089	295.175	268.785	304.093	499	487.77	466.331
01:25:30	33.785	30.416	37.459	92.282	94.856	95.068	290.906	273.179	302.209	500.483	491.452	465.449
01:26:00	34.876	30.558	36.817	93.839	94.248	97.599	294.652	273.241	300.181	499.507	493.613	454.71
01:26:30	35.036	30.548	37.302	93.313	94.781	94.98	290.532	273.516	302.096	493.796	491.009	463.61
01:27:00	35.474	30.956	35.628	89.394	93.153	96.778	292.568	271.86	307.667	496.522	489.756	462.022
01:27:30	35.157	30.284	37.613	90.139	94.958	97.877	293.065	275.234	304.682	503.149	492.546	464.762
01:28:00	35.43	29.953	37.621	90.618	95.43	97.052	290.291	271.895	306.463	503.163	488.935	465.535
01:28:30	35.279	30.534	36.317	89.971	95.569	97.002	296.021	274.935	300.702	496.863	496.201	463.824
01:29:00	35.875	30.433	35.507	92.505	95.94	97.3	294.425	274.362	302.772	505.512	498.193	465.068
01:29:30	33.463	30.783	37.625	92.269	94.502	99.198	295.354	273.137	308.739	502.758	493.217	465.958
01:30:00	33.961	30.699	35.663	90.038	95.373	96.159	290.795	270.396	304.402	494.177	493.19	460.267
01:30:30	33.664	30.751	36.268	90.441	95.731	96.819	290.53	273.166	305.907	502.611	497.033	462.351
01:31:00	35.733	31.58	35.654	92.191	97.037	95.47	292.878	272.026	305.677	502.365	488.527	456.584
01:31:30	34.807	31.217	35.965	92.591	95.296	97.308	293.851	274.224	301.195	499.977	492.248	462.33
01:32:00	34.737	30.32	37.079	91.288	94.973	93.509	293.921	270.814	302.856	495.673	492.783	459.093
01:32:30	34.213	29.499	36.414	92.888	95.968	95.413	292.923	272.791	302.616	502.025	499.219	462.201
01:33:00	35.588	31.102	35.531	91.498	94.832	95.935	296.606	273.36	303.453	501.067	490.195	459.206
01:33:30	34.466	29.018	35.346	90.145	93.6	96.874	294.603	274.397	305.084	503.473	495.515	461.062
01:34:00	34.032	30.358	35.109	90.838	93.298	95.981	292.543	269.165	300.65	498.03	483.976	454.125
01:34:30	34.053	29.872	35.307	88.015	92.778	97.446	295.414	274.588	307.103	500.338	496.598	460.56
01:35:00	33.827	29.569	34.814	88.435	93.081	97.299	290.552	273.821	303.617	498.757	493.075	460.75
01:35:30	35.989	32.247	35.682	91.231	93.978	96.609	288.905	269.743	300.336	501.261	489.919	459.637
01:36:00	34.773	29.897	36.695	90.112	93.141	97.39	292.915	268.149	301.727	497.991	492.538	457.483
01:36:30	35.236	31.352	37.344	91.936	95.881	94.201	292.986	273.374	299.933	497.644	489.591	463.12
01:37:00	33.594	31.124	34.87	93.017	92.068	95.255	290.75	270.225	306.396	497.868	488.862	460.366
01:37:30	34.698	32.539	37.003	92.224	95.103	96.991	288.466	273.545	306.317	499.168	491.951	460.277
01:38:00	35.083	29.602	34.918	90.995	92.786	95.386	288.835	270.54	300.237	493.585	490.371	462.569
01:38:30	34.515	29.597	35.96	90.304	92.009	97.341	293.334	271.002	302.945	500.385	489.557	458.687
01:39:00	35.791	29.625	35.851	90.78	94.669	95.091	295.199	272.731	302.629	495.337	489.325	457.474
01:39:30	34.166	30.862	35.931	90.214	92.923	95.314	295.57	271.995	301.367	497.991	488.836	462.684
01:40:00	33.614	29.794	36.571	91.199	94.213	94.706	287.892	274.139	303.51	496.811	490.542	460.498
01:40:30	34.713	30.905	35.711	89.562	94.092	96.283	293.75	274.339	304.483	507.677	491.005	457.975
01:41:00	34.556	30.51	36.393	89.632	93.376	95.447	291.162	270.645	305.675	497.021	485.746	456.723
01:41:30	35.865	29.626	34.358	88.253	94.035	96.624	293.694	274.729	301.024	494.998	491.268	462.896
01:42:00	35.038	30.139	35.793	88.686	93.562	98.784	287.482	272.267	302.413	498.916	488.407	461.676
01:42:30	34.427	30.469	35.083	89.104	95.564	96.243	292.809	273.007	303.417	491.829	493.916	461.671
01:43:00	34.56	29.67	34.017	90.623	94.834	92.863	291.019	274.439	302.323	490.79	484.15	456.357
01:43:30	35.449	30.254	36.026	88.987	93.263	95.179	290.957	270.785	302.646	498.461	488.531	463.646
01:44:00	34.584	30.854	35.888	92.109	93.81	97.428	293.788	279.085	306.792	499.475	494.855	458.993
01:44:30	34.874	30.187	36.133	90.449	92.226	94.974	287.683	271.858	301.503	501.963	486.615	453.388
01:45:00	34.62	30.345	36.728	89.248	93.317	95.422	288.532	271.692	301.216	497.279	489.378	464.462
01:45:30	34.853	30.405	36.283	90.788	92.569	93.602	294.032	275.358	297.766	498.4	494.482	457.68
01:46:00	34.215	29.849	36.573	89.203	92.302	94.616	291.259	269.553	302.838	498.576	489.421	457.439
01:46:30	34.408	30.186	35.497	90.062	95.788	94.862	291.455	274.102	303.338	502.326	493.666	457.854
01:47:00	36.972	29.139	35.674	89.82	94.545	95.188	293.612	272.99	304.418	500.6	491.369	460.93
01:47:30	34.137	30.747	35.518	88.004	93.356	96.43	288.989	273.02	305.945	499.84	493.331	462.468
01:48:00	35.347	30.312	36.309	87.16	93.582	95.282	289.356	273.677	306.021	494.734	487.282	457.669
01:48:30	33.628	30.274	36.295	92.145	92.149	93.85	292.603	274.957	303.255	497.106	490.958	465.271
01:49:00	35.021	29.809	36.63	87.766	93.458	93.398	292.204	272.957	304.235	496.851	493.621	462.966
01:49:30	35.003	30.538	36.012	87.798	94.061	92.225	290.516	269.715	302.203	498.794	490.338	455.829
01:50:00	34.34	29.223	36.834	89.466	94.338	93.583	292.233	271.065	305.269	498.757	492.073	462.116
01:50:30	34.997	30.533	35.165	88.595	94.516	94.727	293.415	268.335	307.72	497.761	492.294	460.27
01:51:00	34.138	30.713	35.255	88.793	92.939	93.459	291.331	271.089	304.935	498.495	492.756	458.316
01:51:30	34.804	30.708	35.433	88.524	93.471	95.183	289.952	274.394	303.044	495.84	491.803	465.046
01:52:00	34.492	30.819	33.698	89.083	93.87	95.345	290.345	276.984	304.249	499.539	494.281	460.553
01:52:30	36.467	29.914	36.101	88.675	94.699	96.506	292.381	271.176	304.026	495.575	491.867	460.624
01:53:00	34.629	29.955	35.432	87.962	92.642	94.125	291.781	268.424	307.821	501.547	494.406	462.508
01:53:30	35.286	30.735	36.696	88.432	92.011	95.061	291.205	272.319	301.982	489.781	493.148	462.644
01:54:00	34.055	30.051	35.38	88.473	93.915	95.363	292.702	271.885	297.938	495.147	491.125	462.103
01:54:30	35.073	29.721	34.968	89.945	91.584	92.778	290.966	274.606	301.321	499.685	492.027	461.31
01:55:00	34.775	31.069	36.293	90.582	94.152	94.454	291.873	271.565	300.618	496.305	491.11	461.058
01:55:30	33.79	31.233	34.531	90.145	93.545	91.843	289.799	271.911	300.889	494.486	488.486	456.586
01:56:00	34.913	30.811	35.333	90.185	94.042	94.448	287.014	267.175	299.108	495.963	486.444	454.783
01:56:30	34.847	31.908	36.146	88.884	92.401	94.438	294.586	271.36	302.437	493.746	489.688	457.68
01:57:00	35.005	30.141	35.592	89.121	91.727	95.209	289.811	267.897	300.342	496.484	492.794	456.843
01:57:30	33.883	31.029	37.102	87.499	91.817	97.214	290.624	273.845	299.498	498.285	489.308	457.538
01:58:00	35.636	30.135	35.879	87.418	91.012	95.234	292.228	271.714	302.519	497.446	491.973	462.765
01:58:30	34.63	31.055	35.416	87.733	92.801	93.633	287.747	269.479	299.876	496.022	483.398	459.291
01:59:00	33.872	30.483	34.636	89.972	91.535	94.628	287.331	268.66	304.339	493.738	488.29	459.366
01:59:30	34.111	31.527	35.648	90.551	93.247	93.145	291.264	269.788	301.487	496.565	488.722	456.673
02:00:00	34.072	30.943	35.793	88.122	91.2	92.968	286.751	272.704	308.713	494.3	494.328	453.719