Time	25_1	25_2	25_3	50_1	50_2	50_3	100_1	100_2	100_3	150_1	150_2	150_3
00:00:00	69.862	68.526	66.339	145.921	138.61	132.717	268.334	263.92	269.237	404.706	396.526	394.729
00:00:30	72.8	66.347	65.068	138.646	133.143	123.075	262.599	258.251	257.661	393.802	387.002	384.793
00:01:00	67.169	63.328	62.88	131.457	127.522	120.676	247.511	248.531	247.949	377.565	374.807	365.718
00:01:30	62.894	60.932	59.139	127.04	121.696	118.101	241.381	236.687	242.819	366	366.648	360.334
00:02:00	60.091	60.535	57.818	122.121	118.854	111.252	235.446	226.604	231.944	365.196	351.949	349.469
00:02:30	59.95	58.578	56.669	120.983	114.034	110.051	226.508	222.532	225.04	357.576	359.594	345.328
00:03:00	56.728	57.061	55.686	113.589	113.019	108.286	219.205	214.287	215.739	352.935	347.88	339.329
00:03:30	56.787	55.701	54.912	110.817	108.06	107.641	216.37	213.542	212.635	349.426	342.183	339.904
00:04:00	55.996	52.375	54.094	111.713	107.813	104.391	213.946	207.316	206.249	348.072	341.962	334.496
00:04:30	52.456	52.05	49.946	106.759	105.886	98.409	206.046	200.863	201.17	340.141	335.221	328.641
00:05:00	52.608	50.762	51.365	107.22	103.427	97.637	202.923	201.964	201.258	340.948	337.899	328.64
00:05:30	50.163	49.026	47.988	103.702	101.227	95.28	202.94	202.091	199.319	343.579	339.78	329.796
00:06:00	48.483	47.28	48.314	102.11	98.425	95.067	201.599	195.648	199.189	337.817	331.59	327.623
00:06:30	47.493	46.63	46.783	99.997	96.439	89.662	198.321	189.46	192.814	333.75	332.614	327.101
00:07:00	46.748	45.595	45.233	98.593	96.268	92.111	197.129	192.498	194.334	331.697	332.296	322.746
00:07:30	45.901	44.52	45.882	94.535	95.139	92.214	197.173	185.638	188.849	332.672	326.116	319.891
00:08:00	43.615	44.912	43.989	96.318	92.765	87.418	195.518	187.821	188.738	333.15	325.994	320.154
00:08:30	42.157	43.07	43.475	94.403	90.932	88.218	194.687	184.85	185.105	333.437	324.764	319.984
00:09:00	42.581	42.32	42.486	92.165	90.122	86.093	192.134	184.324	186.834	329.407	323.068	319.088
00:09:30	42.429	41.022	42.466	92.574	90.04	82.165	189.237	181.849	183.61	329.643	322.589	318.31
00:10:00	38.294	39.211	42.302	90.015	88.031	84.199	187.985	180.334	180.353	326.948	320.912	316.525
00:10:30	39.375	40.053	41.172	88.739	85.085	82.886	187.812	180.604	180.816	325.415	322.48	317.552
00:11:00	39.067	40.808	40.064	88.562	86.485	82.803	186.386	181.126	181.212	327.176	318.582	309.705
00:11:30	39.989	39.498	40.072	88.911	85.076	82.188	189.783	179.153	178.678	326.61	321.291	316.365
00:12:00	39.488	37.416	39.284	88.761	84.392	78.461	186.429	178.363	178.878	323.732	319.836	311.675
00:12:30	37.601	37.912	37.542	86.441	83.741	80.697	187.277	178.476	181.478	324.065	319.22	309.706
00:13:00	37.094	37.523	37.149	83.222	82.41	78.476	184.955	177.791	178.101	329.631	320.776	312.569
00:13:30	35.975	35.38	36.064	84.646	82.058	77.013	181.979	175.219	177.555	326.118	315.202	314.74
00:14:00	36.345	36.157	35.705	84.294	82.534	76.173	182.286	176.51	179.038	319.836	316.576	313.606
00:14:30	34.839	35.721	36.373	82.09	78.209	76.679	182.047	175.304	174.438	320.807	319.373	307.662
00:15:00	34.422	34.032	34.962	83.247	78.551	74.723	181.734	175.954	176.155	327.969	318.388	314.689
00:15:30	34.923	34.678	34.871	81.167	77.779	75.533	180.318	170.754	176.074	325.366	319.923	311.282
00:16:00	33.017	34.392	35.132	81.594	76.205	72.92	180.321	174.903	173.737	324.906	318.796	312.26
00:16:30	32.956	33.705	33.887	80.506	75.935	70.907	176.659	170.468	173.49	327.383	316.421	308.716
00:17:00	32.17	32.923	32.38	80.6	76.768	71.863	180.902	172.193	173.311	324.808	319.791	309.972
00:17:30	31.426	32.882	33.885	78.664	73.989	71.151	178.197	171.46	171.952	314.046	315.312	307.207
00:18:00	32.246	31.864	32.086	76.873	74.264	71.223	179.907	176.282	172.811	324.386	315.032	312.207
00:18:30	30.645	31.475	31.663	75.575	72.733	69.735	176.936	173.43	171.474	319.43	311.902	305.707
00:19:00	30.579	32.931	31.81	75.284	73.119	69.751	178.679	170.229	172.071	319.98	316.22	307.326
00:19:30	30.743	30.92	31.753	74.343	72.095	69.41	177.773	170.191	169.546	322.293	313.476	306.042
00:20:00	30.661	32.119	31.362	73.187	70.61	68.649	178.518	171.237	170.315	317.271	313.5	306.693
00:20:30	29.002	30.109	30.844	72.423	69.254	68.265	177.263	167.294	171.467	316.481	316.698	312.015
00:21:00	29.865	28.306	30.107	71.67	69.429	69.266	180.822	168.382	169.548	317.477	313.539	305.702
00:21:30	28.922	30.292	30.329	71.491	69.747	66.192	174.857	168.635	171.736	322.476	314.009	306.228
00:22:00	28.946	30.309	30.531	71.028	68.993	66.854	176.752	168.212	172.596	319.879	316.166	302.282
00:22:30	28.502	29.587	28.444	70.554	66.986	65.749	176.455	166.743	168.535	322.227	315.598	304.22
00:23:00	28.258	28.268	29.725	70.402	68.058	67.646	176.442	167.389	166.095	317.617	310.081	306.927
00:23:30	27.775	28.622	28.775	66.883	66.022	63.298	173.799	164.385	169.142	316.856	315.069	302.287
00:24:00	27.46	28.537	28.192	67.278	66.527	65.046	172.495	166.186	168	316.94	309.495	304.685
00:24:30	27.301	28.06	26.755	66.29	64.891	62.927	175.527	167.24	166.763	320.714	312.18	305.091
00:25:00	26.509	28.361	27.47	65.654	62.475	64.127	174.318	167.219	165.7	315.447	312.15	308.14
00:25:30	26.427	27.074	28.511	66.708	65.545	62.687	175.302	166.604	170.821	316.75	313.176	307.839
00:26:00	26.292	26.9	27.465	64.832	65.309	62.763	174.865	165.165	165.818	318.977	313.304	306.814
00:26:30	25.317	27.489	26.788	65.812	63.52	63.235	172.1	168.18	166.247	316.563	313.296	307.568
00:27:00	25.755	25.838	28.5	64.313	61.088	61.572	170.244	165.796	166.514	315.59	310.585	303.181
00:27:30	25.711	26.512	26.268	65.206	63.504	63.471	177.367	166.91	170.857	322.164	311.269	307.062
00:28:00	25.333	26.618	26.468	63.575	62.778	61.984	173.094	163.912	168.304	313.101	313.539	300.775
00:28:30	25.887	26.251	25.824	63.187	61.613	61.126	171.564	164.811	166.559	316.555	309.039	300.352
00:29:00	24.891	25.733	25.945	63.485	63.026	60.779	173.787	164.952	167.906	317.673	309.668	305.858
00:29:30	24.614	25.524	25.437	62.916	59.987	59.888	172.771	164.045	164.33	312.534	308.87	298.327
00:30:00	23.789	25.709	25.686	62.576	63.006	59.465	173.313	163.603	168.05	314.331	308.879	303.151
00:30:30	23.753	24.764	25.739	61.677	60.236	58.499	174.565	162.074	165.738	312.801	305.835	304.557
00:31:00	23.346	24.833	25.505	60.744	60.573	58.174	171.785	166.313	164.939	316.887	307.828	302.579
00:31:30	23.952	25.502	24.735	59.426	60.148	57.879	171.185	163.253	167.423	319.546	309.27	304.485
00:32:00	24.531	24.27	25.653	61.578	59.55	57.696	169.945	165.066	160.804	311.767	307.364	302.866
00:32:30	23.279	25.298	24.869	60.605	59.602	57.61	172.966	161.705	166.992	318.592	311.338	300.855
00:33:00	23.103	23.384	23.525	60.115	58.427	57.159	169.813	163.603	164.75	314.134	308.723	304.017
00:33:30	24.484	24.28	25.734	57.904	59.865	57.654	169.731	163.345	163.619	313.224	310.215	304.516
00:34:00	23.408	22.843	23.832	59.159	59.202	55.678	169.062	161.947	162.844	309.663	308.424	297.051
00:34:30	22.696	23.673	24.436	59.235	59.935	56.633	167.844	164.886	164.306	312.623	310.279	299.679
00:35:00	23.142	23.624	22.589	60.39	58.811	58.921	166.417	162.009	166.199	313.746	310.568	304.727
00:35:30	22.768	22.471	24	58.276	58.769	56.777	168.484	163.039	164.856	311.855	306.742	301.058
00:36:00	23.562	23.92	23.745	58.612	58.047	55.219	168.051	163.184	163.188	312.468	305.179	298.748
00:36:30	22.873	22.838	23.535	57.48	57.777	54.858	169.484	162.938	162.564	313.068	304.645	302.538
00:37:00	22.849	22.563	23.443	58.465	57.336	55.91	169.713	163.776	162.154	309.922	309.743	301.373
00:37:30	21.14	22.277	23.905	57.862	56.103	55.303	167.777	162.299	161.354	314.55	308.415	304.343
00:38:00	22.117	22.683	23.63	58.173	57.501	54.039	171.865	162.214	161.42	317.135	309.135	303.123
00:38:30	22.658	23.071	23.6	58.749	56.927	54.797	168.149	160.737	163.289	313.902	305.608	304.821
00:39:00	22.13	23.463	23.754	56.768	58.071	54.741	168.66	163.244	163.281	313.038	308.333	300.674
00:39:30	21.784	22.163	23.328	57.862	56.107	54.396	170.387	165.258	163.256	307.375	307.463	300.651
00:40:00	22.06	21.502	22.424	58.409	56.178	54.542	168.538	161.011	160.965	312.379	310.59	302.851
00:40:30	22.003	22.866	22.243	56.409	55.449	54.195	170.883	163.78	161.073	312.936	311.271	303.477
00:41:00	21.42	21.482	22.428	56.117	56.166	54.171	167.067	162.751	160.678	307.607	309.367	295.516
00:41:30	21.998	22.045	22.452	56.394	55.151	52.635	166.59	163.337	161.053	312.17	312.894	300.007
00:42:00	21.936	20.76	21.932	57.03	55.432	53.876	168.148	161.706	160.384	310.702	305.867	302.337
00:42:30	20.649	22.453	22.457	58.29	56.43	52.461	169.383	163.167	163.568	310.515	308.558	300.951
00:43:00	21.939	21.794	23.617	56.563	55.382	53.753	169.931	162.198	160.52	312.793	310.29	301.629
00:43:30	22.466	22.058	23.494	54.916	56.548	53.679	165.524	160.926	162.507	315.335	308.207	299.895
00:44:00	21.525	22.276	21.334	57.794	55.689	51.655	170.145	161.378	164.197	312.635	306.363	298.681
00:44:30	22.374	22.294	22.124	54.888	56.162	51.626	169.854	160.891	162.407	313.877	307.155	302.852
00:45:00	21.461	22.32	22.003	56.755	55.44	53.843	168.775	162.637	161.395	309.171	308.512	296.795
00:45:30	21.448	21.721	21.423	55.706	54.259	51.32	168.114	158.467	159.25	311.167	307.161	300.679
00:46:00	22.158	20.429	21.016	57.464	54.514	51.906	165.082	159.912	161.641	309.927	308.656	297.894
00:46:30	20.433	21.426	20.716	55.307	56.029	51.302	167.936	158.943	161.302	311.982	305.446	300.493
00:47:00	21.395	20.939	21.521	55.954	55.132	51.968	168.026	160.755	161.723	308.079	305.885	303.327
00:47:30	20.74	21.435	20.98	55.611	53.09	49.582	168.346	159.264	161.903	307.076	306.446	302.125
00:48:00	19.621	21.681	21.165	56.058	53.665	53.836	169.902	163.585	162.232	315.494	306.621	301.96
00:48:30	22.092	21.892	21.321	56.299	53.751	51.757	170.574	161.975	162.642	307.883	309.163	300.927
00:49:00	20.817	20.69	21.452	55.297	54.381	52.062	165.973	162.298	163.023	311.267	306.837	300.509
00:49:30	20.217	20.901	21.316	54.802	55.643	51.845	169.155	161.057	162.903	309.127	308.35	301.936
00:50:00	19.807	19.472	21.032	54.997	54.39	51.181	165.61	160.05	160.685	309.577	305.426	298.479
00:50:30	21.057	21.093	20.322	55.62	52.803	52.135	165.078	162.259	160.663	308.284	306.839	302.816
00:51:00	20.396	20.209	21.112	56.318	54.541	51.613	169.372	160.113	158.745	309.224	309.524	299.658
00:51:30	19.837	20.583	20.978	54.331	53.598	50.33	166.067	161.386	158.764	311.039	309.707	299.432
00:52:00	20.517	21.58	21.09	54.058	52.685	51.801	168.072	163.578	160.476	309.803	304.089	299.047
00:52:30	19.782	18.869	20.537	54.477	53.017	50.673	168.579	162.685	161.271	306.495	309.888	301.692
00:53:00	20.235	20.925	20.348	53.407	51.837	52.706	167.207	163.503	164.024	311.124	301.949	302.137
00:53:30	20.043	19.867	21.401	55.357	52.445	51.177	167.056	160.677	159.212	309.327	309.647	304.439
00:54:00	19.852	21.174	20.253	53.782	53.777	51.7	165.187	162.557	161.035	310.511	307.033	299.926
00:54:30	20.262	20.534	19.845	53.754	53.005	52.689	168.467	161.751	158.145	310.745	303.769	297.517
00:55:00	19.918	19.09	20.93	52.966	53.217	50.187	166.583	163.927	159.121	308.543	305.198	300.704
00:55:30	20.683	20.07	20.05	53.352	52.754	50.969	166.491	160.507	159.597	312.538	305.601	298.778
00:56:00	20.045	20.844	20.482	53.502	54.166	51.735	167.947	158.164	161.3	309.269	305.51	299.692
00:56:30	20.117	19.454	20.303	55.46	52.207	49.658	166.537	157.437	161.813	307.606	309.728	296.059
00:57:00	21.007	19.713	20.085	52.632	52.336	50.035	165.548	157.651	162.565	310.273	304.166	296.1
00:57:30	20.041	20.377	21.443	54.297	52.518	51.748	170.429	165.137	160.82	310.072	309.03	298.827
00:58:00	18.954	20.75	19.683	51.856	51.674	48.777	164.385	159.304	161.656	308.082	307.352	301.183
00:58:30	20.298	20.762	20.272	53.063	53.051	50.451	167.448	161.013	161.569	312.034	303.001	297.495
00:59:00	19.029	20.048	20.334	51.106	52.712	49.182	167.536	157.162	161.408	306.974	303.511	294.562
00:59:30	19.584	20.846	19.159	50.778	52.364	50.189	164.395	158.709	160.737	310.821	303.326	299.227
01:00:00	19.806	20.09	19.802	53.912	51.602	50.469	166.907	159.835	158.23	305.155	302.881	299.964
01:00:30	20.465	19.658	20.055	54.55	50.381	51.504	167.653	161.944	161.622	312.834	308.154	301.055
01:01:00	19.687	21.023	20.972	53.453	51.401	50.798	167.275	162.273	161.954	311.641	306.625	297.475
01:01:30	19.817	19.704	20.199	53.4	51.563	48.308	166.087	159.256	161.912	307.739	308.27	293.011
01:02:00	19.567	20.733	19.016	51.298	52.128	50.844	166.948	160.145	161.181	312.388	307.195	301.665
01:02:30	19.715	18.946	20.093	52.653	50.174	49.57	165.297	159.687	160.398	306.741	304.274	300.073
01:03:00	20.41	19.449	20.303	52.793	50.761	48.618	166.639	160.053	160.575	307.597	303.053	299.773
01:03:30	20.658	18.899	19.68	51.794	50.834	50.512	164.883	158.879	158.435	308.302	304.467	298.008
01:04:00	20.469	20.717	20.159	51.72	52.346	50.024	166.216	160.312	160.466	308.469	309.707	297.726
01:04:30	20.222	20.056	19.893	52.029	50.2	47.932	168.238	158.326	161.069	305.026	301.928	295.402
01:05:00	18.768	19.123	19.468	51.218	51.851	47.747	162.84	160.528	162.112	307.501	300.01	295.202
01:05:30	19.422	19.463	19.153	53.014	52.004	49.61	168.077	158.757	159.667	311.882	303.799	300.933
01:06:00	19.23	19.072	20.027	50.259	52.368	49.138	167.273	159.218	160.258	309.459	309.74	299.512
01:06:30	19.971	19.696	20.12	52.792	51.434	49.896	163.496	158.968	161.501	306.161	306.081	297.296
01:07:00	18.939	18.838	19.161	51.317	50.877	50.071	166.835	158.74	158.993	312.969	305.226	298.343
01:07:30	18.184	19.226	19.774	51.748	50.938	47.472	167.021	160.703	159.673	309.918	304.985	297.05
01:08:00	19.305	18.891	19.74	51.783	50.916	48.331	166.025	160.681	158.695	313.219	302.926	296.419
01:08:30	19.169	19.303	19.476	51.957	50.195	48.434	165.471	158.751	159.434	309.516	309.99	299.962
01:09:00	19.363	18.715	19.386	51.51	48.881	48.261	165.564	158.483	158.624	306.827	301.671	300.178
01:09:30	19.242	19.54	19.646	49.832	51.2	47.994	166.041	159.706	161.616	308.041	304.886	298.478
01:10:00	19.454	20.077	20.09	51.774	49.8	48.579	166.879	159.411	158.632	307.765	306.456	296.584
01:10:30	19.711	20.322	20.04	50.066	49.99	48.943	167.462	159.716	160.8	310.814	304.38	295.795
01:11:00	18.843	19.295	19.704	50.381	48.941	49.732	166.774	159.946	159.253	308.674	307.526	298.202
01:11:30	18.579	19.467	19.073	50.361	51.018	48.172	167.152	159.505	158.781	310.128	304.361	298.463
01:12:00	19.761	19.345	19.501	50.119	50.982	47.963	165.854	159.606	159.634	309.193	303.964	302.997
01:12:30	18.833	18.987	19.79	50.337	49.747	47.737	165.767	158.489	161.494	311.102	305.259	297.472
01:13:00	19.897	20.025	19.244	49.466	50.741	47.935	168.7	159.855	162.436	308.309	304.419	299.61
01:13:30	20.192	18.896	19.995	48.974	50.427	46.958	166.23	162.005	160.652	310.19	307.15	299.74
01:14:00	18.601	18.735	20.06	49.45	50.033	48.705	163.65	159.093	160.499	307.84	304.838	296.117
01:14:30	18.894	18.87	18.792	50.129	48.836	47.377	164.358	158.503	161.523	312.008	307.676	296.264
01:15:00	18.791	19.362	19.56	50.516	49.715	47.742	164.71	159.707	159.506	311.496	307.174	298.693
01:15:30	18.346	19.583	17.913	51.058	50.9	48.058	166.301	159.437	161.806	303.852	306.906	297.14
01:16:00	19.511	19.027	18.828	50.133	49.062	46.966	165.411	159.509	160.83	310.953	307.524	289.655
01:16:30	18.821	18.86	18.594	50.342	50.048	47.257	166.428	158.924	159.963	307.398	307.053	294.167
01:17:00	18.746	18.829	19.159	49.435	49.456	46.865	167.839	161.723	160.945	306.836	306.237	299.134
01:17:30	18.385	19.834	18.93	50.145	49.362	47.32	164.596	156.085	162.211	308.573	307.912	296.151
01:18:00	19.252	18.399	18.87	49.62	50.791	47.329	167.396	156.006	161.07	310.854	307.408	297.663
01:18:30	19.012	18.593	18.13	50.813	50.651	46.038	165.802	161.867	160.768	308.699	304.645	297.676
01:19:00	18.786	19.116	19.211	49.295	48.636	46.269	166.847	159.145	162.535	307.222	304.387	299.248
01:19:30	18.522	18.254	18.114	49.278	48.352	47.483	164.318	162.673	158.78	307.049	304.129	297.09
01:20:00	18.746	18.937	19.43	48.57	48.411	47.084	165.338	159.42	160.289	308.164	303.643	297.857
01:20:30	18.681	19.259	19.985	48.537	49.86	46.46	164.714	158.665	158.943	310.353	303.27	294.363
01:21:00	19.449	19.134	18.196	50.792	49.239	47.171	166.698	161.289	162.36	307.072	303.499	300.469
01:21:30	19.812	19.155	18.717	49.717	47.825	46.826	163.243	159.356	159.166	310.327	304.592	299.218
01:22:00	18.694	18.704	18.722	49.211	47.901	45.918	165.749	159.696	160.232	310.26	303.008	298.176
01:22:30	19.537	19.418	18.825	48.439	46.224	47.246	168.005	157.382	161.244	309.86	303.144	296.455
01:23:00	19.362	18.805	19.376	49.899	48.38	45.677	164.647	159.276	158.738	306.252	307.004	294.34
01:23:30	18.702	18.423	17.878	47.941	49.634	46.558	166.349	158.278	160.916	306.882	303.226	297.677
01:24:00	18.648	18.744	19.4	49.863	49.903	47.265	161.95	161.37	161.105	309.44	301.224	298.704
01:24:30	18.908	18.159	18.38	47.608	48.525	46.65	167.583	159.463	158.935	310.71	307.237	298.287
01:25:00	18.728	19.048	18.861	48.163	49.07	46.233	164.132	161.238	159.999	305.138	299.87	299.662
01:25:30	19.031	19.235	18.504	48.496	49.266	46.924	163.657	162.519	161.823	307.954	303.477	297.109
01:26:00	19.022	19.235	18.189	49.265	47.811	47.079	164.618	160.049	158.755	308.328	304.619	300.615
01:26:30	18.245	19.203	19.025	48.023	48.731	46.567	162.714	160.515	159.181	313.038	304.183	297.61
01:27:00	16.908	18.86	19.112	48.205	47.071	44.475	166.45	159.299	158.52	306.592	304.613	295.23
01:27:30	18.453	19.174	19.265	48.983	50.015	45.536	163.548	156.238	157.941	309.71	304.642	295.987
01:28:00	19.853	18.383	18.508	50.764	48.419	45.855	167.418	159.353	159.145	310.597	306.326	296.411
01:28:30	19.377	17.822	18.75	48.663	48.335	45.429	164.314	158.516	159.618	307.828	305.494	295.558
01:29:00	19.614	17.632	18.288	47.795	49.36	45.961	164.863	158.855	157.037	307.066	304.8	294.552
01:29:30	18.34	18.794	18.293	47.99	49.799	48.04	164.464	157.928	161.398	307.786	306.647	298.942
01:30:00	18.916	19.139	18.299	47.336	48.418	46.317	168.154	159.579	160.056	310.253	305.243	296.56
01:30:30	19.359	18.667	18.513	48.939	48.434	43.477	168.561	156.985	160.408	308.85	302.734	294.707
01:31:00	19.467	18.43	19.249	46.398	48.928	44.496	165.086	159.37	159.062	304.573	304.468	303.642
01:31:30	19.238	19.776	18.394	47.504	49.01	45.506	167.813	159.866	160.172	307.15	302.531	299.238
01:32:00	18.793	18.92	19.31	49.661	48.194	47.216	167.057	157.918	159.351	305.422	302.458	297.572
01:32:30	18.443	19.604	19.117	49.06	49.581	46.339	167.668	157.664	159.29	308.578	305.319	294.095
01:33:00	18.654	19.843	18.32	48.274	49.191	46.503	165.93	160.482	162.29	309.378	299.773	295.792
01:33:30	17.398	18.964	17.757	47.169	47.133	45.953	170.201	160.05	159.349	308.424	306.331	300.129
01:34:00	18.985	19.344	19.064	48.077	48.209	46.199	168.174	157.122	160.973	310.356	305.316	298.665
01:34:30	19.544	18.141	18.93	46.466	47.102	46.373	164.708	157.846	159.983	309.078	302.475	293.759
01:35:00	18.518	18.711	19.09	47.766	47.13	45.529	162.568	158.856	157.288	307.167	302.895	299.59
01:35:30	18.026	18.022	18.063	47.802	47.8	44.468	166.881	159.534	159.386	308.692	303.941	291.923
01:36:00	17.379	19.022	19.122	47.395	48.176	43.6	167.357	160.697	164.072	305.981	308.68	299.789
01:36:30	18.668	19.242	18.212	48.45	46.297	43.635	163.353	160.551	160.908	308.704	302.005	297.34
01:37:00	17.706	18.303	18.738	49.205	48.598	44.232	166.846	160.479	161.108	301.531	308.987	298.481
01:37:30	19.309	18.953	18.623	46.651	46.534	45.066	165.212	158.664	159.837	303.784	304.264	295.149
01:38:00	19.043	19.217	17.539	49.643	47.535	45.921	165.782	155.341	159.131	308.768	303.867	292.655
01:38:30	18.354	19.143	18.002	47.979	48.681	45.49	164.12	157.306	156.481	307.252	305.363	299.676
01:39:00	18.02	18	18.413	47.303	47.268	46.127	162.996	159.714	157.887	305.94	302.393	290.55
01:39:30	18.024	19.595	18.461	47.678	47.107	45.461	161.638	159.432	160.035	306.242	304.801	298.841
01:40:00	18.371	17.776	18.897	48.045	48.415	44.461	165.612	157.518	159.135	306.657	305.2	297.609
01:40:30	18.791	17.844	18.198	46.359	48.704	44.162	164.422	158.045	157.106	307.795	305.2	296.677
01:41:00	18.553	19.561	18.513	48.352	48.013	46.432	165.503	160.151	159.275	309.249	305.221	293.187
01:41:30	18.16	18.554	19.112	46.558	46.821	46.107	166.051	162.678	160.462	304.017	305.094	294.08
01:42:00	17.788	19.096	18.965	46.306	46.981	45.929	165.253	155.864	157.461	305.165	304.922	293.938
01:42:30	18.284	19.665	17.921	47.585	48.227	46.529	166.92	160.199	163.409	307.789	303.104	297.026
01:43:00	18.389	18.212	17.928	46.942	47.695	44.849	163.921	161.793	158.952	309.558	304.45	297.607
01:43:30	18.52	18.496	18.799	47.611	46.61	43.737	165.905	158.996	160.617	311.495	303.515	294.956
01:44:00	17.829	17.829	18.234	48.526	47.576	46.254	166.267	158.193	159.377	304.226	302.259	294.978
01:44:30	18.563	19.438	18.557	46.109	46.335	44.8	166.899	156.99	163.003	306.989	299.369	295.276
01:45:00	18.162	18.215	18.449	48.28	46.418	44.808	165.09	156.444	161.061	309.714	303.887	294.17
01:45:30	18.386	18.689	17.889	46.749	46.754	46.086	168.245	159.308	161.041	309.905	302.387	297.404
01:46:00	18.155	19.414	17.888	46.802	47.676	46.16	168.284	160.442	159.373	304.867	301.52	294.39
01:46:30	18.071	19.844	17.977	47.396	45.586	45.303	165.12	159.612	158.955	309.197	302.86	294.113
01:47:00	18.301	19.701	18.413	46.764	48.366	43.672	166.085	161.444	158.829	307.966	304.453	298.305
01:47:30	18.112	18.465	18.065	46.81	47.594	46.342	165.397	160.808	160.062	311.589	304.228	296.928
01:48:00	18.452	18.289	19.1	48.684	47.129	45.15	168.083	162.078	158.045	307.922	301.446	299.858
01:48:30	18.426	18.211	18.558	46.653	46.82	46.03	166.238	158.822	162.325	310.263	307.109	292.746
01:49:00	18.585	18.755	18.38	46.783	46.636	46.17	164.86	160.606	159.612	308.247	301.264	293.279
01:49:30	19.117	19.152	18.589	47.303	46.919	44.397	170.468	161.936	161.606	312.374	301.787	295.263
01:50:00	17.844	18.732	18.087	47.594	45.722	44.822	166.178	159.946	159.323	306.343	304.422	301.179
01:50:30	18.077	19.033	18.716	47.693	47.577	44.49	164.732	160.911	163.198	304.504	304.672	296.222
01:51:00	18.369	17.715	19.427	48.604	47.075	44.33	166.056	158.835	159.75	303.581	306.218	288.503
01:51:30	18.706	18.06	19.327	46.594	47.227	44.505	165.954	159.119	160.799	308.563	303.757	293.269
01:52:00	18.649	18.825	17.78	47.183	47.344	43.865	164.788	162.287	159.645	308.067	301.854	299.151
01:52:30	18.382	18.554	18.17	46.831	45.83	44.932	168.039	159.473	161.865	302.506	304.546	298.067
01:53:00	19.587	18.086	19.206	47.108	46.727	44.358	167.493	158.11	159.747	305.767	307.21	296.502
01:53:30	18.153	18.813	18.468	46.997	45.676	44.981	166.219	155.543	160.601	304.635	305.423	290.364
01:54:00	17.819	18.516	18.616	47.604	46.64	42.603	165.372	156.936	160.197	308.127	305.866	298.435
01:54:30	17.718	18.112	19.005	45.648	47.935	43.612	166.634	159.711	160.358	308.724	305.638	294.922
01:55:00	18.578	17.899	18.123	46.2	45.869	45.08	164.691	161.106	160.22	303.721	302.681	295.868
01:55:30	19.825	18.851	18.701	46.542	48.233	45.804	168.864	159.976	159.518	310.989	307.314	298.481
01:56:00	18.603	18.705	18.68	47.326	45.99	43.399	167.665	161.419	159.226	309.997	303.498	296.913
01:56:30	18.342	18.037	17.527	47.034	45.961	43.521	167.711	161.409	159.311	307.79	301.984	299.333
01:57:00	18.344	18.469	17.842	47.697	47.271	45.061	166.88	159.388	162.338	309.442	304.277	300.815
01:57:30	18.924	18.594	18.024	45.633	46.59	42.414	169.436	160.328	160.998	306.563	304.746	294.874
01:58:00	17.815	18.854	18.214	46.949	46.068	43.906	164.919	159.919	163.021	307.902	299.614	294.392
01:58:30	19.189	18.476	18.826	46.602	47.163	43.941	167.265	162.526	161.527	310.383	308.066	298.094
01:59:00	18.856	18.343	18.956	48.287	48.133	45.321	166.769	160.332	162.338	305.213	304.36	295.178
01:59:30	18.466	18.137	17.818	45.99	46.308	44.786	168.048	161.728	161.547	307.479	304.953	298.736
02:00:00	19.138	18.803	19.39	46.818	45.808	44.051	167.266	159.45	162.143	313.055	305.314	296.851