Time	25_1	25_2	25_3	50_1	50_2	50_3	100_1	100_2	100_3	150_1	150_2	150_3
00:00:00	91.27	82.755	92.706	175.968	180.197	170.035	340.958	335.301	338.519	497.158	487.751	494.787
00:00:30	86.148	76.811	84.325	169.024	169.202	166.424	320.08	327.64	327.5	485.834	478.709	479.577
00:01:00	81.644	74.38	79.856	162.382	162.067	160.611	313.049	317.699	319.137	477.399	471.378	463.234
00:01:30	77.744	70.805	78.166	158.866	158.77	154.501	305.305	312.93	306.012	460.856	456.236	457.163
00:02:00	72.348	68.113	72.529	155.313	153.064	149.004	298.086	299.328	297.113	458.857	452.345	449.671
00:02:30	71.515	67.961	72.122	154.066	149.796	146.357	291.743	294.7	293.168	456.533	447.322	448.803
00:03:00	68.226	65.384	67.896	147.222	143.301	142.941	279.69	289.699	286.446	448.229	438.672	437.216
00:03:30	66.353	63.672	66.871	140.738	135.884	139.402	277.472	283.609	279.159	448.591	437.603	437.346
00:04:00	65.414	59.967	62.633	133.659	134.438	139.109	274.828	276.785	279.03	443.957	437.88	435.619
00:04:30	65.334	60.703	60.653	133.271	131.984	132.999	268.844	274.563	276.599	444.159	432.749	427.475
00:05:00	63.291	56.648	59.896	129.378	130.551	132.617	263.13	267.345	273.431	434.516	428.92	428.781
00:05:30	60.459	57.577	58.361	127.671	128.444	131.099	258.166	269.071	273.141	436.319	426.849	428.277
00:06:00	60.892	57.76	56.39	125.042	123.072	128.98	259.98	265.437	269.227	433.174	426.352	424.057
00:06:30	59.261	55.332	54.829	122.203	124.23	126.089	251.752	265.435	263.389	426.262	426.123	421.469
00:07:00	57.601	54.501	54.673	121.486	122.592	121.63	254.928	258.691	264.896	428.847	424.734	420.113
00:07:30	56.837	54.743	54.077	119.447	120.703	124.393	248.285	256.561	258.78	423.818	419.984	418.185
00:08:00	55.682	53.724	52.82	117.622	118.856	123.428	248.505	255.766	259.724	421.584	417.652	417.722
00:08:30	53.593	52.735	51.493	118.744	119.319	122.996	251.91	259.484	262.012	432.029	415.511	418.038
00:09:00	53.749	52.373	50.678	116.242	116.556	121.408	250.059	254.719	255.876	424.431	424.559	419.105
00:09:30	54.373	51.606	49.724	114.465	112.894	118.804	250.972	257.143	257.071	426.871	421.148	417.503
00:10:00	53.803	49.807	49.498	113.253	113.812	116.222	246.371	250.081	254.532	422.683	413.086	410.544
00:10:30	52.119	50.335	47.524	112.676	113.754	118.177	240.811	246.505	251.214	414.647	412.376	413.391
00:11:00	49.558	50.519	46.608	111.435	112.099	116.909	246.217	248.107	252.758	420.225	410.701	408.447
00:11:30	49.309	48.669	45.643	110.46	112.903	114.577	241.996	251.184	253.229	423.483	412.997	409.484
00:12:00	50.119	47.297	47.425	110.16	108.622	112.891	237.776	245.174	246.889	415.661	413.015	407.791
00:12:30	48.528	46.327	46.649	110.391	110.601	114.017	240.886	248.411	250.217	420.084	411.682	409.691
00:13:00	47.643	46.186	45.374	107.916	109.228	109.771	242.116	249.494	250.849	418.738	412.982	409.747
00:13:30	48.282	43.767	44.841	105.115	110.819	111.315	238.731	245.723	251.227	414.215	407.872	409.318
00:14:00	47.123	44.429	43.346	107.146	108.146	109.703	241.42	247.788	249.223	419.57	412.942	409.504
00:14:30	47.123	46.562	43.369	103.75	108.908	109.784	236.526	246.276	246.033	417.094	407.933	411.835
00:15:00	45.442	42.623	42.973	106.462	105.729	107.345	237.996	245.455	243.572	412.648	407.627	405.183
00:15:30	45.13	43.92	41.707	103.468	105.468	105.516	237.294	244.293	242.777	411.631	408.398	403.126
00:16:00	45.394	42.83	41.891	104.319	103.295	107.832	236.264	240.851	246.144	413.212	409.666	407.892
00:16:30	44.736	43.995	40.964	101.684	104.251	103.778	236.313	242.157	244.486	408.067	408.846	400.985
00:17:00	44.068	41.992	40.708	101.026	102.463	102.535	235.485	239.232	243.178	410.3	407.417	403.07
00:17:30	42.389	41.35	40.294	101.246	103.229	103.534	235.612	238.961	242.277	408.974	405.007	408.38
00:18:00	43.326	40.822	42.164	100.146	104.481	102.221	231.966	240.827	243.337	413.231	399.88	403.99
00:18:30	42.384	39.858	40.53	99.505	102.13	101.539	237.06	237.111	245.27	410.04	409.744	406.995
00:19:00	40.544	40.043	39.72	95.759	101.897	99.488	232.491	241.829	242.358	410.103	402.95	403.573
00:19:30	42.508	41.187	37.141	97.835	99.843	99.909	232.689	239.651	242.33	408.397	408.866	400.782
00:20:00	42.087	38.966	38.76	96.201	98.477	98.024	232.392	237.437	238.471	407.178	402.853	407.776
00:20:30	40.661	39.327	39.741	95.64	97.827	97.549	230.034	235.676	241.597	409.398	402.388	402.496
00:21:00	40.338	37.966	39.457	94.964	98.721	98.374	230.121	238.109	241.536	407.247	401.382	397.371
00:21:30	40.531	37.914	37.444	95.162	98.882	98.612	228.268	236.174	241.02	410.943	405.188	400.71
00:22:00	40.96	37.388	36.771	94.741	95.454	97.101	228.753	234.678	240.688	407.984	403.183	398.305
00:22:30	39.05	38.623	37.132	95.09	94.654	95.098	232.06	234.676	238.576	402.147	400.254	400.682
00:23:00	38.816	36.966	36.978	94.439	95.734	94.677	232.184	239.601	241.371	408.318	402.926	400.386
00:23:30	37.982	38.631	35.027	94.274	98.167	94.398	230.663	234.682	239.593	405.496	403.575	401.868
00:24:00	39.326	35.738	36.276	93.285	96.714	96.36	227.571	236.747	238.838	407.133	401.83	400.28
00:24:30	37.735	36.526	36.057	91.036	94.311	96.262	229.523	233.705	237.605	410.142	402.154	398.878
00:25:00	38.368	36.785	36.305	92.264	93.271	93.885	227.837	236.737	242.138	405.399	402.985	404.233
00:25:30	37.384	36.174	35.928	91.739	93.87	95.712	229.715	235.753	235.778	402.059	402.651	399.44
00:26:00	38.949	34.415	33.923	90.85	90.467	94.912	227.268	227.899	236.179	402.86	395.073	391.56
00:26:30	37.63	35.989	35.734	92.085	94.277	92.66	229.345	234.905	234.452	406.771	403.301	400.94
00:27:00	36.327	35.316	34.6	91.437	91.507	95.013	230.015	237.762	233.893	402.596	399.767	395.37
00:27:30	36.937	35.16	34.386	91.21	92.788	93.003	226.513	235.205	234.591	404.584	399.342	403.195
00:28:00	36.892	35.56	35.435	90.448	90.959	92.809	227.62	234.239	237.075	405.608	402.735	401.149
00:28:30	34.573	34.634	35.603	89.5	91.938	94.371	227.827	234.196	236.37	400.72	401.037	398.245
00:29:00	36.045	35.06	34.683	89.334	90.543	92.62	227.712	230.706	237.023	401.515	400.594	398.34
00:29:30	36.117	34.625	34.263	89.156	92.976	92.704	229.003	232.638	236.936	403.502	402.727	398.648
00:30:00	36.35	35.589	34.927	89.194	91.826	92.678	225.158	235.223	237.325	408.554	401.564	394.019
00:30:30	35.698	32.818	33.825	90.365	89.313	92.126	224.915	233.616	232.316	407.934	397.19	399.316
00:31:00	34.698	33.851	32.866	90.304	92.82	91.134	228.083	231.787	236.816	402.418	402.725	396.329
00:31:30	36.488	33.228	32.696	86.998	90.184	89.956	225.287	229.093	233.391	403.29	396.787	394.369
00:32:00	35.4	33.164	33.498	87.599	91.52	92.543	227.77	231.118	236.769	402.827	392.071	396.919
00:32:30	34.929	32.588	33.214	88.868	88.521	88.527	223.01	228.967	236.012	401.655	395.589	390.606
00:33:00	34.798	31.417	32.864	86.864	88.479	91.367	221.729	232.385	235.372	400.175	397.63	397.253
00:33:30	33.828	33.589	33.093	87.585	87.258	90.463	223.071	233.802	233.779	402.71	401.062	400.786
00:34:00	34.665	32.05	32.437	86.878	87.989	89.753	225.533	233.106	234.467	404.521	395.494	396.094
00:34:30	33.739	33.616	33.23	85.853	88.609	88.899	226.142	230.514	231.167	404.715	396.578	396.131
00:35:00	34.819	32.681	32.104	84.977	88.75	88.797	223.405	233.407	235.236	397.963	390.02	398.658
00:35:30	33.742	31.605	31.852	87.364	88.816	87.972	222.098	231.23	230.181	399.245	398.935	398.404
00:36:00	33.326	30.989	31.647	86.101	86.32	89.039	223.951	227.822	233.757	400.662	395.603	396.795
00:36:30	33.422	32.305	31.344	85.78	86.594	88.322	222.176	229.091	231.056	404.021	394.23	393.873
00:37:00	33.028	31.936	31.419	85.59	88.979	90.141	223.161	230.171	232.487	402.536	399.857	399.205
00:37:30	33.283	32.023	31.921	85.956	87.161	89.694	223.298	233.702	231.35	401.81	399.047	394.361
00:38:00	32.921	31.765	32.482	84.793	85.814	88.436	227.359	229.017	229.546	403.984	398.836	393.788
00:38:30	34.032	32.323	30.216	85.688	87.006	90.411	226.022	229.535	230.389	405.044	397.834	395.66
00:39:00	32.93	31.36	30.735	83.662	86.313	86.301	222.968	226.893	232.907	399.597	393.195	395.858
00:39:30	33.042	30.789	29.824	85.796	88.739	87.574	221.03	228.841	231.103	397.355	399.96	393.642
00:40:00	33.133	31.296	30.027	82.821	84.46	88.247	222.668	226.954	229.884	401.937	396.74	395.029
00:40:30	32.749	31.175	31.172	84.408	85.632	86.562	221.898	229.034	234.382	401.947	398.005	392.833
00:41:00	33.148	29.884	30.133	82.308	85.208	87.974	221.172	230.004	229.567	395.843	393.983	395.585
00:41:30	32.287	29.938	30.211	83.388	86.174	86.996	219.163	227.409	233.758	397.491	397.147	393.713
00:42:00	33.245	30.969	30.838	82.761	85.293	85.982	223.124	228.22	228.26	399.198	395.14	395.519
00:42:30	31.101	29.745	30.464	81.19	84.755	84.654	222.574	227.452	231.403	397.233	397.066	395.015
00:43:00	31.662	30.23	29.245	81.129	83.924	86.686	218.483	225.576	227.637	396.553	393.544	391.424
00:43:30	32.741	30.535	29.74	80.501	83.957	87.054	220.672	230.105	231.728	396.458	396.128	394.752
00:44:00	31.684	30.73	29.141	82.602	82.748	84.976	222.004	229.452	228.496	399.963	397.617	390.866
00:44:30	33.206	29.994	30.461	80.124	81.385	84.287	221.433	229.511	229.876	395.983	389.815	390.628
00:45:00	31.579	29.903	28.911	80.914	80.854	86.533	221.821	229.245	228.974	402.344	393.561	394.698
00:45:30	30.389	29.468	28.545	79.335	85.075	86.263	224.179	227.691	232.652	400.081	396.641	396.25
00:46:00	30.679	28.863	29.072	80.917	82.455	85.13	220.824	227.939	231.381	392.68	398.202	392.518
00:46:30	31.692	29.285	29.129	80.404	80.683	83.689	221.566	226.608	228.981	403.638	395.619	390.426
00:47:00	30.418	30.396	29.101	80.02	81.889	84.689	220.819	228.478	231.079	399.849	389.424	392.227
00:47:30	31.354	29.795	29.586	78.686	82.676	84.866	221.535	228.733	229.669	405.645	396.438	395.704
00:48:00	31.217	28.741	28.524	78.469	80.288	86.732	221.111	228.18	232.457	400.851	392.011	397.288
00:48:30	30.059	29.192	29.186	78.148	81.474	85.416	222.611	225.226	232.754	400.195	393.147	394.734
00:49:00	29.961	29.772	28.176	78.994	83.215	84.806	222.689	230.042	230.676	400.584	394.245	393.248
00:49:30	30.167	29.065	29.001	77.911	81.673	83.285	220.112	228.455	229.107	398.804	393.089	393.311
00:50:00	30.805	29.641	28.148	77.816	81.36	85.018	221.368	229.868	229.01	400.751	397.12	393.448
00:50:30	30.076	29.507	28.235	76.368	80.248	83.805	221.494	226.029	230.913	398.792	396.367	392.955
00:51:00	30.684	28.352	27.939	76.327	83.464	84.27	219.044	223.14	229.142	401.814	392.721	389.205
00:51:30	30.674	29.362	28.714	76.659	79.594	82.5	219.533	225.927	230.948	397.439	392.897	392.511
00:52:00	29.257	29.236	28.971	77.447	83.577	82.48	221.008	227.683	227.596	401.407	389.377	390.2
00:52:30	30.055	28.569	29.347	76.536	78.063	83.162	220.448	230.9	228.425	394.434	394.03	388.67
00:53:00	30.266	29.466	29.445	75.041	79.53	82.986	221.581	228.465	227.179	397.691	392.184	392.706
00:53:30	30.396	28.898	28.065	75.859	80.907	83.029	221.105	225.595	226.071	396.045	390.323	392.363
00:54:00	29.363	28.447	28.442	76.46	80.403	83.509	219.469	231.217	227.343	398.092	395.588	390.445
00:54:30	30.333	28.403	28.475	75.063	79.61	81.828	218.009	225.243	230.196	396.045	387.843	394.22
00:55:00	30.238	29.362	27.776	76.191	81.226	83.53	221.291	226.033	226.896	396.651	394.237	392.152
00:55:30	29.674	29.001	28.206	74.77	77.092	81.786	217.224	225.341	228.021	391.109	395.385	384.639
00:56:00	30.538	27.323	27.69	74.528	77.768	82.192	218.683	227.377	226.673	395.081	388.383	391.929
00:56:30	29.554	28.103	27.864	74.494	78.916	80.983	217.943	229.482	228.424	395.491	393.473	392.506
00:57:00	29.392	29.419	27.367	75.492	78.744	81.621	217.385	224.92	231.398	394.037	394.831	392.073
00:57:30	28.991	27.466	27.259	74.075	77.72	80.665	217.739	225.146	226.013	393.83	388.478	391.53
00:58:00	29.73	28.758	28.867	75.527	76.945	79.689	219.923	230.089	231.024	399.678	388.426	389.475
00:58:30	29.283	28.804	28.322	76.91	79.496	81.749	218.16	226.44	229.451	395.251	388.942	392.057
00:59:00	29.546	28.583	27.404	76.593	81.739	82.013	221.731	227.792	229.225	395.402	392.558	386.151
00:59:30	29.301	28.455	27.733	73.62	77.037	81.691	217.463	223.982	229.375	397.218	393.59	389.4
01:00:00	29.531	27.222	28.128	76.106	78.404	82.086	218.249	225.693	227.974	394.922	393.198	391.511
01:00:30	28.967	27.997	27.798	74.819	78.385	80.784	221.005	226.955	225.329	394.235	391.551	391.618
01:01:00	29.509	28.45	27.831	74.924	78.944	81.354	219.681	229.138	227.544	395.49	391.059	393.385
01:01:30	29.867	27.735	26.333	73.678	79.671	81.188	222.339	229.003	230.941	399.191	392.494	394.613
01:02:00	29.076	26.844	27.471	74.421	77.73	78.609	219.894	226.83	227.109	394.198	386.593	387.266
01:02:30	27.853	26.897	28.064	74.65	79.082	82.078	222.695	227.027	231.456	400.741	388.481	391.445
01:03:00	29.974	27.354	26.874	73.627	78.491	79.596	216.279	226.31	228.918	392.195	391.68	391.067
01:03:30	29.342	27.963	27.09	73.131	78.585	80.793	216.824	226.862	226.948	397.032	391.398	387.023
01:04:00	28.744	27.79	27.023	74.753	79.33	79.954	219.861	227.146	225.443	394.047	389.629	390.449
01:04:30	28.449	27.96	27.409	75.253	78.154	82.177	220.137	225.632	228.697	394.33	392.501	393.165
01:05:00	29	28.179	27.491	74.542	78.734	80.071	219.612	225.204	225.536	397.278	389.74	391.71
01:05:30	28.602	27.779	27.162	71.383	76.444	80.443	219.025	229.301	229.018	392.418	388.912	387.698
01:06:00	29.217	27.277	27.696	72.475	75.878	79.448	219.276	226.82	229.26	392.708	392.426	390.857
01:06:30	28.204	27.49	27.37	73.021	75.872	78.929	218.092	224.783	231.233	392.835	389.736	389.157
01:07:00	28.909	27.352	27.689	74.206	77.745	80.147	218.71	223.836	228.959	398.81	391.579	388.155
01:07:30	28.523	26.675	26.528	74.037	76.247	78.497	217.81	223.875	226.123	395.386	388.187	392.016
01:08:00	28.896	27.103	27.597	73.131	77.744	79.94	216.704	225.812	227.412	394.246	386.988	394.08
01:08:30	28.455	26.29	27.26	71.986	78.768	78.56	218.138	226.654	228.208	399.387	393.947	388.463
01:09:00	28.709	26.964	27.972	72.813	77.769	79.276	218.761	224.144	229.717	392.861	393.572	384.892
01:09:30	29.864	29.118	26.986	73.279	77.145	78.418	217.472	226.841	229.611	393.306	388.6	388.166
01:10:00	28.815	27.75	28.256	73.423	76.367	79.276	216.991	224.42	226.193	392.083	389.307	388.213
01:10:30	27.716	26.808	27.07	72.296	76.346	79.416	214.915	224.128	225.639	394.58	391.12	388.076
01:11:00	28.264	27.26	25.718	71.62	74.683	80.199	216.799	226.635	227.754	390.662	389.763	386.018
01:11:30	28.495	27.764	26.402	72.949	75.713	78.044	217.183	225.537	227.367	393.752	390.755	388.956
01:12:00	27.983	26.519	27.793	71.812	75.653	78.669	218.478	223.825	229.266	391.997	396.009	387.756
01:12:30	29.384	26.908	26.101	75.818	75.762	78.404	219.361	224.488	226.057	397.062	390.763	389.985
01:13:00	27.887	27.554	27.49	72.835	74.458	79.407	217.408	227.144	227.675	395.347	389.795	384.815
01:13:30	28.569	27	27.284	71.268	77.144	78.229	219.484	223.156	229.704	394.034	390.24	391.081
01:14:00	29.259	26.872	26.84	70.694	76.221	79.864	213.969	225.931	227.28	392.127	387.246	385.322
01:14:30	28.53	26.723	26.281	71.853	76.927	79.023	219.899	221.865	226.319	394.945	389.164	392.316
01:15:00	29.09	26.567	28.198	71.88	75.277	80.168	217.283	226.449	227.215	395.063	388.72	384.051
01:15:30	27.934	27.667	27.006	72.803	76.386	76.502	218.069	223.335	225.714	392.171	388.956	391.494
01:16:00	28.343	27.237	26.743	72.278	73.649	79.019	219.201	225.101	223.248	393.924	387.991	384.388
01:16:30	29.459	26.951	27.332	71.115	73.77	76.604	217.678	219.909	226.938	390.24	388.78	387.953
01:17:00	27.893	27.541	26.554	71.304	73.098	77.919	212.302	223.183	223.404	390.626	387.557	386.462
01:17:30	28.556	27.375	26.534	71.281	75.302	77.175	216.96	222.872	225.675	391.23	385.427	380.886
01:18:00	28.157	27.225	26.989	71.629	75.602	77.952	214.471	223.77	230.317	393.935	386.949	387.936
01:18:30	28.119	26.565	27.614	70.249	75.988	75.788	211.494	223.377	225.761	392.527	389.575	385.296
01:19:00	27.659	26.703	27.19	69.712	75.471	78.209	213.193	220.439	228.055	389.366	386.652	387.824
01:19:30	28.716	27.816	26.059	71.487	73.132	75.623	215.019	225.879	222.633	397.696	385.58	383.713
01:20:00	28.157	25.762	26.639	70.067	73.549	76.949	215.513	219.111	222.982	389.069	389.803	390.943
01:20:30	28.633	27.498	27.479	70.761	71.918	74.477	217.49	223.374	225.627	396.298	388.127	388.772
01:21:00	27.109	27.068	25.97	69.868	73.159	77.85	212.712	220.637	222.727	386.914	384.809	386.147
01:21:30	28.968	26.438	27.242	70.827	72.471	77.183	211.558	223.077	221.649	389.51	388.263	385.853
01:22:00	29.38	26.239	26.536	68.863	72.265	76.098	213.205	221.379	227.095	391.316	389.715	381.766
01:22:30	28.134	28.197	26.825	67.822	71.362	77.095	215.274	220.604	223.429	389.995	389.646	383.53
01:23:00	27.451	26.142	25.84	70.326	72.215	77.372	218.056	221.516	225.173	388.651	384.299	388.476
01:23:30	27.976	26.464	25.842	68.105	72.718	76.959	215.905	223.338	220.743	388.908	384.382	387.965
01:24:00	27.652	26.604	25.854	69.608	72.052	75.72	216.036	221.504	224.05	387.39	388.127	386.403
01:24:30	27.436	25.833	26.213	68.831	73.111	75.606	216.445	222.259	225.774	391.38	389.308	384.768
01:25:00	28.464	26.409	25.65	71.403	71.335	76.077	214.318	222.429	225.324	389.809	385.282	387.076
01:25:30	27.305	26	27.436	70.995	72.871	74.606	216.591	221.715	225.597	391.039	384.399	389.851
01:26:00	27.897	26.586	25.914	70.759	69.9	75.073	211.92	224.399	226.217	387.219	390.21	383.493
01:26:30	27.775	26.783	27.214	68.288	70.036	74.886	215.56	222.262	223.936	388.62	383.066	386.465
01:27:00	28.537	26.618	25.925	69.849	72.927	74.381	217.049	220.111	225.88	396.057	386.299	388.607
01:27:30	28.115	26.451	25.707	70.965	70.432	74.957	215.066	223.708	222.794	381.655	391.241	388.167
01:28:00	28.163	26.99	26.478	69.544	71.918	74.845	214.24	219.455	222.227	388.374	387.884	382.864
01:28:30	27.349	26.117	24.329	69.279	70.456	76.064	213.494	220.889	224.709	391.132	387.103	388.414
01:29:00	27.825	26.172	25.753	69.596	72.496	75.36	216.597	219.513	224.606	390.214	383.282	386.359
01:29:30	27.291	24.774	26.828	68.382	72.077	73.078	214.931	219.656	224.382	386.19	385.786	384.353
01:30:00	27.463	26.708	25.771	69.379	73.197	73.918	216.391	224.71	225.317	389.329	385.422	380.579
01:30:30	26.942	26.949	26.196	67.606	72.089	75.746	216.034	222.181	222.12	393.167	385.241	382.941
01:31:00	27.583	26.594	26.253	69.317	71.039	72.665	216.506	223.491	223.767	389.464	388	386.47
01:31:30	26.672	27.527	26.098	68.611	72.146	73.947	216.481	222.955	228.744	389	387.276	384.459
01:32:00	27.533	25.484	25.498	68.441	72.447	73.659	214.91	221.909	222.589	387.91	386.988	383.972
01:32:30	27.582	26.107	27.075	67.53	71.466	73.911	213.448	224.905	222.553	386.326	387.944	384.624
01:33:00	27.048	25.59	25.637	69.022	70.542	72.433	215.672	225.161	226.833	387.474	386.368	387.85
01:33:30	28.675	25.17	26.605	68.12	71.406	73.256	217.652	224.406	223.403	391.187	389.053	381.643
01:34:00	28.258	27.423	26.227	70.034	69.84	75.941	212.225	220.718	220.448	383.302	389.82	387.088
01:34:30	28.038	24.946	25.225	67.657	72.846	74.041	216.795	220.698	224.698	391.732	385.095	382.721
01:35:00	27.732	25.846	26.316	68.701	70.691	73.091	217.902	223.536	225.874	390.194	389.709	383.453
01:35:30	28.183	25.658	25.808	69.405	73.765	74.084	215.932	223.91	224.242	383.71	383.722	383.447
01:36:00	27.045	25.169	26.779	69.017	70.721	74.219	214.982	220.694	222.256	390.628	383.073	377.653
01:36:30	27.17	26.728	25.587	69.493	71.474	72.496	218.707	220.155	222.969	385.335	386.976	382.546
01:37:00	27.524	26.511	26.546	67.552	71.737	74.842	217.581	221.543	224.863	390.01	386.698	382.76
01:37:30	27.682	26.23	26.239	69.486	73.088	75.559	214.427	224.502	223.562	392.907	383.172	385.241
01:38:00	27.529	25.446	26.869	67.817	70.429	74.654	211.476	220.479	223.872	390.351	380.671	379.741
01:38:30	27.658	27.037	24.925	69.681	69.886	74.728	214.134	220.524	222.028	386.491	384.137	381.686
01:39:00	27.07	25.576	25.74	67.422	70.281	72.319	212.743	219.158	222.727	385.992	384.163	382.865
01:39:30	27.745	26.428	25.921	68.099	70.489	73.175	216.4	222.807	220.732	391.879	387.536	380.623
01:40:00	27.538	26.483	26.561	69.235	71.915	72.331	215.366	224.097	222.259	390.568	384.081	383.141
01:40:30	27.968	26.821	25.264	68.348	71.676	73.861	216.046	221.148	224.943	387.22	384.599	378.868
01:41:00	26.131	26.518	25.972	66.86	71.654	73.698	212.553	218.809	222.052	386.911	382.476	380.396
01:41:30	28.054	27.884	26.091	67.625	72.931	71.9	213.282	222.458	223.432	384.903	386.247	383.212
01:42:00	26.666	26.933	26.389	68.518	72.161	73.311	215.675	222.811	222.471	391.248	383.189	380.676
01:42:30	27.167	25.653	25.972	69.635	70.323	72.177	214.248	222.76	223.246	385.146	382.767	384.374
01:43:00	27.627	24.765	25.842	69.09	70.634	74.275	217.625	220.504	222.344	390.033	388.746	386.414
01:43:30	28.148	27.254	26.521	70.268	72.39	73.145	213.192	223.828	226.17	389.198	386.016	384.139
01:44:00	27.266	26.856	26.902	69.091	69.733	72.359	214.271	220.665	219.568	389.666	388.293	384.668
01:44:30	27.987	26.085	26.829	66.675	71.871	72.617	215.862	222.501	223.558	394.066	388.245	382.9
01:45:00	27.155	26.713	26.045	69.226	69.469	73.242	215.002	222.737	222.234	384.872	378.99	382.622
01:45:30	26.781	26.872	25.51	69.017	69.818	72.751	216.767	218.61	222.024	385.722	386.606	379.593
01:46:00	27.617	26.044	25.841	67.316	72.141	74.377	214.643	223.784	223.35	389.833	390.113	383.146
01:46:30	27.892	26.049	26.632	69.036	71.351	72.05	213.916	224.268	225.991	392.281	383.623	383.122
01:47:00	27.407	26.486	26.337	69.603	69.363	74.851	215.138	219.944	220.989	390.496	382.273	381.737
01:47:30	26.824	25.754	26.612	67.724	71.183	72.313	211.633	222.237	224.352	388.851	386.069	383.069
01:48:00	27.051	26.222	27.148	68.351	72.167	72.397	214.237	221.121	220.501	392.793	384.504	376.399
01:48:30	27.477	25.41	26.473	67.418	69.117	73.273	216.275	218.039	220.769	383.618	384.058	384.612
01:49:00	27.582	25.184	25.588	68.024	70.852	73.154	217.207	221.381	224.741	386.644	387.641	384.72
01:49:30	28.58	26.825	26.592	67.791	70.419	71.554	212.924	218.931	220.636	387.047	388.357	381.717
01:50:00	27.4	25.457	25.735	68.731	70.024	75.062	215.3	225.271	222.176	389.199	383.016	383.301
01:50:30	29.119	26.898	26.729	69.088	71.503	71.963	215.877	222.861	223.88	386.08	387.608	375.169
01:51:00	26.938	26.805	26.926	67.462	71.073	73.723	214.053	220.989	222.815	390.955	383.534	381.145
01:51:30	28.645	26.745	25.565	68.237	70.681	71.588	212.73	221.798	218.622	394.094	387.161	385.295
01:52:00	27.622	26.376	25.954	69.149	69.656	72.871	213.133	221.322	221.555	384.605	384.919	379.253
01:52:30	27.502	26.65	25.726	69.408	71.671	73.381	218.592	223.81	225.271	389.31	384.283	385.055
01:53:00	26.386	25.756	26.019	68.522	70.566	72.84	216.255	221.143	222.94	385.583	383.822	380.045
01:53:30	27.752	25.973	26.311	67.776	69.203	70.364	215.228	217.097	223.846	387.873	383.464	383.09
01:54:00	27.739	27.699	25.738	67.055	71.405	71.214	213.515	221.103	224.015	391.921	383.838	383.684
01:54:30	28.099	26	25.589	68.898	70.744	74.171	211.997	220.436	222.299	386.305	386.083	380.634
01:55:00	27.561	26.937	26.595	67.149	68.439	71.29	214.66	219.402	223.325	386.898	385.765	378.172
01:55:30	27.159	24.999	26.02	69.426	70.095	72.79	214.577	224.975	221.018	388.598	386.758	374.098
01:56:00	28.565	25.878	25.756	67.428	70.01	70.873	215.592	221.551	223.107	388.133	388.114	383.884
01:56:30	28.162	25.956	25.422	66.253	69.877	71.945	214.871	219.956	223.465	388.816	382.193	379.839
01:57:00	28.692	25.635	26.305	66.928	71.768	72.46	215.113	219.108	225.342	383.637	385.12	384.85
01:57:30	27.39	25.032	26.074	67.503	69.445	71.576	212.876	221.655	222.677	389.902	382.548	380.846
01:58:00	26.945	26.043	26.799	67.7	70.394	72.753	214.851	220.044	220.176	385.475	387.168	382.178
01:58:30	29.626	25.962	26.253	67.551	71.588	73.366	215.44	221.763	224.362	386.462	387.456	381.739
01:59:00	26.006	27.104	26.033	65.827	70.852	73.849	214.149	221.102	223.309	390.226	383.721	380.799
01:59:30	27.619	25.983	26.918	67.592	69.614	70.352	213.798	219.509	222.102	387.073	385.447	385.105
02:00:00	27.606	26.312	25.954	68.516	70.83	73.986	217.019	221.79	224.864	386.643	385.537	384.207