Time	25_1	25_2	25_3	50_1	50_2	50_3	100_1	100_2	100_3	150_1	150_2	150_3
00:00:00	88.541	80.38	95.997	172.965	171.477	173.749	344.717	340.221	334.018	513.592	504.058	480.071
00:00:30	84.728	76.369	89.522	165.597	168.621	169.58	336.118	326.345	318.19	493.5	499.3	470.848
00:01:00	77.867	75.23	86.688	159.556	161.884	164.111	326.938	319.652	315.633	483.264	486.121	462.754
00:01:30	74.517	73.623	81.311	155.369	161.539	162.025	314.239	311.145	301.495	477.712	476.479	457.802
00:02:00	71.015	69.882	77.726	149.64	154.92	155.348	308.535	298.754	293.454	464.834	469.816	452.227
00:02:30	71.333	70.308	77.177	152.217	155.877	153.415	302.457	294.804	287.935	467.27	469.087	442.013
00:03:00	67.987	67.785	73.446	146.563	148.458	147.551	297.493	289.271	283.471	460.454	463.506	437.483
00:03:30	67.421	65.179	72.207	143.071	148.456	146.54	290.143	287.561	276.775	455.988	458.032	434.472
00:04:00	65.317	61.196	70.738	141.586	144.724	142.658	285.801	283.484	275.242	450.295	458.565	429.345
00:04:30	65.026	60.65	70.813	137.768	143.2	140.722	283.556	277.1	268.882	451.767	452.828	425.69
00:05:00	64.243	58.007	67.721	135.552	136.497	141.221	279.424	275.387	266.178	447.413	452.621	424.653
00:05:30	61.39	56.271	67.56	132.663	136.125	137.514	275.629	268.642	264.57	444.819	442.649	424.888
00:06:00	59.992	56.638	66.152	132.198	134.828	136.312	277.226	270.837	259.845	443.573	442.419	422.325
00:06:30	59.253	54.281	64.513	129.165	132.165	134.505	273.808	266.342	259.671	438.223	442.892	420.495
00:07:00	58.157	54.265	64.74	127.471	130.741	132.705	270.963	266.164	259.256	438.685	442.436	417.725
00:07:30	57.721	52.921	63.04	124.537	130.023	128.315	273.127	265.285	254.377	439.849	442.782	419.387
00:08:00	56.997	50.324	60.427	124.071	127.878	126.765	266.128	261.121	252.526	438.65	440.121	417.491
00:08:30	56.267	51.292	60.453	122.821	125.215	126.766	267.119	264.765	257.821	433.268	442.293	412.404
00:09:00	55.693	50.692	58.352	123.667	126.781	124.28	265.274	257.008	251.236	435.089	437.381	416.837
00:09:30	54.478	48.36	58.933	118.984	124.453	125.338	264.739	263.787	250.253	439.237	440.383	418.52
00:10:00	51.726	48.568	55.08	117.531	123.941	122.844	262.925	258.034	251.299	430.753	433.321	412.064
00:10:30	53.266	46.486	53.855	117.066	121.815	124.128	258.331	255.939	247.857	423.841	429.869	412.104
00:11:00	51.01	45.957	52.057	114.859	121.56	121.739	258.536	256.936	248.775	432.144	429.868	409.734
00:11:30	51.499	46.228	51.405	113.936	118.87	120.874	257.914	255.093	250.576	429.764	435.677	414.397
00:12:00	50.022	45.261	51.305	113.63	115.04	115.961	256.559	252.75	247.608	429.394	434.254	411.433
00:12:30	49.552	45.949	50.689	112.84	116.553	116.612	259.217	252.239	241.936	429.144	435.402	409.445
00:13:00	48.553	44.449	50.6	110.037	118.197	115.772	255.15	253	244.724	424.551	431.832	408.913
00:13:30	47.877	45.002	49.96	108.516	114.688	116.112	256.656	252.223	248.293	421.13	430.849	409.485
00:14:00	47.671	45.117	47.505	109.713	112.735	116.926	254.437	249.016	240.783	427.547	428.999	408.16
00:14:30	46.527	43.319	47.572	109.556	111.165	112.291	253.587	253.5	243.04	426.81	428.478	405.7
00:15:00	46.106	43.909	46.073	106.239	111.713	111.406	251.205	249.368	239.829	423.567	427.363	407.422
00:15:30	45.199	41.585	45.199	106.258	109.408	110.082	249.88	249.005	240.943	419.927	421.311	403.073
00:16:00	46.81	42.215	46.698	103.466	110.726	109.752	254.012	246.447	239.668	426.799	430.622	406.755
00:16:30	45.22	42.101	45.073	106.277	107.564	109.634	248.157	245.588	242.101	419.106	425.323	402.782
00:17:00	43.712	41.008	46.959	102.809	110.881	108.576	249.345	246.838	237.497	419.116	426.618	404.649
00:17:30	43.981	40.759	45.44	104.653	107.396	107.535	252.487	245.65	237.749	422.308	422.262	403.173
00:18:00	43.389	40.456	45.523	103.108	107.516	108.673	246.234	244.447	238.732	422.907	419.585	403.518
00:18:30	42.695	41.678	44.709	102.745	110.496	108.237	248.485	245.981	238.568	424.289	422.21	406.09
00:19:00	44.659	40.512	45.131	98.698	106.252	108.449	247.726	244.273	237.382	423.075	426.27	403.926
00:19:30	43.557	40.856	44.273	99.435	105.756	105.901	246.331	245.161	235.311	418.096	424.095	402.922
00:20:00	42.049	39.142	41.582	102.818	103.615	105.367	246.588	244.684	236.208	419.513	422.603	404.696
00:20:30	40.604	39.18	43.831	99.063	103.348	105.243	247.978	239.866	232.861	416.506	423.112	402.478
00:21:00	41.821	38.738	42.524	101.714	102.447	104.158	244.852	242.412	237.327	419.406	423.157	403.304
00:21:30	41.132	38.198	42.738	99.1	102.551	104.166	243.8	238.798	237.427	415.271	422.162	400.738
00:22:00	40.474	38.105	41.667	97.436	102.836	102.344	242.911	238.657	234.885	414.744	419.049	399.407
00:22:30	40.049	36.886	42.116	98.074	100.299	103.256	244.571	242.477	235.033	420.425	426.967	403.534
00:23:00	39.859	37.801	42.091	97.653	103.491	100.141	242.041	241.748	235.793	421.918	420.877	402.156
00:23:30	40.794	35.996	41.1	98.195	101.134	100.813	241.011	242.981	233.236	418.704	418.665	399.297
00:24:00	39.188	35.894	40.042	97.788	102.821	100.424	242.873	238.864	234.005	422.335	416.962	403.319
00:24:30	40.211	36.63	42.582	95.74	100.998	102.013	240.684	243.245	231.037	413.849	417.051	399.967
00:25:00	39.704	36.783	41.073	97.029	101.754	102.466	241.56	237.933	236.209	414.718	421.668	400.012
00:25:30	38.917	36.576	41.592	95.84	102.132	99.991	240.846	237.42	233.082	414.615	414.516	400.098
00:26:00	38.139	35.698	39.307	96.165	98.831	98.924	240.174	237.783	232.115	417.848	418.208	396.367
00:26:30	38.905	36.765	39.524	95.162	98.703	99.648	242.192	239.409	229.64	422.464	423.216	396.642
00:27:00	38.105	35.764	38.623	93.472	96.873	97.24	242.529	241.438	233.595	416.234	419.997	397.245
00:27:30	37.774	34.536	39.701	93.555	97.603	97.893	239.199	237.963	229.141	414.817	417.152	399.425
00:28:00	37.777	34.785	38.669	94.108	99.119	96.385	236.682	239.836	232.267	417.634	418.225	400.597
00:28:30	37.483	35.448	38.832	97.138	97.786	99.632	239.476	239.544	227.93	415.708	416.147	395.341
00:29:00	35.818	33.36	38.213	93.143	96.031	98.514	242.979	234.824	231.095	414.656	419.044	396.464
00:29:30	36.267	34.654	37.84	90.946	97.827	98.612	237.645	238.351	227.254	414.872	417.725	392.416
00:30:00	36.264	34.056	38.229	91.105	96.802	94.879	239.897	236.405	233.987	410.678	418.961	396.06
00:30:30	35.997	35.721	37.82	91.018	97.647	97.158	240.685	233.296	228.832	413.183	412.449	394.824
00:31:00	36.765	32.315	37.739	92.556	96.957	95.768	240.274	234.204	226.756	412.151	416.577	398.426
00:31:30	36.298	34.593	36.672	93.346	93.917	96.098	238.101	235.994	227.298	413.848	417.488	399.563
00:32:00	37.111	33.02	36.826	90.983	94.931	93.592	239.122	233.794	226.899	416.007	412.119	393.895
00:32:30	34.136	33.756	35.76	90.833	96.546	96.934	239.1	234.056	227.989	411.558	419.623	391.787
00:33:00	34.674	33.189	37.653	90.696	94.49	95.352	235.654	233.585	231.113	410.547	416.591	395.978
00:33:30	33.688	34.861	37.07	92.066	93.346	93.031	236.592	234.824	227.64	414.021	417.84	398.416
00:34:00	33.981	32.906	36.889	89.469	93.9	93.777	232.857	235.599	226.606	412.284	419.1	398.427
00:34:30	35.508	33.882	38.257	92.243	95.236	97.13	237.038	236.762	229.233	411.614	414.162	399.324
00:35:00	34.254	33.505	36.424	88.191	94.047	94.012	235.06	234.233	226.357	414.939	414.877	393.631
00:35:30	34.12	33.541	36.811	88.291	91.904	94.449	235.967	233.189	228.008	412.263	414.329	394.208
00:36:00	34.369	31.858	34.922	87.664	94.287	93.34	238.599	235.377	228.181	410.913	412.497	396.848
00:36:30	34.373	31.703	36.817	87.576	94.013	94.63	236.585	233.337	223.55	409.131	416.701	393.378
00:37:00	35.024	32.437	36.306	87.388	93.062	95.32	239.987	235.971	225.155	417.64	415.69	396.902
00:37:30	34.121	32.359	36.586	89.798	92.795	90.611	235.04	236.153	226.155	412.532	414.129	397.863
00:38:00	34.344	31.597	34.61	86.996	90.6	92.284	238.199	234.413	222.753	414.805	413.037	399
00:38:30	33.713	32.615	34.962	86.092	91.522	93.573	240.041	233.03	223.03	414.302	415.951	399.633
00:39:00	34.142	31.829	36.633	86.903	90.452	92.237	234.772	234.35	226.057	414.956	414.554	393.879
00:39:30	33.706	30.965	35.523	85.917	87.787	93.743	234.362	231.021	222.92	411.205	412.843	394.287
00:40:00	33.408	31.676	35.433	86.363	90.257	92.199	235.019	232.577	227.978	410.637	410.827	397.254
00:40:30	33.947	31.057	36.266	83.886	89.959	92.71	231.752	229.986	228.539	412.189	414.122	394.161
00:41:00	32.92	32.356	35.86	85.322	89.375	91.329	237.727	231.735	227.914	412.61	412.226	394.98
00:41:30	32.626	31.375	35.901	84.549	89.446	91.924	234.25	230.135	228.595	414.041	414.659	392.677
00:42:00	33.462	31.366	36.294	85.163	88.342	88.848	233.02	231.012	225.548	411.227	413.937	397.674
00:42:30	33.414	30.144	35.25	86.777	87.75	90.785	236.418	232.223	225.344	408.734	415.165	394.828
00:43:00	32.977	30.447	35.546	87.256	87.847	89.096	231.1	231.275	224.734	409.383	413.54	392.765
00:43:30	32.069	31.066	34.675	83.86	89.057	88.146	233.751	233.097	225.29	406.832	411.172	392.242
00:44:00	32.65	30.836	32.913	83.393	89.391	88.871	233.384	232.221	223.978	415.083	417.705	396.809
00:44:30	33.049	30.81	34.047	84.126	88.61	87.491	233.861	232.85	227.978	408.039	415.35	392.861
00:45:00	32.852	31.003	35.048	86.425	87.665	89.827	233.221	227.077	224.601	410.019	417.909	392.041
00:45:30	32.21	29.836	35.033	83.519	89.093	87.642	235.27	229.4	222.1	414.259	412.211	396.71
00:46:00	31.903	30.873	34.441	83.776	88.473	87.933	232.402	231.022	224.716	416.111	416.333	392.64
00:46:30	31.544	29.918	34.83	82.595	88.78	88.086	230.52	230.486	223.226	410.121	413.036	392.215
00:47:00	32.593	31.179	33.808	82.016	85.624	87.586	231.043	232.342	221.238	412.742	411.645	389.683
00:47:30	31.965	29.942	34.462	83.668	86.149	89.228	232.696	232.655	224.675	410.891	414.182	401.334
00:48:00	33.763	30.203	34.134	84.516	86.166	89.869	233.747	230.022	226.775	414.057	419.207	392.299
00:48:30	32.357	29.815	34.506	82.459	87.5	87.113	232.762	234.648	220.255	413.035	412.797	395.37
00:49:00	32.093	29.411	33.447	82.251	85.133	87.84	231.212	233.854	223.736	413.589	416.192	397.663
00:49:30	31.683	29.86	34.672	80.669	85.914	88.681	231.312	231.512	220.3	408.804	411.005	394.608
00:50:00	31.391	30.668	35.198	83.007	86.248	87.397	233.313	231.994	224.963	413.731	414.747	392.136
00:50:30	32.364	29.092	32.832	80.798	87.316	87.316	232.564	230.781	224.838	411.169	413.311	387.057
00:51:00	31.69	29.175	33.746	83.892	84.687	86.918	232.55	231.83	221.975	409.548	410.505	391.209
00:51:30	32.103	28.245	33.496	82.21	88.163	86.274	228.462	228.124	223.56	412.225	408.855	391.397
00:52:00	30.84	27.196	34.027	82.16	85.533	88.076	234.16	230.883	223.657	407.991	408.098	393.068
00:52:30	30.34	30.035	33.403	82.547	87.045	87.588	232.602	231.86	221.697	410.869	409.589	389.774
00:53:00	31.945	29.092	33.519	81.273	85.821	86.925	231.928	234.617	222.82	406.041	409.778	392.166
00:53:30	31.605	29.875	32.37	79.696	83.476	87.554	233.081	228.097	222.451	407.397	409.007	390.628
00:54:00	31.424	29.301	33.159	82.023	86.263	86.358	233.681	227.567	222.993	411.283	409.336	391.387
00:54:30	29.939	29	33.514	81.105	84.091	86.713	232.81	227.381	222.174	411.423	408.825	392.193
00:55:00	30.183	28.988	34.714	81.585	84.695	85.534	231.142	229.898	222.71	405.893	410.966	392.343
00:55:30	29.986	28.683	33.912	79.722	85.613	84.669	230.26	229.105	223.053	407.892	408.712	389.425
00:56:00	30.989	29.084	34.408	81.172	83.845	85.058	229.724	229.581	218.886	407.818	413.792	390.822
00:56:30	31.201	29.255	31.881	79.977	85.044	86.661	229.47	230.51	220.613	411.612	411.304	391.709
00:57:00	29.862	28.784	31.93	80.999	84.233	84.443	232.486	226.44	222.239	406.699	412.549	389.953
00:57:30	31.953	29.859	32.996	79.131	82.99	83	229.851	227.272	219.977	398.637	407.163	393.879
00:58:00	31.084	28.378	32.374	79.464	84.801	84.993	229.71	228.594	219.939	408.983	409.003	393.719
00:58:30	29.839	29.29	32.302	80.219	85.604	83.94	235.156	230.281	222.315	412.226	410.82	391.383
00:59:00	29.338	28.172	32.49	80.983	83.914	84.199	232.656	230.576	221.303	411.015	413.963	392.868
00:59:30	29.894	27.314	33.281	78.281	83.057	85.226	229.669	229.245	220.003	404.603	406.009	389.529
01:00:00	31.293	28.431	32.27	81.006	84.457	84.213	230.777	231.855	222.543	410.107	408.063	391.236
01:00:30	31.699	29.594	32.407	77.656	81.673	85.235	234.521	228.395	221.251	410.204	408.831	393.454
01:01:00	31.694	28.18	32.69	79.275	83.446	86.888	232.066	231.302	222.546	409.762	412.956	390.791
01:01:30	30.165	29.074	32.331	81.752	81.235	83.231	231.309	232.266	225.451	408.466	413.025	396.665
01:02:00	30.162	29.725	31.906	79.502	81.25	85.529	229.63	231.823	220.849	404.899	410.605	393.736
01:02:30	29.688	27.406	31.467	81.072	83.047	82.823	230.438	227.387	220.484	410.893	408.318	395.74
01:03:00	29.274	29.052	32.377	79.286	82.986	84.158	228.966	229.616	220.986	405.747	411.107	395.181
01:03:30	30.217	28.327	31.078	79.883	83.003	83.965	231.38	231.46	221.318	405.733	410.289	390.558
01:04:00	31.474	27.501	32.297	77.528	83.118	84.716	228.625	230.371	222.783	413.201	409.528	395.405
01:04:30	29.949	28.037	32.513	79.58	82.123	83.868	231.501	232.017	222.306	411.607	410.981	393.721
01:05:00	30.06	29.13	33.201	78.041	84.283	83.553	233.217	233.618	221.571	408.267	409.942	391.702
01:05:30	29.925	28.013	30.882	76.766	81.452	85.271	228.782	229.715	221.751	408.904	411.645	387.046
01:06:00	28.631	28.995	31.806	78.415	82.168	84.213	231.264	231.331	226.259	407.196	410.314	391.654
01:06:30	30.554	28.905	31.439	76.953	82.608	79.631	230.268	231.327	219.694	410.927	402.96	393.208
01:07:00	29.033	28.004	30.914	77.467	82.155	83.735	231.144	229.204	219.194	409.883	408.77	390.611
01:07:30	30.659	27.978	31.663	77.103	81.907	81.344	228.716	227.916	223.433	408.882	408.096	392.658
01:08:00	29.244	28.41	32.087	78.205	80.662	84.821	227.837	226.614	220.527	406.397	412.192	388.308
01:08:30	29.381	27.773	33.467	79.088	81.196	82.825	232.94	234.347	222.117	410.426	412.447	391.903
01:09:00	30.742	28.43	31.432	75.069	81.788	81.739	231.957	227.727	222.666	412.713	409.661	388.258
01:09:30	30.713	27.764	32.368	76.667	81.755	82.002	231.885	227.188	220.34	410.66	410.29	387.637
01:10:00	29.438	29.243	31.473	76.131	80.843	82.432	229.012	227.213	223.384	405.048	409.566	388.771
01:10:30	29.12	29.905	31.023	76.282	82.968	83.015	230.925	229.439	221.63	405.612	407.244	388.021
01:11:00	29.802	28.352	30.973	74.161	80.236	81.241	229.369	226.849	219.295	405.35	407.293	388.088
01:11:30	30.328	27.742	31.708	75.685	80.933	81.531	229.006	227.781	218.795	404.367	404.677	386.666
01:12:00	29.305	27.784	31.45	74.127	80.284	82.081	228.842	227.054	219.897	404.272	411.719	387.201
01:12:30	30.315	28.957	31.088	75.092	79.765	82.749	229.305	224.078	220.585	408.387	410.856	389.528
01:13:00	29.421	26.406	30.394	75.121	80.919	83.535	228.763	231.767	222.432	407.164	407.936	391.907
01:13:30	29.465	27.537	30.089	75.741	78.402	82.745	228.372	229.868	218.999	405.257	405.648	387.68
01:14:00	29.787	28.124	33.395	75.15	80.592	83.233	230.172	226.844	220.35	406.733	405.967	387.62
01:14:30	30.434	27.076	31.069	72.735	79.172	80.913	227.519	226.452	220.776	404.003	408.195	389.198
01:15:00	29.229	28.058	30.103	74.681	79.395	82.141	230.148	226.22	222.234	401.941	406.589	385.007
01:15:30	29.092	28.53	32.314	74.701	80.608	83.613	229.452	229.062	218.194	406.006	406.54	387.08
01:16:00	28.022	28.697	31.877	73.292	81.709	78.738	227.742	225.631	216.761	398.979	405.351	387.56
01:16:30	29.433	28.301	31.541	74.913	78.564	79.979	230.937	229.46	218.081	402.703	407.137	387.354
01:17:00	28.44	27.589	32.502	74.894	79.201	80.459	223.751	231.289	219.778	401.041	402.453	386.752
01:17:30	29.736	28.831	30.617	75.125	78.88	78.731	230.708	231.32	218.074	401.498	411.505	385.283
01:18:00	28.617	26.542	31.945	74.858	78.848	78.832	230.665	227.771	221.423	408.488	408.008	389.421
01:18:30	29.243	27.963	30.472	73.04	80.952	79.605	229.747	229.245	219.366	405.881	410.081	385.5
01:19:00	29.037	28.016	31.537	74.795	78.747	79.063	229.031	227.587	221.59	404.663	406.622	390.056
01:19:30	30.367	27.22	30.61	74.98	80.088	80.552	229.513	227.987	219.697	404.018	405.525	389.853
01:20:00	27.85	27.534	30.778	75.239	79.391	76.881	228.013	224.643	218.22	401.257	406.672	389.068
01:20:30	30.236	27.766	29.809	74.378	80.848	79.7	226.35	228.14	220.571	407.116	404.868	386.207
01:21:00	30.202	27.164	31.94	73.928	77.736	79.397	229.395	224.494	217.589	414.956	403.987	384.199
01:21:30	28.911	28.051	31.094	73.843	79.174	78.466	228.434	223.733	219.405	400.398	403.866	386.062
01:22:00	29.851	28.196	32.319	73.74	76.706	79.052	228.962	227.655	218.8	416.564	405.51	386.459
01:22:30	29.692	28.488	30.729	74.045	78.567	78.069	222.779	224.436	220.494	400.638	405.221	384.878
01:23:00	29.002	27.884	31.746	74.13	77.939	76.336	229.635	227.157	216.001	417.181	403.648	384.939
01:23:30	29.455	28.182	31.427	74.965	77.929	79.262	227.383	227.888	220.232	404.853	403.127	392.503
01:24:00	29.595	27.4	31.512	73.424	78.718	77.717	228.293	228.434	215.455	419.936	404.928	386.406
01:24:30	28.509	28.016	31.103	75.192	79.371	78.668	229.216	227.097	218.535	403.436	404.847	386.398
01:25:00	30.041	26.368	30.907	73.019	77.584	76.719	227.318	225.953	218.604	418.202	408.369	388.122
01:25:30	28.584	27.486	30.496	74.305	78.007	77.934	226.432	226.07	221.57	400.701	402.77	382.342
01:26:00	29.238	27.263	30.944	72.022	78.349	77.593	227.941	225.904	216.431	414.037	402.568	383.31
01:26:30	28.775	27.271	31.473	73.677	77.482	77.006	223.171	227.032	216.059	397.975	401.728	391.752
01:27:00	29.583	27.48	30.125	73.873	77.535	76.553	230.866	228.781	216.597	419.876	407.58	388.942
01:27:30	29.069	27.243	30.684	72.077	76.264	77.435	227.752	222.358	217.805	401.376	404.133	381.192
01:28:00	27.746	27.587	30.44	72.705	79.855	76.301	227.507	224.533	217.235	415.219	404.591	384.049
01:28:30	29.19	26.366	30.37	73.599	77.199	76.777	229.809	228.976	219.77	395.415	406.174	389.085
01:29:00	28.625	26.864	30.382	73.754	78.139	75.436	231.216	227.757	219.356	414.895	402.737	383.459
01:29:30	29.511	26.479	31.448	72.12	78.114	79.099	227.126	230.811	215.918	401.804	402.997	385.653
01:30:00	29.14	27.53	31.995	74.572	78.243	78.758	225.736	226.92	216.733	415.768	402.764	386.631
01:30:30	29.751	28.453	31.458	74.127	75.961	76.366	225.22	226.951	217.447	401.215	408.972	386.242
01:31:00	29.739	27.233	31.773	73.516	77.326	75.086	229.388	225.601	217.112	416.781	406.152	386.694
01:31:30	29.46	27.826	31.492	72.766	77.773	74.942	224.849	227.783	220.123	402.205	403.055	384.616
01:32:00	28.496	26.718	31.084	71.05	77.162	76.581	224.582	221.76	217.512	414.822	402.771	384.258
01:32:30	28.967	27.552	31.183	73.081	77.852	77.529	225.951	226.573	215.559	399.144	404.91	380.936
01:33:00	30.143	28.747	30.049	72.772	78.129	77.434	228.021	226.997	219.655	416.287	402.536	385.529
01:33:30	28.929	27.494	29.42	71.939	75.475	75.931	227.3	227.979	217.485	400.974	408.319	388.084
01:34:00	29.266	26.858	31.108	73.042	76.764	76.743	228.547	225.677	216.561	416.45	405.026	384.793
01:34:30	30.21	27.119	28.66	74.079	78.906	76.383	226.26	226.485	218.542	402.571	404.911	390.727
01:35:00	27.867	27.2	30.312	73.972	76.827	76.823	227.523	226.162	216.515	412.174	404.977	386.286
01:35:30	29.168	26.779	30.919	71.836	78.49	76.772	228.699	224.382	219.573	400.737	402.71	383.778
01:36:00	28.95	27.454	31.076	71.823	77.546	76.362	226.887	227.96	218.069	416.265	404.2	385.867
01:36:30	29.113	26.526	31.812	72.147	76.518	76.659	228.216	228.312	222.141	403.01	405.111	385.562
01:37:00	29.407	26.973	30.155	71.651	76.504	77.497	225.7	228.213	216.605	412.505	403.355	382.91
01:37:30	28.565	26.873	30.044	72.981	77.359	74.621	228.192	224.209	216.183	401.499	405.898	388.822
01:38:00	27.122	26.119	30.155	72	74.296	74.64	222.423	227.998	217.437	415.744	401.175	381.738
01:38:30	28.434	27.942	29.941	70.66	78.21	76.841	229.498	226.595	216.613	398.555	402.692	383.135
01:39:00	28.67	27.553	30.376	71.973	78.393	74.77	225.844	224.996	218.688	411.917	405.386	389.092
01:39:30	28.227	28.217	30.35	70.495	77.127	74.906	229.47	223.167	216.346	397.888	404.492	385.303
01:40:00	27.877	26.785	31.027	74.843	76.152	77.256	227.968	225.332	222.209	411.909	407.546	387.022
01:40:30	27.927	26.129	30.489	72.117	77.415	77.227	227.541	222.896	214.052	396.705	403.578	384.347
01:41:00	27.59	27.802	30.528	72.426	75.071	74.597	223.445	223.194	216.738	414.833	404.222	383.616
01:41:30	28.386	27.772	30.435	70.874	74.369	75.054	226.27	226.418	218.942	411.641	406.037	385.264
01:42:00	29.233	27.844	30.513	74.01	76.52	75.748	226.335	226.365	218.087	398.643	402.219	384.163
01:42:30	29.996	27.072	30.954	71.688	74.616	75.072	228.676	225.745	218.752	414.917	401.083	385.315
01:43:00	30.878	26.965	29.913	74.243	77.966	75.855	228.082	225.026	220.632	414.986	406.033	385.963
01:43:30	29.521	28.201	30.38	71.152	79.014	75.54	226	229.117	217.314	401.538	402.521	387.953
01:44:00	30.003	27.603	30.414	73.796	74.91	74.95	228.492	226.68	214.844	413.84	404.392	391.218
01:44:30	29.338	27.018	30.181	73.781	75.839	75.655	224.237	227.534	218.008	411.005	398.3	387.274
01:45:00	28.946	27.022	29.177	70.837	74.575	77.504	227.482	228.147	217.485	398.856	403.12	384.406
01:45:30	28.616	27.185	30.609	72.015	76.801	74.139	227.094	226.958	218.908	416.461	406.423	387.101
01:46:00	27.877	27.862	30.958	71.139	75.801	76.283	226.19	227.884	219.03	412.245	409.028	384.546
01:46:30	29.226	26.921	30.367	72.022	78.486	73.337	225.504	224.041	218.052	408.167	402.854	385.502
01:47:00	27.606	27.062	30.617	69.908	76.044	76.72	223.465	224.179	216.954	411.3	399.431	384.517
01:47:30	28.742	25.539	31.588	70.525	77.546	76.857	226.317	229.156	218.394	412.571	406.76	384.457
01:48:00	28.69	27.392	31.023	70.502	75.959	76.038	225.865	227.752	218.16	412.392	401.845	381.826
01:48:30	29.076	27.473	30.831	69.101	75.065	72.361	225.186	226.8	216.451	399.285	397.713	379.579
01:49:00	27.698	27.14	30.592	71.96	76.883	76.462	226.663	225.591	217.572	401.266	403.711	388.155
01:49:30	28.869	27.224	31.276	69.564	77.236	75.633	225.569	225.229	217.472	409.632	403.228	382.849
01:50:00	28.633	27.537	31.058	71.344	75.671	73.683	226.776	225.254	214.598	411.833	399.52	380.625
01:50:30	28.359	27.514	29.822	70.669	75.264	74.446	228.739	225.58	215.26	417.522	405.191	381.968
01:51:00	29.006	26.419	30.553	71.697	75.31	76.52	223.053	223.74	218.503	417.711	401.89	383.835
01:51:30	27.867	28.345	29.914	71.692	77.226	72.382	228.434	227.335	220.13	409.822	405.161	383.91
01:52:00	28.893	27.14	30.605	70.437	75.267	73.498	225.851	225.871	215.065	415.303	402.89	385.944
01:52:30	28.817	27.922	30.965	72.818	76.784	76.757	227.082	227.373	219.536	417.612	403.548	385.382
01:53:00	29.052	26.69	30.001	71.108	76.287	74.481	223.425	225.925	214.888	416.557	403.595	383.223
01:53:30	28.945	26.416	30.662	70.962	75.741	72.943	226.062	226.772	218.463	413.889	405.424	381.209
01:54:00	30	26.819	29.882	71.589	74.826	73.581	226.712	226.511	217.315	410.991	401.26	385.25
01:54:30	28.387	26.345	30.643	70.648	74.309	73.416	226.574	225.001	216.475	417.636	403.084	383.035
01:55:00	28.372	26.831	30.462	67.37	74.989	75.561	222.405	229.302	216.843	411.095	404.562	383.143
01:55:30	29.018	27.256	30.344	71.07	75.695	73.72	227.133	225.171	216.17	410.19	403.568	384.986
01:56:00	28.54	26.783	30.528	70.582	74.312	74.409	226.411	227.606	218.438	421.474	403.015	389.643
01:56:30	27.717	26.835	29.922	69.148	75.487	74.776	227.881	223.74	216.169	416.109	400.459	382.387
01:57:00	28.988	27.474	28.813	70.615	75.831	75.644	223.914	228.091	217.603	409.651	400.208	380.994
01:57:30	28.899	27.295	29.919	70.386	76.04	75.261	226.705	229.199	213.536	413.889	404.091	385.408
01:58:00	28.717	27.267	29.914	69.679	75.83	74.141	225.531	226.196	214.635	406.547	399.573	383.575
01:58:30	28.792	26.791	30.877	69.057	73.454	75.212	226.653	226.684	219.233	414.394	406.799	384.186
01:59:00	29.56	27.381	30.644	70.402	74.311	72.975	225.512	225.377	215.127	407.297	403.43	378.27
01:59:30	29.31	26.908	30.103	71.782	75.531	73.459	229.42	224.43	220.093	414.797	406.195	382.454
02:00:00	29.205	27.224	29.981	70.374	76.675	74.016	225.965	228.767	219.243	415.508	403.108	384.865