Time	25_1	25_2	25_3	50_1	50_2	50_3	100_1	100_2	100_3	150_1	150_2	150_3
00:00:00	93.739	94.428	91.672	172.154	178.933	171.603	312.527	342.94	319.237	489.905	504.923	509.671
00:00:30	84.547	85.675	83.891	168.086	167.795	165.238	305.752	333.32	308.453	479.383	491.224	488.181
00:01:00	80.518	83.111	80.334	160.801	165.849	159.406	292.952	321.696	305.834	461.643	480.355	466.058
00:01:30	76.913	79.768	79.65	156.944	156.37	153.646	286.027	313.239	293.694	450.92	473.271	461.512
00:02:00	77.047	77.724	76.378	152.23	154.916	153.26	280.414	304.79	283.603	447.051	462.44	455.279
00:02:30	74.105	75.989	70.284	151.005	154.58	147.31	271.956	298.8	288.382	443.241	460.304	453.689
00:03:00	72.98	74.329	66.893	146.436	149.6	146.065	272.967	293.839	278.831	436.721	449.575	442.839
00:03:30	69.463	71.119	65.904	144.328	144.799	142.992	264.975	287.666	274.558	428.593	451.271	441.113
00:04:00	68.794	71.489	65.433	141.707	143.796	137.822	260.531	284.863	265.684	430.84	446.624	433.676
00:04:30	69.104	69.297	64.148	139.139	141.046	140.149	257.985	278.717	267.131	429.84	444.794	432.139
00:05:00	68.326	66.403	60.62	139.331	139.456	134.386	254.834	276.676	262.226	426.984	439.02	432.608
00:05:30	64.33	64.952	60.214	136.957	140.084	134.152	248.466	275.004	259.983	425.55	436.579	427.944
00:06:00	64.254	64.069	58.7	134.241	135.12	134.223	247.638	272.357	258.924	421.588	436.966	427.313
00:06:30	61.758	61.738	57.754	132.061	131.45	128.596	246.943	270.927	255.674	415.128	435.368	419.704
00:07:00	64.842	61.019	56.642	129.893	131.578	128.172	247.101	264.651	251.177	413.537	434.62	419.184
00:07:30	62.367	58.843	55.685	127.945	129.945	125.528	241.45	271.793	252.368	413.004	430.141	419.841
00:08:00	59.91	56.924	54.91	125.615	128.962	125.048	240.228	264.539	249.182	408.09	432.456	420.47
00:08:30	58.879	56.6	54.297	125.412	128.236	121.913	243.928	263.851	250.199	413.422	426.954	419.607
00:09:00	57.99	54.838	53.098	122.668	129.566	124.313	239.694	261.255	246.575	413.904	425.674	424.648
00:09:30	59.212	53.827	52.804	121.23	125.148	120.939	241.761	256.893	246.17	410.979	430.752	422.447
00:10:00	57.367	54.044	51.324	116.605	123.581	120.658	239.151	258.186	246.346	410.524	426.009	420.06
00:10:30	57.065	51.784	51.783	118.822	120.187	116.534	231.566	256.83	243.081	405.678	423.495	409.421
00:11:00	55.193	52.357	49.658	117.577	122.283	118.681	234.6	257.28	247.264	412.327	429.859	412.411
00:11:30	54.132	50.569	48.935	118.569	119.681	117.363	230.289	253.692	242.244	403.755	424.196	414.293
00:12:00	54.829	51.215	49.216	115.336	119.228	112.336	228.404	255.001	239.521	404.688	420.117	410.739
00:12:30	54.065	48.989	48.694	116.482	119.564	116.887	233.211	252.788	243.705	408.973	424.078	414.066
00:13:00	53.796	48.209	49.094	114.304	117.444	115.335	230.3	255.096	239.525	403.762	424.525	411.517
00:13:30	51.709	47.789	46.822	112.546	116.652	112.145	230.08	251.889	238.431	405.838	418.583	408.933
00:14:00	52.097	49.301	47.493	113.205	113.49	112.988	229.793	249.177	245.372	406.059	425.381	409.142
00:14:30	50.805	46.376	45.909	111.273	111.647	111.174	228.085	249.558	239.452	400.624	418.982	413.376
00:15:00	49.874	46.449	46.321	109.475	113.942	110.467	227.063	248.202	232.914	398.105	416.456	409.538
00:15:30	51.338	46.525	45.94	108.88	110.784	108.057	227.008	249.428	234.185	399.791	414.668	406.214
00:16:00	49.179	45.814	45.897	108.21	110.619	106.585	226.518	244.658	234.822	402.183	415.422	410.592
00:16:30	49.586	44.76	43.933	105.696	108.354	106.344	221.815	244.7	234.451	397.8	414.854	408.148
00:17:00	47.963	43.5	45.757	110.345	108.122	106.247	224.532	245.084	233.998	398.248	412.657	405.661
00:17:30	47.424	44.062	44.223	105.467	107.15	105.241	224.882	246.206	233.384	398.845	416.355	407.306
00:18:00	47.981	43.803	42.03	105.001	107.352	104.822	223.888	250.253	233.049	393.738	416.963	407.272
00:18:30	46.622	44.527	44.383	101.705	107.495	104.924	223.851	242.868	237.411	395.391	417.522	405.975
00:19:00	45.118	43.818	42.287	104.249	106.144	103.999	222.54	244.498	233.12	399.828	418.194	407.169
00:19:30	43.985	42.283	42.542	103.53	103.869	103.58	223.715	247.082	232.188	395.08	411.386	401.449
00:20:00	43.463	42.066	41.057	101.509	103.371	103.527	221.385	244.961	233.98	398.248	420.131	400.764
00:20:30	43.019	41.067	41.548	98.704	102.338	101.918	219.2	238.65	228.342	391.867	411.42	402.796
00:21:00	43.161	40.84	40.534	101.285	101.436	100.436	219.949	242.166	231.495	395.877	414.606	400.713
00:21:30	41.706	39.562	40.654	99.734	102.191	101.582	219.875	238.35	230.249	391.563	411.873	405.513
00:22:00	42.301	40.571	39.191	97.116	101.256	101.131	217.823	240.672	228.714	393.767	411.782	400.913
00:22:30	39.907	40.523	39.809	101.843	100.287	101.465	217.938	240.841	229.615	393.091	411.143	403.338
00:23:00	40.326	40.278	38.338	98.795	101.559	98.478	218.781	242.127	228.956	393.127	412.369	403.676
00:23:30	40.262	40.767	39.014	97.493	102.736	98.641	219.375	241.024	227.575	388.956	412.945	400.702
00:24:00	38.988	40.354	39.92	98.551	102.788	99.42	216.711	240.436	230.838	391.148	410.372	403.925
00:24:30	37.979	38.828	38.369	96.001	99.469	99.042	220.13	238.518	223.412	388.172	409.541	403.392
00:25:00	37.539	39.767	38.834	98.986	100.614	99.594	221.555	240.852	225.859	395.7	412.363	402.224
00:25:30	37.94	38.875	38.433	95.23	98.315	97.757	215.084	235.171	224.521	387.899	406.494	399.826
00:26:00	37.315	37.005	38.074	95.827	97.593	98.156	215.532	236.195	227.016	397.249	411.051	397.494
00:26:30	35.464	39.151	38.727	94.715	99.914	97.822	217.935	239.59	231.218	389.485	409.052	402.446
00:27:00	36.807	37.661	37.897	94.556	96.94	96.474	214.534	234.166	227.804	391.197	406.144	398.47
00:27:30	36.485	39.05	36.329	94.218	98.943	96.388	214.226	236.151	227.287	389.78	408.164	401.844
00:28:00	36.723	38.168	37.505	94.745	98.249	94.657	219.011	236.952	230.189	392.882	404.249	396.818
00:28:30	36.877	37.937	37.31	96.097	96.858	96.123	214.795	237.892	224.311	388.948	405.87	396.567
00:29:00	35.001	37.284	37.878	93.887	97.967	97.715	214.718	236.929	223.582	389.741	408.668	396.018
00:29:30	35.793	37.568	35.302	93.453	97.912	96.372	215.5	235.23	227.49	388.657	408.198	397.505
00:30:00	35.037	36.939	36.288	93.443	96.882	93.823	214.812	238.562	228.552	391.649	409.637	397.352
00:30:30	34.822	38.099	36.253	93.322	98.553	93.599	213.156	236.072	224.736	385.942	409.307	400.194
00:31:00	35.631	36.808	35.279	93.929	96.115	93.089	213.863	233.693	224.843	390.715	408.903	400.59
00:31:30	33.709	35.4	34.996	93.689	95.415	92.059	213.579	231.426	225.071	392.336	407.846	398.5
00:32:00	33.38	35.456	36.108	93.403	95.851	94.803	213.483	235.245	224.679	386.655	403.405	398.581
00:32:30	33.423	36.524	34.625	91.796	96.129	94.113	213.29	236.963	221.351	388.778	406.754	398.563
00:33:00	33.848	35.695	35.204	93.402	94.557	94.6	214.453	235.853	225.628	386.773	407.503	394.264
00:33:30	34.664	36.195	34.702	91.536	93.486	92.017	213.658	234.64	224.099	388.837	404.261	401.406
00:34:00	33.011	35.839	33.109	90.718	94.211	92.684	212.757	230.701	223.558	385.764	404.329	395.689
00:34:30	33.616	36.264	34.548	92.467	94.184	91.628	212.424	232.577	223.336	387.831	409.701	397.703
00:35:00	33.563	35.514	35.547	91.085	95.158	90.77	212.837	231.156	226.278	390.23	407.022	396.683
00:35:30	33.07	35.212	34.32	90.852	94.821	90.45	212.289	232.238	220.854	382.12	404.032	393.463
00:36:00	32.838	34.991	35.859	90.032	94.004	90.609	214.707	231.402	223.317	386.959	402.561	396.48
00:36:30	33.053	33.671	34.463	87.314	89.967	90.543	209.554	235.227	222.658	383.433	400.745	395.812
00:37:00	33.553	33.051	34.933	91.193	94.164	92.149	216.461	232.312	222.815	384.742	403.848	397.933
00:37:30	33.586	34.537	33.32	90.209	91.683	91.236	209.597	230.818	226.553	391.759	403.972	393.208
00:38:00	33.171	34.732	33.382	89.039	90.742	92.573	213.427	232.183	221.549	382.743	405.326	399.47
00:38:30	32.755	35.647	35.173	88.753	91.834	93.309	208.987	234.286	222.563	383.681	404.878	400.662
00:39:00	30.868	34.719	32.517	87.353	91.296	90.941	209.643	232.356	219.575	387.991	406.027	393.964
00:39:30	33.059	33.549	32.597	88.568	93.536	90.885	211.946	235.514	222.501	390.66	406.074	395.37
00:40:00	31.791	34.566	33.132	88.673	91.214	87.941	214.41	232.621	226.859	382.306	404.6	394.816
00:40:30	31.373	34.024	33.335	88.38	91.952	88.889	209.019	233.643	226.632	385.315	405.335	396.66
00:41:00	31.325	32.558	32.272	87.574	92.251	88.564	212.825	232.003	220.543	383.595	404.6	395.974
00:41:30	32.455	32.133	32.215	85.501	89.994	89.095	209.999	233.512	221.048	385.74	403.324	397.223
00:42:00	31.771	34.06	31.884	86.656	89.402	86.357	211.697	229.852	225.944	384.461	406.241	391.348
00:42:30	30.936	32.348	33.397	86.881	88.471	87.589	214.552	230.333	221.681	386.545	405.859	397.962
00:43:00	31.899	33.352	32.78	86.831	89.596	88.698	209.102	229.615	221.803	380.71	400.462	397.346
00:43:30	31.432	33.042	31.849	86.957	87.879	87.985	210.772	229.52	220.941	383.825	403.168	395.296
00:44:00	31.865	33.062	33.316	89.889	91.386	89.314	211.845	231.837	222.686	385.361	407.794	392.34
00:44:30	32.362	32.841	31.123	87.235	89.746	87.647	210.747	233.232	219.948	382.737	401.774	395.666
00:45:00	32.106	32.722	32.121	87.242	90.525	87.77	209.363	228.345	221.213	379.888	405.444	394.077
00:45:30	31.375	34.22	32.451	85.165	88.011	86.85	207.799	229.71	219.677	389.968	407.415	396.583
00:46:00	30.79	32.434	31.474	84.642	88.515	87.529	212.975	229.224	220.168	380.233	399.12	393.596
00:46:30	30.805	32.108	30.505	84.55	87.747	87.143	205.997	229.696	218.162	381.171	396.849	397.833
00:47:00	30.203	31.492	32.117	83.893	86.975	85.65	207.395	230.732	223.725	381.53	403.36	389.929
00:47:30	29.971	32.204	31.122	87.04	86.832	85.583	211.109	232.295	222.659	385.919	400.432	396.286
00:48:00	31.285	32.36	31.304	86.092	86.901	87.917	210.704	228.899	221.108	388.758	403.752	396.243
00:48:30	30.798	32.786	31.479	85.349	87.261	86.422	209.615	229.316	219.971	385.675	402.161	393.092
00:49:00	31.742	32.285	31.021	85.705	87.702	85.46	210.108	230.24	222.085	386.707	407.435	398.997
00:49:30	30.429	31.383	31.418	84.793	85.121	84.857	211.977	231.343	218.592	383.702	401.894	396.063
00:50:00	29.453	31.478	32.384	84.088	86.81	87.152	211.195	230.975	222.831	385.614	400.763	400.981
00:50:30	30.729	31.851	30.739	82.784	87.743	86.985	210.826	229.814	220.324	383.728	401.531	392.374
00:51:00	30.882	32.816	29.985	83.457	87.394	85.588	209.05	227.498	219.38	386.376	404.881	393.287
00:51:30	30.498	33.108	29.903	83.366	87.027	84.132	209.502	228.474	220.271	381.299	403.83	389.762
00:52:00	30.245	31.005	30.995	81.067	87.164	84.205	210.654	226.695	218.819	382.198	402.418	391.013
00:52:30	30.711	31.317	30.855	82.797	87.424	84.699	208.314	229.919	216.144	382.752	402.135	397.283
00:53:00	31.01	32.046	30.738	83.816	83.802	89.198	207.124	227.773	218.462	382.998	401.496	392.21
00:53:30	29.034	32.234	29.706	83.576	86.662	83.775	205.083	229.952	221.97	384.265	405.585	393.346
00:54:00	31.303	32.498	30.861	83.04	86.369	85.929	206.076	229.797	221.095	384.069	400.44	397.681
00:54:30	30.164	31.321	29.86	82.776	84.181	87.349	209.414	227.658	218.249	383.393	400.143	393.784
00:55:00	29.892	30.376	30.48	81.6	84.623	84.748	205.473	230.03	218.896	383.418	401.435	393.094
00:55:30	28.876	31.095	29.795	80.567	84.518	83.993	205.934	228.919	221.526	380.983	401.133	389.737
00:56:00	29.986	32.383	30.234	82.803	83.345	83.94	210.406	228.899	217.168	386.958	403.142	390.551
00:56:30	28.989	30.871	29.053	83.919	83.204	83.28	209.927	229.215	219.233	377.794	400.523	392.743
00:57:00	29.66	31.229	30.213	82.459	84.261	84.038	206.445	227.414	215.602	380.04	397.955	392.403
00:57:30	30.399	30.623	29.885	80.747	82.818	82.001	204.324	230.548	219.185	379.363	391.849	389.077
00:58:00	30.093	30.364	29.192	79.634	83.217	83.291	209.23	227.612	220.428	380.513	400.661	388.493
00:58:30	29.647	31.293	30.397	81.283	84.105	82.216	212.16	232.064	223.613	382.116	402.465	393.887
00:59:00	28.195	30.896	30.541	79.64	85.446	82.471	208.73	227.974	216.93	382.82	402.858	394.161
00:59:30	29.066	30.96	29.105	81.079	83.805	82.749	206.036	230.492	222.132	381.767	396.543	395.457
01:00:00	29.232	30.268	30.924	80.105	84.255	83.538	209.069	230.658	218.876	380.782	402.219	393.65
01:00:30	29.477	31.172	30.136	76.55	84.769	84.961	207.529	225.42	217.392	386.949	398.141	395.87
01:01:00	29.241	31.694	30.262	79.696	82.175	85.047	207.141	230.106	217.981	382.42	396.708	393.415
01:01:30	29.675	30.372	29.403	82.105	83.326	83.323	208.775	228.531	220.208	383.867	402.762	395.128
01:02:00	28.351	29.898	29.096	80.464	83.605	82.096	207.692	227.273	218.167	380.538	399.399	390.591
01:02:30	29.788	29.008	30.07	79.78	84.569	83.584	207.521	230.512	219.483	379.767	399.546	391.121
01:03:00	29.742	30.329	29.018	79.543	84.928	82.655	206.711	228.017	217.415	383.165	400.765	392.453
01:03:30	30.034	31.321	29.456	79.927	84.77	82.371	206.44	223.654	215.588	380.033	399.261	392.89
01:04:00	29.2	30.183	28.752	81.537	84.755	82.033	207.066	230.198	218.916	379.934	400.04	394.391
01:04:30	29.783	30.243	30.19	78.962	84.162	84.27	205.638	225.381	215.611	386.411	405.34	391.68
01:05:00	29.004	31.086	29.94	81.377	81.284	83.538	205.406	229.817	221.971	381.746	401.498	391.823
01:05:30	29.502	29.339	28.818	80.303	82.346	80.172	207.216	227.154	216.121	381.638	397.796	387.201
01:06:00	29.552	29.937	29.809	81.416	82.162	81.27	207.533	227.371	220.477	383.424	396.433	390.454
01:06:30	29.247	30.497	29.03	79.933	82.7	81.083	206.462	225.585	217.979	379.399	396.938	395.966
01:07:00	29.562	30.174	28.197	78.905	82.123	83.013	206.501	229.175	220.595	382.117	396.996	387.373
01:07:30	28.347	30.213	29.941	78.403	81.097	83.014	206.646	229.083	217.196	381.388	396.744	387.44
01:08:00	29.581	29.867	29.01	79.207	82.209	80.262	205.847	227.467	218.161	380.913	397.416	394.802
01:08:30	30.046	29.977	29.459	79.438	82.401	79.66	209.991	227.138	219.701	382.667	397.421	395.175
01:09:00	28.744	29.091	28.735	77.75	80.308	80.582	205.806	226.991	217.205	378.427	395.601	388.588
01:09:30	30.236	30.589	29.491	80.06	83.402	81.914	209.625	228.212	218.227	385.153	399.348	386.973
01:10:00	29.139	30.364	30.604	77.579	84.088	80.891	208.085	228.144	218.956	377.252	396.087	388.708
01:10:30	29.238	30.495	29.052	79.8	84.686	80.216	208.231	225.417	216.66	381.06	396.891	391.479
01:11:00	28.035	30.165	30.299	77.678	80.715	80.684	203.709	226.408	216.74	376.965	392.398	392.584
01:11:30	28.371	30.128	28.195	78.908	81.026	81.188	207.173	223.828	219.031	380.552	400.741	390.368
01:12:00	29.608	30.253	28.486	77.344	82.115	81.399	209.292	228.588	217.306	378.085	397.46	390.065
01:12:30	28.385	29.266	29.292	77.789	83.55	79.95	206.53	227.56	218.8	384.019	395.584	393.205
01:13:00	27.83	28.962	27.919	77.843	81.672	81.457	206.615	226.05	217.974	380.268	401.141	394.064
01:13:30	27.291	29.781	29.579	76.531	80.739	80.139	206.75	225.323	221.157	380.736	400.1	393.663
01:14:00	27.842	29.866	28.153	77.501	80.467	80.088	207.34	228.222	218.115	379.71	397.824	386.122
01:14:30	29.197	28.987	27.965	77.372	79.459	79.455	204.477	227.504	216.036	381.939	398.339	387.232
01:15:00	28.383	29.606	27.985	80.402	80.7	78.52	206.938	224.341	217.007	379.696	396.289	392.499
01:15:30	28.95	29.276	28.719	77.188	81.589	79.384	204.117	222.805	219.029	377.012	399.499	388.217
01:16:00	29.386	29.175	28.135	78.368	81.766	78.243	205.073	223.928	217.951	374.372	393.965	384.346
01:16:30	27.597	30.121	28.152	76.812	81.4	78.466	204.645	225.69	216.493	379.878	395.708	390.258
01:17:00	28.813	30.605	29.539	73.938	80.23	79.638	204.215	222.686	214.222	377.305	396.625	387.298
01:17:30	28.53	30.371	29.642	77.659	81.492	79.71	205.812	224.178	217.444	379.515	399.161	393.185
01:18:00	27.679	30.227	29.098	78.427	80.326	81.628	205.08	227.013	215.868	374.485	396.866	389.906
01:18:30	26.982	29.145	28.669	75.217	80.235	79.472	203.169	224.864	213.896	375.516	395.717	383.518
01:19:00	28.203	28.254	29.373	77.654	79.24	79.209	204.512	226.11	215.829	383.091	393	387.832
01:19:30	27.405	29.103	29.643	76.135	78.125	78.853	208.909	224.836	218.424	378.467	396.507	388.908
01:20:00	28.79	28.231	28.147	76.048	79.15	81.141	207.052	225.838	215.586	377.172	390.865	383.39
01:20:30	28.491	29.081	27.866	75.444	79.773	79.796	209.41	225.93	216.538	378.821	396.11	388.454
01:21:00	27.652	28.583	28.646	76.436	77.642	77.948	202.221	224.913	218.684	376.193	399.412	389.209
01:21:30	28.181	29.122	26.937	77.773	78.758	79.21	202.056	222.546	214.661	378.359	395.895	389.166
01:22:00	28.953	29.172	27.535	76.257	78.424	77.001	203.573	221.798	218.822	374.398	398.273	389.324
01:22:30	28.54	28.366	27.43	74.733	77.823	79.828	205.027	228.281	217.401	378.382	394.024	388.739
01:23:00	27.99	29.125	28.103	74.641	77.321	77.474	203.683	225.008	217.499	376.005	392.954	388.124
01:23:30	27.483	29.876	27.932	76.523	77.805	79.061	203.763	223.918	216.78	377.118	397.282	384.472
01:24:00	28.564	28.313	28.283	76.459	76.282	77.254	203.267	226.008	215.194	385.205	393.441	384.666
01:24:30	28.114	28.566	28.861	76.166	76.824	77.621	205.445	224.842	219.166	376.948	393.817	386.816
01:25:00	27.934	29.184	28.104	75.867	78.12	79.247	203.879	222.838	217.637	374.824	395.891	387.661
01:25:30	28.494	28.676	28.632	74.344	77.555	78.714	207.834	225.332	219.185	377.301	397.898	385.624
01:26:00	28.875	29.367	27.734	75.225	76.704	76.532	202.749	225.749	218.39	373.884	394.846	385.08
01:26:30	27.525	30.096	28.035	74.918	76.704	77.555	204.489	222.727	216.938	376.543	398.315	387.729
01:27:00	28.693	29.742	28.496	75.996	77.928	76.918	206.776	224.493	218.776	375.087	396.564	390.734
01:27:30	27.825	29.325	27.925	75.378	77.268	77.658	204.758	227.102	215.425	377.532	396.714	386.12
01:28:00	27.51	29.752	27.816	74.969	77.269	75.748	205.224	224.797	216.382	378.816	395.867	385.576
01:28:30	26.599	29.43	28.668	75.963	77.83	77.756	205.708	226.308	216.871	374.799	397.082	384.433
01:29:00	27.35	28.914	27.474	74.597	79.506	77.967	206.397	224.451	215.369	380.064	394.822	387.357
01:29:30	26.832	29.205	27.69	76.129	75.284	74.466	203.445	225.335	213.485	377.693	396.139	385.507
01:30:00	28.387	28.183	28.129	75.896	75.296	77.727	205.427	225.337	216.161	373.867	389.904	389.487
01:30:30	28.189	28.244	27.994	72.976	74.562	75.994	200.781	224.209	216.493	375.525	401.019	385.47
01:31:00	28.081	28.297	27.692	73.098	77.402	77.933	205.708	223.029	211.411	378.548	394.128	385.82
01:31:30	26.961	29.016	27.015	75.249	76.843	75.959	206.32	225.059	212.566	377.308	395.504	386.176
01:32:00	28.111	29.31	27.77	74.765	77.154	76.73	202.42	224.352	214.079	376.742	397.049	385.495
01:32:30	28.963	29.934	29.124	76.06	76.24	73.927	205.269	222.991	215.806	377.852	391.027	386.97
01:33:00	27.045	28.848	27.8	74.168	75.097	75.534	205.09	228.675	217.877	375.568	393.177	386.044
01:33:30	28.113	29.09	27.876	74.669	77.76	76.373	204.131	223.721	215.836	379.717	398.061	389.279
01:34:00	27.962	28.523	28.409	74.472	76.111	78.282	203.628	223.557	214.005	378.54	391.526	385.069
01:34:30	28.721	29.052	27.903	75.313	76.941	75.13	208.396	221.876	218.834	376.32	390.699	387.681
01:35:00	27.644	28.768	28.926	73.484	74.808	75.697	204.196	223.954	214.685	378.8	392.597	386.403
01:35:30	28.026	28.459	28.677	72.485	76.886	76.288	203.199	225.234	216.902	376.527	396.051	382.1
01:36:00	27.313	29.816	28.111	75.639	76.105	74.792	205.534	224.875	212.89	375.06	394.779	385.416
01:36:30	27.341	29.256	27.41	76.123	77.895	74.792	203.836	222.785	217.77	376.352	394.226	386.174
01:37:00	27.774	29.253	28.392	75.402	76.481	75.467	204.919	225.403	219.824	373.659	397.481	390.229
01:37:30	26.358	28.824	27.809	74.545	74.98	76.401	209.128	223.184	220.293	377.104	393.903	387.154
01:38:00	27.795	29.103	28.609	74.726	75.535	75.988	202.975	226.604	216.755	375.093	391.148	384.277
01:38:30	27.866	29.198	27.356	74.177	76.04	72.968	201.659	221.834	213.443	375.144	390.433	384.321
01:39:00	28.607	29.834	27.652	74.398	75.842	74.977	203.345	223.808	217.313	375.329	395.821	387.173
01:39:30	27.639	28.43	27.627	73.896	73.996	76.962	201.701	220.587	213.213	377.275	396.221	387.761
01:40:00	28.124	28.431	27.09	72.426	75.15	77.13	204.639	224.425	216.838	376.32	397.419	391.115
01:40:30	27.903	28.435	27.874	72.749	76.539	75.477	203.637	222.558	214.576	368.898	390.655	383.823
01:41:00	27.944	30.209	27.745	74.66	75.888	74.722	200.667	223.425	214.735	372.855	397.391	384.261
01:41:30	27.728	28.575	28.481	72.139	76.212	73.426	204.312	223.904	213.362	375.573	394.827	387.686
01:42:00	27.728	29.091	28.119	74.537	76.462	74.372	204.53	223.449	213.757	374.616	393.209	382.727
01:42:30	28.829	29.351	27.548	72.483	74.746	75.21	202.416	221.041	217.416	375.569	395.604	384.773
01:43:00	29.046	28.354	28.014	72.242	77.173	74.443	203.268	223.796	216.083	378.887	393.111	386.705
01:43:30	27.953	29.383	26.963	75.305	76.593	75.408	203.557	225.502	215.062	377.894	394.197	386.439
01:44:00	27.722	28.351	27.991	74.764	75.883	74.032	203.97	223.716	214.793	376.9	393.471	386.414
01:44:30	28.283	29.107	27.812	74.424	75.923	73.574	200.604	225.039	218.415	382.147	394.832	382.15
01:45:00	27.073	28.298	27.975	73.342	75.723	73.502	201.019	223.902	219.339	376.089	391.207	385.825
01:45:30	27.93	28.197	28.709	75.586	75.622	74.096	200.988	223.286	212.422	378.162	392.739	388.147
01:46:00	28.023	29.652	27.747	74.07	74.77	76.209	206.822	225.261	215.983	380.503	396.312	389.183
01:46:30	29.727	29.472	27.797	73.755	76.621	72.953	201.114	220.315	214.718	379.462	401.601	388.597
01:47:00	26.974	29.656	26.606	73.707	75.036	74.008	200.48	223.221	213.342	375.158	396.285	386.247
01:47:30	27.144	29.134	28.73	72.157	74.82	74.739	202.187	220.651	214.871	373.968	393.374	387.826
01:48:00	28.006	27.95	28.203	74.1	74.923	76.2	199.292	223.679	213.94	381.167	395.294	383.113
01:48:30	27.378	28.07	28.627	72.616	73.633	75.509	205.196	223.784	213.625	375.852	392.492	376.313
01:49:00	29.044	30.059	26.732	75.544	74.264	73.751	202.971	228.925	217.249	377.59	400.603	380.745
01:49:30	26.941	28.67	27.449	73.546	72.52	74.323	203.59	224.324	214.405	376.82	389.883	386.002
01:50:00	28.931	28.645	27.592	73.526	75.472	74.442	204.586	222.693	211.587	377.208	390.768	389.049
01:50:30	26.583	27.573	27.435	71.133	78.101	71.632	205.53	226.64	215.517	378.489	395.914	380.898
01:51:00	27.2	28.47	28.781	72.539	74.803	73.202	206.189	225.296	216.349	377.288	394.304	386.049
01:51:30	28.379	27.927	28.51	74.844	74.987	73.418	204.308	224.471	214.852	379.892	393.111	384.913
01:52:00	27.269	28.184	27.45	72.782	75.137	72.982	199.67	224.245	215.804	375.834	393.658	385.443
01:52:30	28.929	28.484	29.386	73.927	75.632	74.255	207.415	224.473	215.413	378.266	397.626	391.346
01:53:00	28.44	27.283	27.586	73.378	72.992	74.369	204.307	222.503	213.327	376.87	388.026	384.452
01:53:30	27.674	28.879	27.25	73.264	75.146	73.52	201.068	225.325	215.49	374.188	396.04	387.077
01:54:00	27.993	27.717	27.018	73.093	73.242	74.143	205.472	222.36	212.666	374.172	391.001	384.732
01:54:30	29.454	28.669	27.21	72.743	74.956	72.064	204.036	223.564	216.724	371.613	397.321	383.437
01:55:00	27.887	27.873	27.413	73.346	73.309	72.653	202.643	220.306	213.483	373.411	394.291	383.438
01:55:30	26.388	28.993	27.955	75.183	76.261	73.617	201.023	224.751	215.886	379.954	394.369	384.458
01:56:00	28.082	28.302	27.942	74.558	74.165	72.292	207.757	223.225	217.339	376.29	394.223	384.287
01:56:30	26.599	28.895	27.72	73.132	74.498	73.076	205.635	223.022	214.994	375.729	392.979	384.993
01:57:00	28.509	27.861	26.125	73.073	72.87	73.824	200.124	223.14	215.447	376.59	390.684	383.121
01:57:30	29.877	28.882	27.235	71.968	73.435	72.976	203.481	224.318	214.939	370.997	394.09	385.741
01:58:00	27.439	27.127	27.125	74.51	73.531	72.739	202.08	224.594	212.79	375.773	391.245	384.237
01:58:30	27.686	29.061	26.03	72.941	74.548	75.213	204.424	223.443	213.327	375.314	394.17	380.787
01:59:00	27.316	29.054	28.024	71.045	73.568	73.576	199.373	221.641	212.573	378.261	390.329	386.362
01:59:30	27.983	29.419	27.407	70.848	74.22	73.317	202.914	223.098	213.886	376.231	390.557	385.637
02:00:00	27.399	28.629	27.372	73.748	74.611	75.057	201.582	225.236	213.64	376.825	394.818	386.394