Time	25_1	25_2	25_3	50_1	50_2	50_3	100_1	100_2	100_3	150_1	150_2	150_3
00:00:00	62.165	71.465	62.912	128.62	122.571	119.617	248.857	250.741	249.265	363.09	348.977	348.997
00:00:30	66.118	71.173	63.766	123.661	117.126	111.377	245.492	247.958	243.4	349.441	338.443	342.104
00:01:00	62.648	62.976	58.807	116.121	112.423	105.336	234.534	236.139	232.468	339.319	322.319	324.604
00:01:30	57.706	58.403	56.095	114.658	107.281	101.674	225.493	226.495	216.95	327.072	308.412	316.014
00:02:00	55.761	56.348	55.088	109.244	105.715	99	220.315	218.906	213.193	323.269	300.275	313.019
00:02:30	53.281	54.239	54.636	103.73	101.837	96.111	211.293	211.469	203.872	320.136	300.828	308.447
00:03:00	51.419	51.05	50.05	99.742	101.779	93.959	205.723	208.775	198.984	313.643	290.361	303.198
00:03:30	47.666	51.854	46.856	97.734	99.422	90.001	204.456	202.437	194.031	311.764	293.777	304.486
00:04:00	48.538	48.737	47.567	99.366	95.204	87.204	200.387	200.462	192.223	308.262	288.683	302.714
00:04:30	46.132	46.615	45.989	94.417	95.671	83.718	196.871	197.819	188.516	307.521	282.744	293.414
00:05:00	44.392	44.371	44.717	95.033	92.025	84.826	192.737	188.803	184.874	309.174	282.716	295.793
00:05:30	43.51	42.588	40.989	92.482	90.523	81.581	191.63	187.92	184.415	304.619	280.945	293.159
00:06:00	42.224	42.141	39.954	90.955	88.345	79.854	185.017	183.812	180.04	302.747	278.56	291.643
00:06:30	41.367	41.329	40.133	87.02	85.317	79.101	177.324	181.932	179.746	302.652	277.366	290.353
00:07:00	40.833	39.705	38.01	83.704	86.28	78.315	175.689	181.129	175.008	298.426	274.847	287.066
00:07:30	39.033	38.434	37.982	85.216	86.026	73.425	175.538	176.47	174.291	294.763	271.727	284.398
00:08:00	38.779	37.04	37.202	85.751	82.404	72.402	174.337	176.938	172.331	298.674	275.951	282.289
00:08:30	38.317	36.999	36.397	86.022	80.368	73.532	169.106	173.253	171.918	296.264	272.857	279.381
00:09:00	35.354	35.53	34.476	81.316	81.847	77.686	172.06	172.643	168.871	297.341	269.456	282.569
00:09:30	35.426	35.924	34.134	80.807	78.026	74.421	167.811	170.472	167.11	292.753	269.523	280.505
00:10:00	33.66	33.213	35.498	78.998	77.62	74.896	169.285	167.481	169.332	290.818	266.863	280.483
00:10:30	34.031	34.715	34.044	80.327	76.938	72.398	166.81	170.395	164.607	291.624	266.352	279.345
00:11:00	34.001	32.693	32.72	77.2	77.235	72.702	165.729	167.781	165.736	291.015	269.035	279.456
00:11:30	31.859	31.07	32.631	78.647	75.525	71.34	166.133	165.165	169.571	291.67	270.079	279
00:12:00	32.271	31.233	32.171	75.675	74.019	70.276	161.985	167.685	165.218	289.23	264.713	275.793
00:12:30	30.885	31.606	30.515	75.171	71.44	68.789	163.74	163.54	162.886	290.338	268.818	281.76
00:13:00	30.622	30.003	29.589	73.717	70.349	69.026	161.41	163.761	163.619	288.096	263.57	275.512
00:13:30	30.388	29.721	29.539	72.489	70.756	67.116	157.605	164.401	161.401	290.946	265.424	274.436
00:14:00	29.545	29.975	30.041	72.074	69.729	67.057	157.008	159.822	160.001	287.04	261.64	276.347
00:14:30	28.763	29.39	28.696	68.556	68.492	67.031	156.231	162.578	160.768	286.251	259.53	273.643
00:15:00	27.416	29.826	30.412	68.726	67.994	66.159	160.876	162.088	160.43	285.893	266.968	275.818
00:15:30	26.808	28.519	28.519	67.256	68.078	63.952	158.692	161.718	159.738	287.646	262.699	278.258
00:16:00	27.552	27.124	27.236	65.552	68.548	63.547	157.703	158.406	162.151	284.182	262.93	270.972
00:16:30	26.962	27.129	27.312	63.161	65.24	63.523	157.076	158.389	161.556	282.557	260.411	273.659
00:17:00	27.213	26.058	28.14	62.753	64.054	61.708	157.833	163.067	161.121	286.239	261.448	273.633
00:17:30	25.569	27.379	27.099	61.891	63.077	62.756	152.782	158.744	160.412	284.316	261.979	276.108
00:18:00	25.116	26.601	26.645	62.732	63.863	59.662	156.493	159.508	158.739	282.221	259.388	275.553
00:18:30	25.2	26.513	26.174	62.523	63.516	59.595	157.355	156.484	155.915	282.192	262.686	278.211
00:19:00	25.168	25.723	26.751	62.422	64.258	58.727	156.583	157.185	158.111	280.431	261.815	274.321
00:19:30	25.398	25.433	26.142	60.769	61.746	61.513	150.381	159.762	158.606	282.951	259.791	271.725
00:20:00	25.116	25.343	24.903	59.835	63.222	58.725	153.515	154.71	158.701	283.464	257.733	274.333
00:20:30	23.543	25.078	23.843	60.662	62.411	59.528	154.876	158.417	154.902	279.527	260.13	269.259
00:21:00	23.59	24.173	24.619	59.776	58.655	57.59	153.308	155.489	157.433	277.67	259.524	269.261
00:21:30	23.82	24.586	24.197	59.213	61.091	58.227	154.697	156.512	157.708	280.939	259.753	270.112
00:22:00	24.541	23.427	24.576	58.633	61.132	57.461	153.655	155.295	155.95	283.709	255.882	268.609
00:22:30	23.218	22.93	23.837	58.008	61.194	56.497	153.006	157.871	153.512	282.061	260.458	274.412
00:23:00	23.752	22.812	23.738	57.736	60.588	56.713	150.899	155.819	152.776	278.986	258.906	274.108
00:23:30	23.904	23.984	23.549	58.89	59.257	56.342	152.232	153.878	155.053	279.244	255.923	265.839
00:24:00	22.714	22.899	22.931	56.767	60.154	56.112	154.536	152.089	154.365	279.348	259.679	268.352
00:24:30	22.311	23.022	23.122	57.694	61.361	55.399	151.118	157.656	153.86	279.382	261.833	271.544
00:25:00	21.925	21.672	22.421	56.208	57.96	54.203	150.459	153.538	151.331	278.881	257.584	268.249
00:25:30	21.342	22.511	21.627	55.8	59.409	53.93	148.76	155.463	154.681	277.037	255.797	268.09
00:26:00	21.223	22.116	22.852	56.308	57	56	152.988	152.841	151.949	280.249	253.953	268.027
00:26:30	21.364	21.566	21.578	56.582	56.071	53.979	149.669	153.784	152.662	279.107	256.729	268.697
00:27:00	21.005	21.808	21.349	54.469	57.413	55.451	148.867	152.371	151.767	274.295	253.314	265.931
00:27:30	20.39	21.368	21.299	55.179	56.556	53.824	148.364	155.238	153.998	277.52	255.741	267.259
00:28:00	21.65	22.925	20.491	54.154	58.297	54.334	151.262	154.503	150.955	273.061	259.907	268.319
00:28:30	20.964	20.734	20.738	53.451	56.184	53.392	148.76	151.371	149.427	276.3	250.832	263.28
00:29:00	21.062	20.106	21.994	53.954	55.119	52.862	149.427	152.046	151.342	277.21	255.653	266.774
00:29:30	19.504	20.658	21.002	55.454	54.806	52.13	148.457	153.526	151.325	280.813	251.463	266.337
00:30:00	20.207	20.575	20.915	53.518	56.615	50.302	148.415	153.648	149.875	279.282	257.285	266.917
00:30:30	18.263	20.987	20.753	53.08	55.884	52.896	148.016	152.196	153.007	278.532	256.542	267.544
00:31:00	20.011	20.372	20.82	53.209	54.872	50.528	148.331	152.704	148.802	278.69	257.424	267.891
00:31:30	19.445	19.608	20.445	53.67	54.755	51.541	148.947	150.417	149.942	274.206	253.167	266.906
00:32:00	20.458	19.835	20.437	51.688	54.993	52.274	148.977	149.998	149.549	276.841	252.786	269.89
00:32:30	19.288	19.792	19.289	52.624	53.062	49.655	151.517	151.172	150.43	274.585	253.312	262.341
00:33:00	18.851	18.212	18.966	53.307	52.675	50.562	147.171	151.967	148.645	271.746	251.329	262.668
00:33:30	17.967	18.553	18.882	51.417	55.196	50.59	145.922	150.341	148.916	275.854	254.565	266.128
00:34:00	18.132	18.811	19.951	52.654	52.732	48.38	148.715	148.985	151.136	275.022	255.93	267.934
00:34:30	18.757	18.975	19.012	51.379	52.287	49.995	150.109	150.011	146.811	275.423	255.447	267.428
00:35:00	18.578	18.925	19.827	51.907	52.74	49.689	146.12	150.39	147.958	273.06	251.971	262.15
00:35:30	18.28	19.321	19.347	51.287	53.714	49.588	147.708	149.291	147.896	275.866	254.123	265.68
00:36:00	17.586	18.644	19.078	51.12	53.916	49.469	147.351	149.736	149.995	274.428	250.587	265.817
00:36:30	18.686	19.46	18.314	51.491	53.107	48.558	148.371	153.8	149.698	273.299	252.436	265.014
00:37:00	18.166	17.505	19.025	50.903	53.023	47.378	146.485	151.68	148.682	272.559	254.693	263.692
00:37:30	18.067	17.791	19.391	52.672	53.948	49.013	146.754	154.812	147.606	273.855	254.156	265.025
00:38:00	16.568	18.751	18.623	49.942	52.481	48.985	147.985	150.255	146.556	270.696	254.517	261.783
00:38:30	17.319	17.28	18.604	48.964	49.996	47.578	147.695	150.224	148.911	274.463	252.171	264.34
00:39:00	18.361	17.432	18.074	49.398	52.487	48.107	146.577	149.909	149.914	273.763	257.581	263.071
00:39:30	17.422	16.535	18.138	49.437	49.885	48.027	146.665	149	148.523	276.19	253.901	263.116
00:40:00	17.752	17.279	18.346	48.847	51.274	46.425	146.052	150.076	146.473	274.116	256.992	261.496
00:40:30	17.794	17.368	18.272	49.192	50.859	47.686	146.65	148.192	147.548	268.639	248.202	264.114
00:41:00	17.827	17.595	17.713	47.094	53.527	45.965	145.072	150.138	148.972	271.627	253.202	260.202
00:41:30	17.387	17.315	18.638	50.201	50.616	45.629	145.588	150.101	147.122	273.428	252.494	263.222
00:42:00	17.602	17.417	17.321	49.244	49.754	44.36	144.786	149.385	144.042	276.009	251.569	261.74
00:42:30	17.21	17.416	17.918	48.496	51.089	43.081	145.433	147.91	146.859	273.964	253.553	265.07
00:43:00	16.844	18.834	18.189	49.815	50.798	44.017	145.689	146.715	146.616	270.057	251.258	257.71
00:43:30	16.881	17.928	16.991	47.506	51.301	44.859	145.941	147.614	144.263	272.941	252.536	263.679
00:44:00	17.738	15.856	17.045	48.096	49.255	44.337	145.103	148.83	146.183	273.288	253.007	260.999
00:44:30	16.613	16.467	17.282	47.984	47.938	42.104	143.573	149.297	146.287	268.967	248.727	261.241
00:45:00	16.428	17.442	18.389	48.421	48.19	42.155	145.884	148.224	146.376	273.895	251.772	260.09
00:45:30	16.329	17.387	17.97	47.804	47.43	42.168	145.043	144.381	143.229	267.973	250.097	262.28
00:46:00	16.943	17.004	17.946	48.457	49.354	40.52	145.586	147.106	146.149	270.208	253.44	262.42
00:46:30	15.675	17.26	17.517	48.467	47.772	41.693	145.044	147.16	144.23	270.56	251.276	256.641
00:47:00	16.418	17.37	16.805	46.829	47.774	41.685	144.434	148.958	145.696	269.307	250.611	264.23
00:47:30	16.873	17.184	16.962	47.181	45.504	42.363	142.132	147.259	146.314	268.979	253.91	259.916
00:48:00	16.744	16.215	16.582	46.902	45.625	39.728	147.855	148.28	143.232	273.54	250.187	262.681
00:48:30	16.158	16.181	16.279	47.289	46.599	39.666	145.16	147.171	144.971	270.699	247.796	261.278
00:49:00	14.596	17.498	17.437	48.241	44.754	38.785	144.042	148.12	145.672	270.636	249.633	259.751
00:49:30	14.776	17.179	16.682	47.499	45.323	39.177	145.644	147.549	144.219	269.995	247.115	263.072
00:50:00	16.414	16.058	17.833	47.581	42.712	39.366	144.925	147.309	142.99	267.594	249.044	255.368
00:50:30	15.018	16.228	17.823	47.636	45.491	38.299	143.072	147.558	146.595	270.255	249.407	262.189
00:51:00	16.278	16.088	17.137	46.33	45.479	37.623	142.317	145.996	145.194	272.403	251.439	264.681
00:51:30	15.013	16.232	16.788	46.646	43.348	38.756	142.87	149.15	144.163	271.629	249.276	259.832
00:52:00	14.904	16.434	16.211	46.974	42.792	36.953	144.691	146.419	144.696	270.544	250.857	261.702
00:52:30	14.421	15.705	16.917	46.194	43.88	38.843	142.857	144.283	145.097	271.39	251.984	262.794
00:53:00	14.658	15.83	15.864	47.568	42.357	38.268	143.686	148.049	144.335	269.056	247.835	257.266
00:53:30	14.8	16.015	15.718	45.718	44.359	37.96	141.137	147.18	145.005	269.869	250.945	259.066
00:54:00	14.502	16.808	16.767	44.342	43.621	37.388	142.051	146.053	142.171	270.395	252.788	259.818
00:54:30	14.792	16.096	16.009	46.819	43.353	35.947	140.72	146.397	141.73	271.923	248.717	259.011
00:55:00	13.355	16.393	17.267	45.06	42.834	39.283	142.844	147.124	144.541	267.033	246.608	256.504
00:55:30	13.581	15.153	16.179	43.889	43.954	36.705	141.99	143.334	142.405	267.763	247.89	261.781
00:56:00	13.841	16.116	16.516	45.772	43.313	37.699	142.153	146.126	146.262	266.452	247.491	256.695
00:56:30	15.222	16.481	16.656	43.735	42.386	37.731	142.491	143.516	143.091	267.453	249.558	259.693
00:57:00	14.441	15.867	16.427	45.259	42.208	37.332	140.392	146.124	145.723	269.736	248.268	257.025
00:57:30	14.237	16.154	17.315	45.225	43.08	37.968	143.185	147.639	146.535	267.562	252.896	262.005
00:58:00	15.378	15.507	16.231	44.528	42.833	36.76	143.821	147.841	140.898	267.822	250.603	261.222
00:58:30	13.674	15.795	16.029	45.058	41.99	36.117	139.581	144.592	141.266	267.971	248.853	261.122
00:59:00	14.395	15.739	15.43	44.174	41.103	36.47	143.965	146.967	144.26	267.509	249.37	261.386
00:59:30	13.731	14.996	16.269	45.182	41.464	36.069	143.06	146.342	143.197	270.266	250.093	257.957
01:00:00	14.14	16.413	15.897	45.068	41.312	35.654	143.157	144.895	142.913	267.862	251.176	258.857
01:00:30	13.917	16.783	15.595	44.708	41.317	36.865	145.392	149.167	142.707	271.544	250.275	260.592
01:01:00	14.172	15.984	16.278	43.787	41.268	34.055	141.258	144.594	141.933	266.779	247.674	256.026
01:01:30	12.985	15.792	16.5	43.904	40.353	35.281	142.226	144.819	143.64	269.854	248.886	260.181
01:02:00	12.876	15.443	15.725	43.882	40.931	37.419	144.648	146.746	141.555	272.717	249.55	259.903
01:02:30	13.714	16.37	15.03	44.236	42.421	35.167	143.226	145.341	141.068	266.732	247.323	253.497
01:03:00	14.33	16.077	15.729	43.712	41.15	34.091	142.775	145.636	143.87	267.974	247.365	257.504
01:03:30	13.453	15.586	16.084	44.477	41.13	34.596	141.815	144.4	145.55	268.025	246.338	259.715
01:04:00	13.151	15.91	16.129	43.501	40.417	35.323	139.19	144.443	142.788	267.251	244.696	256.493
01:04:30	13.667	15.42	16.151	43.628	39.946	34.372	143.451	146.145	140.251	264.714	248.281	260.194
01:05:00	13.992	15.502	15.529	43.223	39.987	33.91	141.23	144.898	140.447	266.488	247.652	257.672
01:05:30	13.237	16.412	15.369	43.595	40.54	33.441	143.371	145.864	140.04	266.382	244.689	256.457
01:06:00	13.043	15.621	15.934	43.818	41.366	33.605	140.22	145.578	142.76	263.42	244.503	251.236
01:06:30	13.512	15.034	16.162	43.967	39.955	34.898	141.593	142.529	141.422	265.746	245.998	260.567
01:07:00	12.575	15.382	17.198	42.62	39.563	34.698	143.731	146.259	141.805	267.951	246.871	254.618
01:07:30	12.687	15.965	15.499	43.562	39.479	32.797	143.446	146.335	143.089	269.287	244.468	259.747
01:08:00	13.917	15.59	15.923	43.241	40.103	33.769	140.341	145.097	140.352	265.504	245.879	256.107
01:08:30	13.188	15.5	15.298	42.01	40.513	34.156	143.401	145.695	141.87	265.988	246.506	255.747
01:09:00	13.556	15.15	15.682	42.906	40.709	33.034	141.797	144.153	138.787	265.019	244.41	256.457
01:09:30	13.133	14.518	15.697	41.925	38.151	34.52	139.986	145.523	141.742	263.529	247.799	257.703
01:10:00	12.721	16.368	15.906	41.03	39.224	34.849	141.521	144.791	140.498	267.162	246.592	256.606
01:10:30	12.424	14.935	15.994	42.955	40.03	33.442	143.245	144.045	144.278	267.539	249.927	255.53
01:11:00	12.873	15.113	15.205	43.857	39.794	33.255	142.052	142.729	140.04	268.914	246.936	257.894
01:11:30	12.979	15.47	16.482	42.041	39.873	34.592	144.4	143.86	139.3	265.791	247.719	257.509
01:12:00	13.267	15.468	16.146	42.444	39.901	33.285	142.428	145.349	139.551	266.515	244.142	254.227
01:12:30	12.874	14.512	15.18	42.875	40.554	33.237	139.708	144.705	139.9	265.74	248.846	260.223
01:13:00	12.282	14.316	15.511	44.359	39.099	33.135	140.059	145.753	140.832	265.216	245.36	257.724
01:13:30	13.053	14.913	15.069	42.557	38.411	31.257	142.516	144.911	141.107	265.953	246.076	257.521
01:14:00	12.238	15.127	16.169	42.639	38.514	33.267	141.583	143.644	141.647	268.41	243.637	257.05
01:14:30	12.973	14.93	15.365	41.461	40.288	32.466	140.106	142.663	140.282	262.63	244.906	256.23
01:15:00	13.428	15.026	16.45	42.271	38.627	32.408	139.462	143.703	137.688	264.517	248.964	256.575
01:15:30	12.873	14.955	15.549	41.464	38.375	32.189	139.809	143.327	142.229	264.663	246.197	254.159
01:16:00	11.608	14.495	14.556	42.555	37.468	34.283	141.978	144.378	136.749	263.481	243.819	254.001
01:16:30	13.888	14.782	15.944	40.967	37.317	33.202	141.591	145.618	141.44	262.974	243.49	253.559
01:17:00	13.232	14.703	15.345	42.239	38.358	32.869	140.097	144.674	142.365	266.968	244.458	255.246
01:17:30	12.788	15.08	15.474	40.951	37.534	32.336	140.905	141.943	141.672	266.946	240.908	253.126
01:18:00	13.295	14.697	15.86	42.856	38.639	32.747	139.518	144.807	139.801	262.726	245.208	258.138
01:18:30	13.407	15.61	15.632	42.179	39.454	31.979	140.234	144.587	139.575	263.691	247.281	254.094
01:19:00	12.637	14.926	15.653	41.641	38.326	33.044	140.371	142.282	138.764	264.037	244.395	256.187
01:19:30	11.971	15.241	15.348	41.519	38.594	33.18	141.236	143.643	139.333	262.964	246.399	257.211
01:20:00	13.131	14.909	15.755	41.526	37.833	31.966	140.207	143.17	140.501	262.423	246.172	253.294
01:20:30	12.274	15.153	16.024	43.213	37.373	33.719	139.744	144.603	139.178	264.416	246.201	252.414
01:21:00	12.597	13.909	14.799	41.152	37.271	31.688	141.252	142.506	142.049	262.787	244.762	251.392
01:21:30	13.293	15.294	14.184	41.526	39.107	32.035	142.879	144.498	139.388	263.039	243.407	256.678
01:22:00	13.653	16.16	15.578	43.276	38.141	31.829	139.449	141.183	142.183	262.638	244.849	256.149
01:22:30	12.86	15.161	15.118	41.754	38.18	31.939	141.132	141.507	142.07	265.339	245.211	256.824
01:23:00	12.358	14.224	15.639	41.53	38.318	32.478	138.543	143.69	140.257	261.32	242.694	253.35
01:23:30	13.427	15.875	15.271	42.221	38.45	32.663	138.065	140.465	139.57	262.371	242.603	252.894
01:24:00	12.121	14.797	16.055	41.094	38.977	31.649	138.774	143.059	139.701	266.404	245.339	255.422
01:24:30	12.294	15.168	15.691	40.058	35.681	31.496	138.866	144.232	137.687	260.976	245.732	249.781
01:25:00	13.068	15.562	14.932	40.864	38.371	33.116	141.525	143.388	140.163	262.824	242.73	253.274
01:25:30	12.685	15.125	15.079	39.797	37.587	32.507	140.367	143.226	139.036	265.322	243.139	252.526
01:26:00	13.178	15.134	15.929	42.015	38.701	32.487	142.586	147.443	139.808	267.609	247.848	255.266
01:26:30	13.038	16.224	15.043	41.167	36.536	30.958	140.899	142.172	139.65	261.662	246.133	254.946
01:27:00	11.71	14.713	15.614	41.554	38.062	32.789	140.447	142.809	139.716	262.012	242.906	254.317
01:27:30	11.934	13.929	14.479	42.571	36.561	31.786	138.649	142.47	138.347	264.463	241.002	251.839
01:28:00	12.132	14.168	15.33	42.028	37.096	32.674	141.386	141.381	140.441	266.45	246.952	257.674
01:28:30	12.528	15.493	14.776	40.838	37.308	32.375	139.016	141.194	140.809	260.639	240.392	257.394
01:29:00	12.462	13.945	15.789	41.578	37.741	32.025	139.717	142.446	138.244	263.568	245.91	256.94
01:29:30	12.798	14.621	15.141	42.218	37.048	30.706	139.501	142.524	138.38	263.773	244.689	253.414
01:30:00	12.59	14.79	13.793	39.832	37.219	32.765	139.466	140.649	140.07	260.532	246.695	253.55
01:30:30	12.029	15.138	14.997	41.399	37.97	31.512	139.429	142.777	139.437	260.618	242.576	253.383
01:31:00	12.564	14.51	15.446	41.693	37.494	31.525	141.139	142.054	139.766	263.765	244.896	252.33
01:31:30	12.182	13.948	14.516	39.923	37.377	32.038	137.313	143.17	141.807	265.757	243.34	251.487
01:32:00	11.931	15.807	15.093	40.332	38.304	31.599	138.009	142.856	139.397	267.874	239.79	251.366
01:32:30	12.169	14.513	15.37	41.825	37.834	31.511	138.987	142.937	138.737	264.302	239.954	252.284
01:33:00	12.467	14.912	15.387	41.168	37.57	31.833	139.582	142.704	136.65	263.088	244.264	252.086
01:33:30	12.431	15.388	15.605	41.263	37.369	31.593	141.1	145.159	140.784	262.196	243.3	258.957
01:34:00	12.249	14.584	15.293	40.204	37.714	32.2	139.209	141.272	139.255	261.119	241.121	250.699
01:34:30	11.862	14.555	15.319	39.967	38.333	31.516	137.686	142.342	139.398	261.372	244.783	253.31
01:35:00	12.574	14.833	15.527	40.465	38.156	30.356	141.568	142.208	139.184	261.235	244.994	253.699
01:35:30	12.309	15.351	15.909	39.082	38.108	32.086	137.382	142.944	136.539	265.472	243.062	251.343
01:36:00	12.298	15.464	16.25	39.278	36.485	32.113	140.608	140.965	138.398	261.535	242.184	256.779
01:36:30	11.89	14.427	14.508	40.404	38.971	32.979	140.19	141.885	138.774	261.649	244.381	252.369
01:37:00	12.804	14.393	14.936	38.611	37.84	31.619	139.033	140.869	141.845	261.752	243.829	252.681
01:37:30	13.072	15.024	14.616	38.974	37.157	31.34	139.955	142.991	137.671	266.577	240.596	254.649
01:38:00	12.957	14.858	15.074	39.995	36.848	30.929	139.021	143.59	137.592	258.418	243.127	254.928
01:38:30	12.736	15.134	15.148	39.542	37.967	31.207	140.999	144.241	138.059	260.335	241.676	255.108
01:39:00	12.819	14.859	16.02	40.683	36.635	31.322	141.178	145.141	138.65	261.976	239.402	252.076
01:39:30	12.129	13.895	15.172	39.41	37.085	31.295	141.03	141.031	139.339	262.95	241.431	254.508
01:40:00	12.737	14.606	14.732	40.157	36.565	31.106	140.05	143.567	134.757	260.689	241.795	250.1
01:40:30	12.189	15.714	15.11	39.665	36.431	30.499	140.021	143.04	139.34	262.736	242.608	248.491
01:41:00	12.605	15.591	15.198	39.905	37.922	32.233	138.702	141.4	136.114	265.08	242.307	254.108
01:41:30	12.741	14.957	15.053	39.388	39.009	31.052	142.544	141.644	136.017	258.857	243.667	251.81
01:42:00	12.592	15.057	14.697	39.589	37.69	30.931	138.075	139.688	136.673	261.527	240.409	252.56
01:42:30	13.238	14.051	14.783	39.658	38.066	30.856	139.596	142.756	136.328	260.44	241.241	249.156
01:43:00	12.339	14.393	14.182	39.861	37.751	30.62	137.062	141.943	137.462	260.689	241.189	249.04
01:43:30	12.635	14.939	14.431	38.174	37.398	31.986	139.989	142.24	139.968	263.957	241.063	254.706
01:44:00	12.059	14.446	14.714	39.246	38.756	31.71	137.364	140.346	134.611	258.091	236.065	250.277
01:44:30	12.239	14.797	14.481	38.49	34.972	30.273	138.871	143.508	136.709	260.527	241.486	250.659
01:45:00	13.034	15.469	14.627	38.233	37.346	30.414	140.649	142.413	138.417	262.727	242.919	253.319
01:45:30	12.475	16.689	15.719	38.999	36.65	31.016	137.626	142.825	137.592	260.558	241.136	249.829
01:46:00	12.65	14.969	14.782	38.429	37.194	32.144	138.965	141.134	137.661	261.618	240.892	252.21
01:46:30	12.435	14.383	14.412	37.533	36.908	31.538	140.287	140.684	139.992	260.187	243.983	252.127
01:47:00	12.31	14.269	15.028	38.739	38.698	31.092	140.229	142.494	139.133	261.802	244.671	251.93
01:47:30	12.344	14.844	15.793	38.085	37.482	31.961	138.988	141.759	138.325	257.889	243.451	252.671
01:48:00	11.968	15.013	15.589	38.367	36.621	31.179	140.824	142.73	138.358	261.924	245.012	255.779
01:48:30	12.695	14.585	15.914	37.423	37.592	31.54	140.719	141.738	137.467	255.669	242.563	251.097
01:49:00	12.52	13.894	15.332	37.916	38.087	30.727	140.119	140.14	138.862	261.61	242.898	251.039
01:49:30	12.277	14.603	15.441	37.14	36.346	32.501	139.032	141.359	136.932	260.888	241.814	252.985
01:50:00	12.605	15.208	15.281	36.72	35.425	31.185	139.287	144.706	136.857	258.341	239.247	253.33
01:50:30	12.303	13.929	14.17	37.119	38.089	30.914	139.592	142.903	136.774	262.332	241.286	253.011
01:51:00	13.334	14.384	15.292	39.176	37.969	31.471	139.481	143.181	137.392	260.282	237.649	251.032
01:51:30	12.482	14.222	13.979	37.31	36.242	30.27	138.923	142.48	136.383	257.665	238.766	248.412
01:52:00	13.433	15.869	14.848	38.59	37.203	31.472	140.645	143.719	136.965	265.669	245.121	252.19
01:52:30	12.953	14.864	15.257	36.567	36.661	31.597	140.623	140.857	137.682	260.914	240.791	251.761
01:53:00	12.15	14.61	14.862	36.424	36.261	31.71	138.38	141.928	135.098	261.914	239.953	251.997
01:53:30	11.767	14.786	13.298	38.582	36.243	30.914	135.594	141.708	136.336	261.416	240.141	249.578
01:54:00	12.749	14.125	15.482	36.134	37.469	30.459	141.204	142.96	138.954	264.513	242.528	245.987
01:54:30	12.693	15.22	15.141	38.16	36.804	31.364	139.942	142.96	138.132	260.543	239.591	248.868
01:55:00	12.318	14.852	15.386	36.541	36.957	30.881	135.358	137.965	136.65	257.02	241.365	246.099
01:55:30	12.925	13.414	14.868	36.491	38.109	30.894	138.474	142.195	139.468	260.14	240.661	253.806
01:56:00	12.764	15.218	15.669	37.474	36.442	31.222	141.577	141.843	137.97	259.417	244.592	254.039
01:56:30	12.831	15.325	15.1	37.565	36.328	30.941	137.41	139.717	137.335	260.444	239.426	255.197
01:57:00	12.55	14.448	14.54	37.349	36.253	30.313	137.137	141.21	138.43	262.817	237.488	248.914
01:57:30	12.731	14.511	15.446	37.433	38.596	31.414	138.671	139.792	139.565	261.827	240.592	252.559
01:58:00	12.599	14.898	14.241	37.407	36.548	30.535	138.2	140.221	136.861	263.567	242.437	253.03
01:58:30	12.892	14.587	14.618	37.886	36.399	31.486	138.445	142.874	138.653	260.091	241.37	252.409
01:59:00	11.974	14.811	15.434	37.034	37.128	30.461	139.848	141.562	140.466	255.639	243.144	250.62
01:59:30	11.684	14.076	15.166	38.246	37.939	31.212	141.049	142.369	136.494	259.111	239.33	248.145
02:00:00	12.219	16.244	15.388	38.065	36.65	30.602	138.86	140.582	140.049	262.645	243.449	251.007