Time	25_1	25_2	25_3	50_1	50_2	50_3	100_1	100_2	100_3	150_1	150_2	150_3
00:00:00	64.181	69.089	73.295	125.424	135.38	132.377	261.334	256.397	257.745	368.328	356.679	355.469
00:00:30	62.71	61.815	69.348	121.099	129.208	127.866	257.181	250.125	250.131	355.521	347.997	353.247
00:01:00	59.796	60.669	66.199	116.218	124.089	121.093	244.205	240.497	239.698	338.769	329.108	339.449
00:01:30	55.948	58.645	62.087	112.986	118.638	114.04	235.141	233.072	232.874	334.049	320.575	328.074
00:02:00	54.303	55.253	61.668	111.716	114.699	109.642	228.107	224.761	224.657	334.041	319.091	323.873
00:02:30	52.919	53.55	58.926	106.702	110.677	106.358	220.384	213.286	216.941	328.449	309.065	320.937
00:03:00	51.574	52.97	56.07	105.367	107.718	102.204	211.522	210.493	210.672	318.141	305.397	315.209
00:03:30	48.309	51.038	55.57	98.573	104.028	100.708	209.566	208.051	208.329	319.528	300.965	313.063
00:04:00	48.35	49.732	51.355	99.376	104.617	99.702	204.214	202.88	200.473	318.653	294.826	306.696
00:04:30	45.07	48.778	49.237	98.699	100.944	96.846	202.554	200.968	197.545	313.182	294.088	309.442
00:05:00	42.869	47.06	49.684	94.645	100.283	95.385	203.349	199.602	196.437	315.212	301.483	307.07
00:05:30	44.185	45.604	46.695	93.578	97.794	93.132	199.444	195.73	194.265	311.897	295.431	304.086
00:06:00	41.768	45.196	45.481	89.329	97.979	91.894	195.079	193.643	192.663	306	296.98	301.986
00:06:30	40.411	43.519	44.759	87.642	92.65	90.144	196.075	189.509	189.753	306.496	289.415	303.723
00:07:00	39.164	43.166	43.336	87.965	93.198	88.072	191.026	188.763	186.231	310.414	288.753	299.154
00:07:30	38.518	42.299	41.122	87.322	93.63	85.986	187.54	188.568	187.616	304.505	294.191	301.808
00:08:00	37.48	41.436	41.797	84.79	89.037	84.721	184.066	188.224	185.05	305.026	287.724	301.318
00:08:30	35.679	40.088	40.247	84.707	89.539	85.61	192.637	186.4	185.217	306.133	290.753	298.168
00:09:00	35.244	38.384	40.195	82.473	87.209	83.348	185.029	183.048	184.783	307.053	287.699	295.369
00:09:30	35.341	37.752	39.298	82.886	86.992	83.455	186.457	181.984	181.795	303.391	286.282	297.294
00:10:00	34.904	36.972	37.433	81.825	85.848	80.884	187.901	183.187	182.193	303.187	291.35	298.651
00:10:30	32.931	37.202	37.32	80.056	85.812	80.571	185.186	182.384	179.427	301.036	286.614	297.407
00:11:00	31.879	37.931	36.583	80.537	84.936	78.533	182.521	182.841	180.799	301.38	287.028	295.611
00:11:30	32.651	35.786	36.711	78.156	83.051	79.85	182.969	181.994	181.6	304.513	286.54	296.28
00:12:00	33.009	36.594	35.545	79.942	82.429	80.612	185.277	184.157	180.469	301.109	287.112	297.74
00:12:30	31.175	36.43	34.557	77.481	80.146	77.035	185.409	181.227	180.471	299.742	285.289	293.585
00:13:00	31.427	34.896	35.357	75.897	79.548	76.647	184.782	181.847	178.362	299.386	287.096	296.274
00:13:30	30.161	32.596	35.089	76.034	80.155	75.413	181.598	180.621	177.467	297.785	288.421	295.471
00:14:00	29.572	34.133	32.437	74.468	81.442	73.894	182.234	178.204	177.991	297.7	286.273	294.822
00:14:30	30.039	33.47	33.634	73.177	77.182	73.959	180.011	180.525	177.813	302.18	287.656	295.231
00:15:00	30.09	33.651	34.845	73.251	78.275	73.99	184.311	184.147	177.983	301.482	286.777	293.293
00:15:30	28.804	31.75	31.52	73.452	78.46	73.906	181.175	180.054	178.883	300.118	285.823	295.723
00:16:00	28.49	33.24	32.792	73.022	75.346	73.425	182.599	179.893	174.431	298.717	286.302	292.604
00:16:30	28.591	30.171	32.009	69.981	76.44	73.849	182.163	177.81	174.548	300.364	282.053	293.375
00:17:00	28.134	30.777	31.443	69.191	74.951	73.473	178.09	178.734	177.72	300.929	282.919	296.101
00:17:30	27.192	30.843	31.644	71.203	72.385	74.083	183.085	179.001	175.047	298.701	287.312	295.132
00:18:00	28.129	31.922	31.853	71.175	73.545	71.65	179.623	178.931	177.004	300.71	287.053	290.913
00:18:30	27.351	29.949	30.886	71.101	72.251	70.114	179.333	178.921	178.571	302.596	287.533	288.353
00:19:00	26.444	29.842	31.175	69.066	73.021	71.365	179.593	180.226	174.878	306.599	289.529	292.629
00:19:30	26.162	29.777	30.138	69.684	70.279	72.595	182.268	179.046	178.118	302.156	286.424	297.762
00:20:00	26.944	29.982	31.201	68.267	69.884	68.458	180.027	179.154	177.634	302.767	283.27	294.975
00:20:30	26.229	29.289	30.786	66.89	71.512	70.67	177.984	176.455	175.969	297.401	285.275	290.515
00:21:00	26.445	29.873	30.53	68.593	70.955	69.539	176.444	175.489	174.869	300.99	283.794	291.529
00:21:30	24.963	28.706	29.79	67.974	70.505	69.932	178.999	176.41	176.976	300.19	285.86	294.953
00:22:00	23.958	29.224	30.422	68.641	71.324	69.667	180.114	177.849	176.923	300.938	287.279	294.223
00:22:30	26.281	27.169	30.228	67.696	68.539	67.217	181.502	177.738	174.137	300.692	285.946	296.49
00:23:00	24.882	28.195	29.242	66.893	68.619	68.996	181.161	176.343	177.68	300.316	287.536	292.018
00:23:30	25.898	27.685	29.379	67.379	66.765	67.291	181.13	178.601	177.331	300.011	283.52	298.118
00:24:00	24.934	27.009	27.872	68.238	67.516	65.86	180.297	178.258	173.348	300.972	282.1	293.31
00:24:30	25.991	26.318	29.104	67.541	66.397	65.989	180.286	180.223	177.968	303.671	291.007	296.337
00:25:00	23.736	27.647	28.179	65.747	66.863	66.735	177.806	177.111	177.523	300.275	285.749	296.163
00:25:30	24.274	26.674	27.853	63.475	66.443	66.522	179.636	177.716	174.509	301.286	283.327	293.776
00:26:00	24.339	27.189	27.472	65.526	65.634	65.656	178.612	176.42	175.245	297.372	289.433	295.293
00:26:30	23.559	27.112	28.017	65.36	67.006	63.226	180.494	176.594	176.061	305.258	288.635	293.33
00:27:00	24.203	25.699	26.904	65.525	65.675	65.752	179.423	176.206	174.585	300.454	284.953	294.606
00:27:30	23.614	26.404	27.225	64.403	66.055	62.984	182.276	173.227	176.514	302.171	288.504	291.207
00:28:00	22.892	26.617	27.817	66.151	62.9	62.65	181.936	176.221	176.185	300.063	288.941	297.083
00:28:30	22.625	25.926	27.696	65.122	64.639	62.419	178.517	175.468	175.586	298.141	283.872	294.109
00:29:00	23.584	24.949	26.731	63.703	65.409	63.747	179.33	177.413	174.166	300.974	283.722	295.858
00:29:30	23.13	26.39	25.911	64.112	63.814	63.557	181.655	179.058	178.194	299.504	286.415	297.588
00:30:00	22.892	25.014	26.254	65.516	63.777	64.066	181.64	181.041	176.594	304.578	286.15	295.369
00:30:30	22.79	25.859	26.944	63.753	65.067	62.035	180.347	181.454	176.346	301.746	294.071	296.652
00:31:00	23.48	25.423	26.903	63.557	64.412	62.125	180.193	179.44	176.229	301.732	288.524	295.095
00:31:30	22.325	26.079	26.863	63.06	63.458	62.9	180.375	181.272	174.433	302.23	288.922	296.353
00:32:00	22.679	23.867	26.491	61.924	63.349	61.972	180.187	176.413	176.549	303.664	291.145	297.036
00:32:30	22.586	24.723	26.214	63.111	61.475	61.214	179.633	176.985	175.963	302.516	288.055	295.751
00:33:00	22.657	24.401	25.739	64.374	63.458	62.244	180.36	178.8	177.722	298.853	287.624	299.364
00:33:30	22.386	24.802	27.507	63.401	63.063	62.586	181.078	173.689	173.786	305.251	290.211	295.508
00:34:00	22.386	23.787	25.515	62.317	61.889	60.039	179.722	174.057	177.34	302.747	286.63	297.139
00:34:30	22.429	25.451	25.956	61.287	61.935	59.913	180.804	180.058	177.51	304.748	292.43	297.728
00:35:00	22.005	24.231	25.562	63.531	63.676	59.162	181.182	180.012	176.291	301.959	284.55	296.29
00:35:30	22.514	25.083	25.994	63.739	62.733	59.916	183.884	181.279	177.519	308.298	292.287	297.534
00:36:00	21.78	24.659	24.963	61.471	62.236	58.213	178.408	180.661	173.928	301.711	288.795	295.293
00:36:30	21.526	22.85	26.746	62.774	60.803	59.445	178.777	181.494	176.865	304.838	288.198	298.352
00:37:00	21.181	24.292	24.792	62.603	63.388	61.147	181.464	179.595	177.38	303.548	287.442	296.879
00:37:30	22.807	24.267	25.108	62.22	62.416	61.056	183.811	179.035	178.53	306.116	293.555	296.973
00:38:00	20.865	22.766	24.314	62.404	61.564	61.324	180.816	179.155	176.86	306.708	292.491	299.856
00:38:30	21.309	23.763	25.18	63.277	60.523	60.097	184.732	181.253	178.533	305.752	292.114	296.118
00:39:00	22.272	23.644	23.921	60.898	62.436	59.856	182.175	181.241	178.099	305.945	290.718	299.38
00:39:30	21.266	24.984	24.627	62.742	60.419	60.694	182.677	179.715	179.011	306.911	291.977	295.556
00:40:00	21.067	22.929	24.856	63.038	63.05	59.959	180.054	178.463	180.921	309.516	293.187	295.186
00:40:30	22.04	23.539	24.042	60.731	61.442	58.966	182.876	182.654	179.407	307.224	289.261	299.773
00:41:00	22.45	23.693	25.862	63.194	60.773	59.071	184.527	178.664	181.075	306.886	292.045	297.626
00:41:30	21.768	23.836	24.838	63.152	60.928	60.677	184.313	180.628	178.891	304.636	288.761	297.392
00:42:00	20.962	23.538	24.645	60.801	61.449	60.622	180.444	183.324	179.837	307.666	290.522	299.279
00:42:30	20.884	23.119	25.232	61.76	61.184	60.527	184.321	176.217	179.713	305.815	287.955	296.478
00:43:00	21.808	22.087	25.283	60.725	60.088	61.304	185.225	182.699	178.107	308.324	287.165	302.71
00:43:30	21.247	22.721	24.855	61.088	60.426	58.815	181.314	184.236	178.294	306.869	288.859	302.046
00:44:00	22.151	22.003	24.911	61.886	61.153	58.504	182.099	182.237	180.81	305.06	292.256	298.514
00:44:30	21.106	23.003	24.396	61.134	60.456	61.24	182.206	184.137	179.764	303.828	291.386	300.427
00:45:00	21.433	23.202	25.393	61.081	59.97	58.15	180.31	180.837	177.756	306.621	291.665	299.698
00:45:30	21.952	23.172	23.688	61.278	61.062	59.721	183.244	182.349	178.473	304.878	289.204	299.574
00:46:00	21.091	23.276	24.712	60.238	60.456	58.472	180.627	180.225	179.966	309.87	290.722	298.156
00:46:30	21.058	21.719	23.279	60.601	61.206	60.719	184.59	182.898	182.178	308.374	292.315	302.882
00:47:00	21.041	23.96	25.069	60.376	60.455	58.041	185.262	184.211	181.718	304.384	294.198	305.615
00:47:30	21.061	22.961	24.723	59.707	60.076	58.706	183.016	182.623	182.612	309.609	293.697	301.611
00:48:00	20.827	22.669	24.551	61.455	61.257	59.651	183.507	181.466	178.681	308.157	291.823	303.542
00:48:30	20.474	22.322	24.508	61.937	60.604	56.454	183.852	182.865	180.438	309.424	292.178	301.372
00:49:00	21.121	22.533	24.633	62.226	59.84	58.144	186.92	183.154	177.812	306.779	291.284	307.04
00:49:30	20.947	22.12	23.476	60.649	59.103	57.769	184.057	184.373	183.52	308.855	293.349	300.512
00:50:00	20.459	23.638	23.284	60.157	61.28	58.884	185.345	182.97	180.964	309.692	290.439	298.966
00:50:30	21.108	22.99	23.667	61.968	59.738	55.727	185.806	183.024	179.79	309.202	293.519	303.397
00:51:00	21.51	21.226	23.959	60.478	59.123	59.49	186.024	184.159	181.764	309.495	293.974	303.173
00:51:30	20.908	22.605	24.442	62.908	59.912	57.667	184.632	185.475	184.364	308.037	293.995	297.965
00:52:00	20.626	21.899	25.057	60.678	59.023	57.536	186.027	181.296	184.3	308.819	297.214	302.968
00:52:30	20.209	21.621	22.954	59.308	59.886	58.843	187.935	183.317	182.178	313.506	294.382	308.039
00:53:00	20.22	21.574	23.366	57.74	60.189	56.333	185.667	182.56	183.483	307.131	293.213	303.533
00:53:30	20.829	22.745	23.041	60.894	58.312	57.409	185.216	183.728	183.43	310.067	295.366	305.586
00:54:00	20.673	22.856	23.07	60.791	60.592	56.385	185.201	185.134	179.723	308.33	296.115	304.767
00:54:30	20.837	21.724	23.897	59.315	59.46	57.907	185.354	183.113	180.708	307.841	292.446	299.957
00:55:00	19.884	21.547	23.324	59.875	59.147	57.476	183.016	181.895	180.217	312.867	292.806	303.551
00:55:30	19.524	22.845	24.048	58.978	58.688	57.107	188.115	180.747	182.417	312.055	294.405	301.756
00:56:00	20.766	22.467	23.93	59.066	58.9	58.014	187.086	185.163	184.159	313.527	294.877	305.987
00:56:30	20.162	22.436	22.248	59.166	59.4	57.229	188.91	180.926	184.207	316.696	291.905	303.32
00:57:00	20.094	21.841	24.232	59.032	57.978	56.803	189.38	185.311	180.101	312.055	296.843	307.728
00:57:30	21.067	21.748	23.96	58.937	58.859	58.28	186.943	185.949	185.116	314.55	296.312	308.98
00:58:00	21.277	21.325	23.099	57.064	58.606	57.844	190.669	185.148	184.57	317.615	298.992	306.329
00:58:30	19.731	22.015	23.281	56.839	58.599	57.062	189.352	183.475	185.835	309.577	300.181	302.665
00:59:00	20.115	22.612	23.411	57.896	58.17	59.725	186.143	188.477	181.515	311.722	300.926	303.345
00:59:30	20.291	22.4	23.124	58.135	57.004	58.069	184.129	185.299	183.736	308.708	297.743	302.358
01:00:00	20.164	20.441	23.853	56.158	60.158	57.054	189.754	186.196	182.988	313.852	297.999	303.963
01:00:30	20.051	22.2	23.551	56.008	58.284	57.82	190.676	186.535	185.097	317.66	295.574	303.576
01:01:00	19.615	20.841	24.098	57.407	60.277	56.338	189.027	187.566	184.315	311.194	298.88	306.865
01:01:30	19.077	21.93	22.726	54.838	58.443	57.873	187.139	187.234	187.818	315.282	297.687	309.317
01:02:00	19.982	21.731	22.697	58.582	59.026	58.742	192.047	185.718	184.66	317.407	300.455	307.894
01:02:30	19.875	22.243	22.216	56.531	57.821	57.138	186.277	186.663	183.389	310.869	299.815	303.388
01:03:00	20.918	22.609	23.067	55.716	57.024	57.205	189.433	188.941	185.504	310.035	299.001	307.007
01:03:30	20.573	21.472	23.01	57.446	58.473	56.694	190.196	188.53	184.729	312.851	303.285	310.138
01:04:00	20.923	22.448	24.143	57.16	57.598	58.251	191.308	188.595	186.844	314.298	296.731	307.193
01:04:30	19.1	21.171	23.711	55.457	57.977	57.844	190.411	188.583	186.673	318.273	300.884	310.749
01:05:00	20.529	22.699	22.571	56.884	56.002	56.633	189.418	184.776	186.01	314.253	299.152	304.303
01:05:30	19.15	20.674	23.678	55.264	58.209	56.448	190.209	187.939	184.982	316.872	300.382	306.741
01:06:00	19.326	21.278	23.424	56.1	58.277	58.584	191.155	189.451	186.463	315.666	301	311.067
01:06:30	19.196	21.373	22.983	54.982	56.394	56.872	190.533	186.086	186.611	307.19	299.475	304.147
01:07:00	20.418	22.113	23.202	56.272	60.101	56.504	192	188.496	187.1	322.307	304.545	307.513
01:07:30	20	22.418	23.348	55.17	57.675	56.654	190.209	187.838	187.526	314.761	301.77	311.293
01:08:00	20.144	21.505	22.782	56.381	59.269	57.037	191.431	187.01	185.035	318.932	298.958	306.956
01:08:30	19.592	22.867	24.089	56.867	57.788	56.351	193.307	191.379	189.727	318.922	299.746	309.829
01:09:00	19.615	21.868	22.811	56.132	59.752	57.389	187.849	187.018	184.925	319.297	302.548	307.164
01:09:30	20.346	20.729	21.558	54.858	57.746	56.255	190.346	184.395	185.982	318.116	299.563	313.458
01:10:00	20.609	21.867	22.936	54.581	57.551	55.791	191.581	187.944	184.24	318.433	301.444	311.111
01:10:30	20.888	21.52	22.551	57.237	57.057	57.596	193.919	190.217	188.034	320.027	299.609	313.181
01:11:00	19.833	21.742	23.121	55.378	56.534	55.863	191.75	187.216	186.364	320.009	303.599	311.163
01:11:30	19.465	20.804	24.083	55.95	56.873	55.265	191.339	192.252	188.022	315.019	301.378	308.652
01:12:00	19.185	20.935	22.057	55.11	57.462	56.856	192.284	188.143	185.949	318.603	305.543	305.918
01:12:30	20.233	21.038	22.821	54.593	57.569	57.467	190.561	186.666	187.448	318.21	303.088	312.064
01:13:00	19.91	21.902	23.683	55.932	57.363	55.849	191.88	187.719	188.323	320.536	307.397	310.68
01:13:30	20.03	20.896	24.089	55.087	56.399	57.469	191.339	191.018	189.195	317.748	301.985	314.278
01:14:00	20.4	21.691	23.245	53.551	56.973	56.244	194.727	190.094	189.269	317.564	303.124	312.142
01:14:30	20.36	21.018	22.419	55.735	58.268	56.504	193.021	187.965	187.516	316.099	304.44	313.948
01:15:00	19.31	20.515	23.892	53.081	57.95	55.409	191.146	188.143	187.946	317.472	304.234	310.655
01:15:30	20.053	20.904	23.443	54.235	56.771	56.487	194.651	185.327	188.849	320.387	304.599	309.944
01:16:00	19.921	21.088	23.742	54.889	56.748	56.602	193.482	192.347	187.805	321.147	306.456	313.219
01:16:30	19.768	21.628	23.328	54.1	56.66	55.637	189.537	189.309	187.436	319.128	301.161	312.666
01:17:00	19.537	22.421	22.517	54.143	55.043	57.707	194.735	189.634	189.256	319.249	307.264	311.159
01:17:30	20.317	20.739	22.844	53.485	56.292	55.098	192.123	188.129	186.862	314.097	305.731	310.756
01:18:00	20.167	21.052	23.027	53.174	56.844	55.815	192.917	190.772	189.782	323.329	304.478	313.689
01:18:30	19.806	21.14	22.28	53.89	57.828	55.275	193.087	190.157	190.238	323.863	303.788	315.19
01:19:00	18.739	21.765	24.648	52.683	57.94	56.717	194.451	194.601	192.085	319.425	305.143	313.473
01:19:30	20.04	22.296	23.44	53.963	56.211	55.136	193.477	188.037	188.707	322.141	306.796	318.526
01:20:00	20.1	22.393	23.785	54.832	56.744	55.859	195.576	195.231	188.058	322.621	305.224	315.352
01:20:30	20.142	20.986	22.792	55.598	58.285	57.643	197.637	192.145	191.682	325.113	309.883	314.028
01:21:00	19.859	21.029	23.246	56.418	56.724	56.189	195.259	192.834	190.341	321.18	305.361	313.096
01:21:30	19.468	21.789	22.112	54.098	57.66	56.114	194.711	195.093	190.715	324.263	305.142	314.184
01:22:00	20.604	21.409	23.177	54.757	59.101	57.656	195.018	193.209	193.451	324.814	311.436	312.881
01:22:30	19.279	21.33	23.51	54.787	58.036	56.082	196.473	193.576	191.427	321.931	305.178	316.356
01:23:00	19.665	22.125	22.737	53.724	58.161	57.304	198.469	194.282	195.676	322.069	303.637	316.32
01:23:30	19.841	22.435	23.613	54.99	58.448	56.612	196.414	190.41	194.895	325.205	308.666	313.913
01:24:00	20.748	20.968	22.044	54.48	57.724	56.403	197.107	193.981	194.179	327.393	309.657	318.721
01:24:30	19.737	21.073	22.654	53.669	57.114	54.56	196.6	191.722	192.68	320.929	304.962	314.899
01:25:00	19.486	22.109	23.11	53.063	55.35	56.358	194.507	192.416	190.674	323.576	304.092	316.13
01:25:30	19.821	20.063	22.141	53.657	57.595	56.418	194.696	191.737	194.013	322.035	306.499	320.135
01:26:00	19.273	21.894	23.295	54.733	55.947	57.638	198.755	192.098	195.311	327.264	307.755	315.689
01:26:30	19.015	21.581	23.109	54.7	56.501	56.237	198.509	193.894	193.176	327.855	307.344	317.237
01:27:00	19.524	21.782	23.443	52.385	58.38	55.806	194.118	195.129	194.083	327.815	308.506	318.467
01:27:30	19.393	20.892	23.07	54.173	56.302	56.795	196.018	190.528	191.449	321.357	305.263	312.839
01:28:00	20.399	21.399	24.211	55.152	56.021	56.69	197.689	197.274	194.922	320.796	308.48	314.978
01:28:30	20.514	21.941	23.277	54.021	56.459	55.829	199.256	196.784	192.396	324.282	310.855	320.012
01:29:00	19.737	21.303	21.791	55.59	56.301	57.818	198.4	193.006	192.791	325.043	311.998	316.642
01:29:30	19.498	21.764	22.628	54.837	55.995	56.505	198.513	195.248	190.054	325.155	309.458	316.779
01:30:00	20.534	21.313	22.905	53.071	56.16	57.585	196.996	196.898	195.126	326.263	309.434	322.134
01:30:30	19.255	22.122	23.403	54.253	57.502	55.689	197.213	193.647	193.146	328.67	306.608	322.429
01:31:00	19.816	20.234	22.941	53.282	55.859	53.463	197.867	195.823	193.404	322.339	308.341	317.456
01:31:30	19.15	21.201	24.209	54.403	54.794	55.495	196.737	193.788	193.934	325.961	314.913	321.591
01:32:00	19.471	22.148	21.844	52.776	57.722	55.757	197.574	193.603	191.443	323.418	312.265	320.211
01:32:30	20.714	20.516	22.718	53.811	56.63	57.335	197.862	195.065	192.517	329.253	311.444	315.365
01:33:00	20.361	21.383	22.897	54.733	57.288	57.798	199.42	192.67	197.073	329.716	310.029	321.957
01:33:30	19.976	21.616	22.316	53.929	57.029	55.896	200.907	195.554	197.352	328.58	312.603	320.142
01:34:00	19.686	20.093	23.372	54.522	57.01	57.998	197.074	194.569	195.481	326.964	306.277	318.426
01:34:30	20.004	21.345	23.126	53.666	56.294	56.096	198.585	195.625	195.335	325.58	309.816	319.48
01:35:00	19.556	21.436	22.885	52.975	55.138	54.788	201.21	195.461	195.715	324.321	312.592	318.724
01:35:30	20.673	21.169	22.749	54.006	57.238	56.762	199.778	198.471	193.993	331.854	314.795	319.34
01:36:00	20.349	20.86	22.193	55.391	56.947	57.438	199.45	197.543	199.115	324.147	313.595	321.416
01:36:30	20.004	22.144	23.392	53.701	56.611	54.972	202.155	198.071	194.597	329.527	312.713	318.704
01:37:00	19.872	21.442	23.167	54.469	57.578	56.193	198.097	198.082	197.904	332.88	311.42	324.07
01:37:30	19.876	21.362	22.921	53.717	57.793	53.966	198.336	198.231	193.165	323.913	309.088	321.058
01:38:00	20.3	22.374	22.415	53.673	56.741	56.252	200.375	195.359	194.711	327.422	312.987	320.305
01:38:30	19.332	20.442	23.084	52.823	56.875	56.185	204.029	195.091	193.141	331.213	312.603	323.582
01:39:00	19.695	22.183	23.217	54.432	56.808	56.128	199.845	195.83	195.02	331.899	315.63	321.578
01:39:30	20.424	21.636	23.142	54.151	56.942	57	205.112	197.128	197.31	334.174	319.517	323.703
01:40:00	19.995	20.523	22.125	53.601	55.616	56.947	200.238	197.246	196.035	332.079	311.225	319.854
01:40:30	21.477	21.547	22.696	53.469	56.768	55.575	201.675	200.211	196.226	331.413	315.154	320.084
01:41:00	21.378	21.741	24.69	53.666	57.638	55.189	198.803	201.742	198.844	328.298	315.785	321.099
01:41:30	19.976	19.859	23.141	52.767	56.308	55.802	201.665	195.559	196.651	328.118	312.037	323.215
01:42:00	20.465	20.611	22.926	54.411	57.199	56.768	200.266	201.269	196.933	333.019	317.503	325.01
01:42:30	20.233	22.153	23.478	53.935	57.616	56.202	200.289	199.955	196.677	332.044	312.373	324.172
01:43:00	19.981	21.58	23.083	54.977	57.234	55.956	201.674	199.15	194.398	333.606	311.036	319.397
01:43:30	20.754	20.677	23.104	55.689	57.501	57.466	204.716	200.728	197.286	335.645	314.782	326.451
01:44:00	20.128	22.042	22.303	54.324	57.524	54.283	202.811	194.546	198.192	328.826	311.647	324.792
01:44:30	21.034	22.357	23.061	56.369	55.376	57.421	202.801	199.382	195.479	329.322	316.469	321.693
01:45:00	21.467	21.136	23.115	54.491	56.21	55.264	204.41	203.204	197.6	330.897	319.58	321.884
01:45:30	20.185	21.211	22.888	55.149	57.172	56.9	205.527	201.139	198.547	332.65	318.831	321.968
01:46:00	20.515	21.463	21.794	55.192	55.969	54.517	203.589	201.83	202.858	333.672	315.871	322.564
01:46:30	19.937	22.058	24.602	55.558	57.325	56.036	205.137	200.023	199.314	335.06	318.41	324.838
01:47:00	19.04	21.898	22.039	55.817	57.718	56.24	204.078	200.762	201.203	336.823	315.251	324.12
01:47:30	20.361	21.901	21.92	54.434	57.695	57.406	205.108	199.414	198.908	333.651	315.352	325.633
01:48:00	19.645	21.485	22.495	54.165	58.135	54.274	205.359	200.408	200.104	339.238	316.869	321.829
01:48:30	20.152	22.009	23.254	54.328	57.938	55.595	203.263	201.065	198.293	334.201	318.653	328.036
01:49:00	19.985	21.882	23.477	54.646	55.519	54.875	206.305	202.443	198.665	335.135	324.894	328.521
01:49:30	20.616	21.736	23.457	55.32	55.93	54.801	202.54	202.965	197.637	335.149	319.764	325.09
01:50:00	19.25	20.846	23.803	55.158	56.095	56.59	203.764	201.582	197.74	330.076	318.171	322.092
01:50:30	19.649	21.515	23.073	54.912	57.302	56.227	201.269	203.978	199.85	336.647	319.755	327.193
01:51:00	21.516	22.029	22.889	52.396	57.177	57.193	206.586	199.423	203.179	337.286	316.694	326.61
01:51:30	19.412	21.324	23.62	53.038	55.294	56.71	201.871	199.874	200.535	330.394	318.958	323.463
01:52:00	20.805	21.017	23.109	55.434	56.764	58.167	209.086	201.476	203.951	333.401	319.683	323.726
01:52:30	20.798	20.779	23.77	56.574	56.387	55.975	205.399	204.24	200.564	337.654	322.026	328.884
01:53:00	19.998	20.922	22.569	54.868	56.681	56.274	212.037	203.758	198.454	331.133	316.448	321.855
01:53:30	19.954	22.023	22.553	55.107	57.028	55.373	206.477	204.176	201.618	331.939	321.234	325.069
01:54:00	20.33	21.185	23.994	56.556	56.256	55.572	206.042	200.842	204.934	334.657	320.081	324.143
01:54:30	19.265	21.666	23.294	54.315	56.935	56.765	207.219	202.997	200.599	335.414	319.082	325.879
01:55:00	19.97	20.669	23.593	55.51	55.155	56.413	202.243	200.311	203.384	335.149	320.908	328.036
01:55:30	19.595	20.788	23.363	54.204	55.98	56.698	210.72	203.575	201.318	338.766	324.251	329.45
01:56:00	20.301	21.65	22.134	56.901	58.246	56.701	207.826	204.639	205.061	340.738	322.198	326.941
01:56:30	20.497	20.803	22.457	55.802	57.331	54.795	210.617	202.411	203.934	340.599	322.374	331.347
01:57:00	20.71	22.359	22.287	53.899	56.817	55.659	206.514	203.929	202.187	332.361	319.654	327.904
01:57:30	21.215	21.458	23.438	53.24	55.502	57.199	207.568	204.901	203.235	335.271	318.897	327.286
01:58:00	21.768	22.432	23.863	56.416	56.595	56.189	209.268	206.899	200.82	335.08	319.251	323.841
01:58:30	19.381	21.403	23.733	54.75	57.697	56.712	204.259	203.196	206.958	338.474	323.514	332.921
01:59:00	20.597	20.514	22.725	55.168	57.759	56.882	207.405	206.079	203.336	341.025	323.135	330.142
01:59:30	19.962	21.779	23.191	54.035	57.23	56.345	207.542	203.106	202.73	336.481	322.153	330.35
02:00:00	20.865	21.526	23.136	55.566	56.602	56.257	211.121	205.459	204.5	342.296	323.353	334.308