Time	25_1	25_2	25_3	50_1	50_2	50_3	100_1	100_2	100_3	150_1	150_2	150_3
00:00:00	64.637	65.53	64.489	129.873	134.051	138.111	249.018	243.345	248.01	373.841	360.162	364.48
00:00:30	60.308	59.089	62.621	123.41	126.311	132.319	244.197	236.92	242.695	357.669	357.023	351.504
00:01:00	54.177	58.835	56.893	118.905	120.49	122.287	236.275	231.752	228.128	344.335	343.04	342.757
00:01:30	50.533	54.261	54.596	113.614	114.108	118.041	231.474	221.124	220.463	336.021	326.586	329.9
00:02:00	50.881	50.968	50.984	107.458	112.24	112.868	223.217	213.786	215.273	326.129	321.751	321.165
00:02:30	47.862	49.922	48.768	101.959	108.52	110.008	213.109	202.573	206.011	321.943	312.389	314.486
00:03:00	45.326	46.414	48.855	98.697	106.263	104.054	202.784	198.579	200.504	315.151	306.549	306.838
00:03:30	44.124	45.478	46.067	99.526	103.416	104.212	197.088	193.169	194.95	315.546	304.431	307.886
00:04:00	41.842	41.778	42.223	95.116	100.372	97.612	195.269	187.67	190.658	310.032	298.412	302.643
00:04:30	39.67	40.954	42.686	91.299	97.118	97.849	190.584	184.755	184.77	305.415	301.344	294.496
00:05:00	38.073	41.148	41.029	93.997	97.888	96.013	187.413	182.883	183.228	309.287	302.97	301.514
00:05:30	37.656	38.684	38.987	88.342	94.731	91.185	184.535	179.77	177.875	305.27	298.043	297.731
00:06:00	37.462	37.989	38.777	86.477	91.092	91.476	182.734	173.928	173.915	303.727	296.337	293.651
00:06:30	36.403	36.162	38.942	82.211	90.5	87.667	180.834	172.392	172.077	301.177	292.634	292.659
00:07:00	34.66	32.411	35.878	83.533	86.325	85.533	177.094	169.565	173.067	302.255	291.493	292.333
00:07:30	33.948	33.082	35.809	82.17	84.535	85.973	174.536	168.089	172.036	296.864	290.375	293.517
00:08:00	33.781	32.875	34.753	79.695	84.462	86.047	171.407	162.346	168.471	295.827	286.225	287.668
00:08:30	31.382	31.795	33.606	79.196	84.139	82.53	171.921	164.661	167.442	297.72	284.338	285.158
00:09:00	31.549	29.899	34.189	79.555	81.898	78.757	169.275	163.002	164.14	289.788	285.503	287.681
00:09:30	30.954	30.593	32.46	74.398	80.511	78.741	170.343	159.889	165.106	290.958	283.012	285.608
00:10:00	29.736	29.54	31.882	73.979	78.869	80.52	168.966	163.361	162.876	289.866	282.439	282.012
00:10:30	28.801	27.547	30.712	75.166	81.213	77.876	165.803	158.852	163.816	288.381	283.912	285.641
00:11:00	28.559	27.139	29.438	73.784	78.598	75.066	164.252	158.688	158.633	287.254	281.907	282.705
00:11:30	28.605	27.618	28.325	71.729	75.326	75.792	164	156.773	162.247	288.117	286.073	277.754
00:12:00	27.237	25.464	29.588	69.573	76.831	73.989	161.66	156.547	161.708	290.426	280.055	281.705
00:12:30	27.612	26.005	28.88	70.018	74.618	76.966	163.363	158.588	159.146	293.549	280.864	281.649
00:13:00	25.621	25.788	29.303	70.454	73.497	73.103	163.467	153.785	158.787	282.849	278.138	279.901
00:13:30	25.909	23.856	28.163	69.944	73.477	73.268	159.384	155.664	157.61	288.62	276.672	282.995
00:14:00	24.9	24.475	28.208	67.849	73.28	71.406	161.529	153.617	156.488	285.959	279.124	279.16
00:14:30	24.637	24.605	25.766	67.3	69.959	71.81	160.486	152.561	154.37	284.827	277.68	276.326
00:15:00	25.012	24.349	27.491	65.691	70.319	71.91	157.655	155.735	159.614	287.676	281.657	280.076
00:15:30	25.192	22.368	25.223	66.923	69.988	69.756	161.038	151.738	157.193	286.917	274.037	278.606
00:16:00	25.294	22.447	25.958	65.65	69.978	69.276	161.235	152.649	154.473	285.375	275.778	280.635
00:16:30	24.256	22.156	23.669	63.639	67.999	68.154	158.844	150.658	147.785	281.883	276.169	278.428
00:17:00	22.258	23.356	24.686	64.077	67.808	69.141	159.51	151.866	152.595	280.266	277.838	279.114
00:17:30	22.736	21.269	24.974	64.753	66.432	66.372	157.043	151.917	153.469	281.61	275.639	281.639
00:18:00	22.747	21.695	24.351	63.609	64.831	66.442	158.221	152.758	153.698	283.307	276.309	277.814
00:18:30	21.985	21.457	24.029	61.181	65.005	64.139	158.963	150.491	151.116	281.261	275.562	278.467
00:19:00	21.276	21.162	23.631	61.499	65.752	64.265	155.885	148.111	150.934	278.582	276.369	273.135
00:19:30	21.829	20.881	23.559	61.869	65.394	64.004	157.502	148.918	151.55	283.262	276.216	276.22
00:20:00	20.752	20.552	23.36	60.046	64.191	63.744	157.506	147.862	151.745	282.489	276.946	277.158
00:20:30	21.102	19.557	22.815	60.51	63.096	62.657	156.615	148.603	151.011	282.202	275.384	275.628
00:21:00	21.02	19.825	23.063	61.587	63.713	64.487	155.165	148.227	149.721	276.861	274.52	275.031
00:21:30	21.111	19.535	22.094	59.271	64.043	65.241	152.071	147.997	151.194	281.533	274.506	274.114
00:22:00	20.407	19.485	20.853	60.353	63.346	60.256	154.771	144.991	148.562	278.973	273.689	272.711
00:22:30	19.952	19.547	21.489	59.461	61.186	61.077	155.655	146.883	150.056	283.117	272.789	275.839
00:23:00	19.778	19.119	21.184	58.871	61.59	62.669	150.998	144.148	149.993	276.304	271.952	272.747
00:23:30	19.56	19.131	19.613	55.233	60.239	62.893	152.929	146.752	150.236	276.133	271.604	274.685
00:24:00	18.326	18.284	20.596	56.583	61.513	60.208	154.916	146.876	150.204	281.47	271.217	273.216
00:24:30	19.314	19.108	20.473	55.439	59.173	59.798	152.803	146.464	147.379	274.481	275.346	273.119
00:25:00	18.504	18.226	18.895	55.048	59.955	59.022	152.192	145.86	148.6	277.151	269.074	274.658
00:25:30	18.92	17.616	19.574	53.944	58.101	58.277	149.397	143.593	149.669	276.099	270.747	272.986
00:26:00	19.439	17.624	19.959	54.575	57.73	57.461	151.976	143.99	149.578	280.147	272	271.327
00:26:30	17.841	17.717	20.454	57.198	57.67	58.127	151.37	143.99	146.739	272.263	267.49	271.028
00:27:00	18.283	16.801	19.308	55.221	57.29	55.715	147.979	145.887	147.274	277.59	271.712	270.034
00:27:30	18.111	17.337	19.097	54.749	58.489	55.329	147.638	142.759	146.178	274.824	272.182	268.996
00:28:00	17.391	15.789	19.505	55.521	58.083	56.492	153.339	143.589	148.414	275.813	272.956	268.985
00:28:30	17.034	17.457	18.557	53.697	58.042	54.291	149.139	141.981	145.844	273.514	266.258	271.38
00:29:00	18.199	16.648	19.616	53.793	57.09	55.188	149.478	141.728	145.85	281.682	267.912	272.467
00:29:30	17.913	17.4	18.57	53.364	56.566	55.746	150.694	142.66	145.917	274.245	266.406	271.969
00:30:00	17.829	17.36	18.624	52.783	56.621	53.862	150.442	143.98	148.509	276.308	267.67	271.802
00:30:30	17.695	16.512	18.317	52.128	56.195	54.028	146.639	145.279	148.158	276.779	270.467	269.251
00:31:00	16.725	16.441	18.71	51.135	55.835	51.898	148.252	144.589	148.985	276.708	269.85	271.941
00:31:30	17.864	16.433	17.581	50.931	55.307	52.998	148.235	142.926	141.865	275.347	269.875	271.548
00:32:00	16.434	16.079	18.091	53.165	54.49	51.965	148.411	144.177	144.064	274.55	269.278	269.554
00:32:30	16.536	16.418	16.679	50.913	55.063	52.898	149.029	141.914	147.054	273.564	268.401	268.791
00:33:00	16.344	15.875	17.668	50.751	55.464	52.267	149	143.789	143.768	272.751	262.786	268.357
00:33:30	16.749	15.977	18.26	50.663	53.254	51.778	148.607	141.924	142.505	272.304	266.791	265.751
00:34:00	16.123	15.815	18.092	51.246	52.786	50.084	145.688	139.05	143.026	273.58	267.73	270.411
00:34:30	16.691	16.175	16.562	50.308	54.652	50.628	148.514	141.109	144.131	273.35	266.969	271.247
00:35:00	15.261	16.013	17.97	49.28	52.624	51.768	146.908	139.152	143.08	270.972	263.438	266.993
00:35:30	16.003	14.977	17.219	50.932	51.933	49.604	149.551	140.323	144.412	273.912	269.486	268.043
00:36:00	16.426	15.974	16.835	51.36	54.809	49.432	147.045	142.249	145.351	272.637	265.605	267.833
00:36:30	15.408	15.82	17.679	50.495	52.805	50.538	148.639	140.97	142.84	271.546	268.101	269.728
00:37:00	15.841	15.252	17.117	50.314	52.924	49.849	148.73	139.649	141.774	275.806	267.968	267.613
00:37:30	15.191	14.844	17.003	47.638	51.179	47.482	146.21	140.925	143.314	276.038	267.372	266.929
00:38:00	15.101	14.814	16.785	48.245	50.695	47.945	148.616	139.094	143.713	271.405	269.222	266.602
00:38:30	14.923	15.99	17.145	47.005	50.991	47.101	148.404	138.81	142.862	270.931	266.279	268.62
00:39:00	14.648	15.211	16.157	48.208	49.267	46.983	149.538	143.597	147.374	275.584	267.669	263.862
00:39:30	14.102	15.319	16.279	47.397	52.595	49.04	147.008	139.091	142.311	273.893	271.972	267.518
00:40:00	14.924	15.37	16.065	49.399	50.312	46.657	147.901	139.557	146.413	272.131	270.886	265.553
00:40:30	15.064	15.524	15.261	48.144	50.365	45.33	145.583	138.19	141.156	268.901	265.572	266.937
00:41:00	15.024	14.542	16.52	46.068	51.065	44.765	145.61	139.719	139.83	275.007	267.088	266.423
00:41:30	14.386	13.938	15.829	45.58	49.11	47.683	147.59	138.586	142.845	272.722	265.635	266.243
00:42:00	15.638	14.321	16.01	49.806	49.008	47.15	147.883	138.313	143.643	269.651	270.435	270.468
00:42:30	13.967	15.628	14.841	47.402	48.643	45.454	146.419	136.679	141.332	274.087	265.433	266.357
00:43:00	14.265	14.481	16.813	46.813	51.053	45.899	144.434	139.471	139.829	274.402	263.547	262.947
00:43:30	14.3	15.033	15.602	47.729	49.248	46.075	147.203	136.114	142.016	272.696	268.996	263.872
00:44:00	14.828	15.574	15.266	45.131	48.935	45.874	147.604	138.069	141.533	272.275	261.972	261.514
00:44:30	14.813	14.313	15.491	46.317	49.487	45.213	146.178	135.666	143.3	267.15	263.334	263.671
00:45:00	14.51	14.397	16.234	44.653	49.371	45.021	147.125	135.817	141.492	271.364	269.331	266.711
00:45:30	14.504	15.92	15.033	46.087	48.282	44.139	144.632	138.504	142.283	272.414	264.229	265.978
00:46:00	14.375	14.37	14.733	44.406	48.69	43.911	145.375	138.056	141.689	271.053	265.686	264.805
00:46:30	14.928	14.425	14.939	44.962	46.877	44.74	146.859	136.079	139.865	269.412	266.082	265.018
00:47:00	14.427	14.484	15.499	45.456	47.366	44.113	143.463	139.208	140.623	267.394	264.193	263.568
00:47:30	14.198	13.98	15.021	45.09	48.901	42.415	142.918	138.942	142.587	267.334	264.071	268.893
00:48:00	13.986	13.676	14.981	47.16	48.847	42.869	142.869	136.498	139.41	272.439	265.871	267.1
00:48:30	14.903	13.135	15.211	46.055	48.202	43.963	146.943	136.1	140.951	268.125	266.519	265.312
00:49:00	14.655	14.77	15.416	44.123	46.429	43.663	142.44	140.002	138.809	268.056	266.07	262.267
00:49:30	14.998	13.966	15.365	45.297	48.91	42.855	143.599	136.952	143.867	266.139	266.114	265.197
00:50:00	14.179	14.397	15.624	45.834	47.78	42.639	146.088	141.11	141.213	269.589	264.23	265.403
00:50:30	14.544	12.782	15.453	45.082	47.535	41.466	144.029	139.609	139.221	270.214	264.282	263.328
00:51:00	14.501	14.068	15.457	43.824	47.682	44	145.831	136.035	139.364	272.4	264.056	262.759
00:51:30	14.171	14.391	14.342	44.894	48.115	43.16	145.162	137.51	139.09	270.517	261.77	264.593
00:52:00	14.889	13.497	14.749	45.781	47.869	42.505	144.671	135.115	142.199	270.723	263.365	263.869
00:52:30	13.645	13.256	15.453	44.444	47.047	41.86	143.993	136.582	141.356	269.12	266.1	266.002
00:53:00	14.192	13.39	15.07	42.419	46.39	42.35	144.086	136.934	138.413	267.993	262.108	263.331
00:53:30	13.493	15.082	15.53	43.394	47.466	43.438	142.979	137.565	139.555	270.391	262.826	267.416
00:54:00	13.513	14.168	14.7	44.418	46.254	44.914	145.734	139.012	139.835	268.594	263.937	263.668
00:54:30	13.645	13.834	14.478	42.172	47.894	41.273	143.007	135.327	138.644	269.626	265.201	262.901
00:55:00	13.824	13.515	15.173	43.101	45.096	41.01	141.207	138.151	140.528	269.432	261.89	265.539
00:55:30	13.938	13.601	14.804	42.36	46.493	41.114	143.893	136.919	139.167	265.931	261.442	261.054
00:56:00	14.082	13.207	14.637	41.818	46.14	43.47	144.936	138.175	140.183	269.406	265.56	263.756
00:56:30	13.525	13.932	14.48	42.159	45.291	41.506	143.704	135.632	140.235	266.994	261.965	263.068
00:57:00	12.877	14.352	15.239	41.516	45.668	42.741	144.038	136.803	142.853	270.663	263.436	263.209
00:57:30	13.749	14.529	14.761	41.773	46.505	41.837	141.225	138.506	139.218	271.26	264.452	266.049
00:58:00	14.078	13.105	14.695	42.351	46.701	43.804	144.559	137.846	139.22	270.106	262.523	262.729
00:58:30	13.848	13.463	13.908	39.746	45.541	42.576	142.501	134.171	140.021	265.879	262.815	261.13
00:59:00	14.315	13.884	15.19	40.948	45.66	43.035	143.324	136.04	138.135	266.272	266.431	263.322
00:59:30	13.37	13.579	14.704	40.761	45.137	40.542	141.215	138.799	141.132	264.65	264.334	261.427
01:00:00	13.562	13.79	14.634	39.91	46.133	40.941	140.649	136.979	138.655	267.205	261.11	260.123
01:00:30	14.972	13.733	15.977	38.631	44.223	40.936	145.059	139	140.466	272.281	261.438	263.588
01:01:00	13.561	14.19	14.323	40.205	44.788	41.6	142.317	134.848	140.261	266.082	263.412	265.542
01:01:30	13.35	13.955	14.935	40.49	44.41	41.371	139.607	137.412	139.366	265.575	261.102	264.087
01:02:00	12.708	14.284	14.251	39.503	45.925	41.927	142.407	134.949	140.41	269.346	268.242	261.481
01:02:30	13.368	13.755	15.165	39.526	45.973	40.105	141.4	135.109	135.54	267.141	263.112	260.123
01:03:00	13.481	13.814	14.706	38.692	45.264	41.282	144.859	136.249	143.42	270.247	260.717	262.851
01:03:30	14.678	13.645	14.449	39.58	44.376	41.519	143.135	137.153	139.206	272.009	263.242	261.493
01:04:00	14.029	14.046	13.98	40.614	45.168	42.324	145.075	138.001	140.693	268.424	257.721	261.723
01:04:30	12.973	12.543	14.283	40.084	45.689	40.755	143.566	135.963	140.762	269.477	260.151	265.059
01:05:00	13.745	14.11	14.027	37.162	43.859	39.762	140.94	137.523	135.91	263.238	259.948	261.038
01:05:30	13.103	13.333	13.722	37.618	43.965	40.766	144.614	136.058	136.978	266.068	257.582	260.671
01:06:00	13.473	13.686	14.512	36.662	44.353	41.225	141.063	137.038	138.251	267.615	258.601	261.606
01:06:30	14.11	13.677	15.523	38.055	44.59	41.193	141.419	132.623	138.894	264.467	261.519	260.527
01:07:00	14.31	13.424	14.741	38.588	44.217	41.115	143.338	136.76	138.323	267.99	257.691	264.283
01:07:30	13.117	13.52	14.11	38.722	45.428	38.998	140.493	135.827	136.62	267.187	259.086	262.86
01:08:00	14.308	13.322	14.265	38.195	44.307	40.095	140.862	133.424	139.016	266.759	258.317	262.393
01:08:30	12.764	13.919	13.863	38.378	45.081	39.941	144.125	135.475	138.097	267.934	261.522	262.812
01:09:00	14.091	13.011	13.705	36.89	44.915	40.122	140.842	135.88	139.004	262.344	261.709	259.162
01:09:30	14.393	13.375	13.675	35.753	43.203	39.235	140.672	133.754	135.606	265.772	259.726	263.64
01:10:00	13.94	13.258	14.46	37.051	43.373	40.463	140.185	138.499	139.587	262.195	259.903	260.828
01:10:30	12.799	12.932	13.884	37.282	43.016	38.79	140.451	136.754	138.732	266.235	261.016	258.574
01:11:00	14.262	13.001	13.221	37.324	43.46	38.788	140.911	137.102	137.999	263.939	260.434	260.355
01:11:30	13.525	13.765	13.766	35.361	43.194	39.431	142.51	132.867	137.945	268.753	262.816	259.719
01:12:00	13.952	12.676	14.079	37.033	41.993	39.347	143.589	135.745	139.373	267.542	262.44	260.156
01:12:30	13.435	13.957	15.216	36.264	42.9	39.788	140.17	134.85	136.804	265.393	257.344	258.204
01:13:00	13.75	13.03	14.93	35.817	43.735	39.411	140.339	130.306	136.298	264.24	257.883	261.022
01:13:30	12.986	13.2	14.243	35.821	43.221	39.491	139.877	133.436	139.484	265.245	259.72	262.994
01:14:00	13.284	13.298	14.138	35.415	41.211	39.558	139.407	131.521	138.049	264.083	258.729	261.131
01:14:30	12.917	14.208	13.814	35.574	41.281	38.237	142.273	132.545	137.456	262.191	256.434	255.126
01:15:00	12.82	13.015	13.55	35.114	40.951	40.078	141.221	132.909	139.079	265.087	255.608	256.358
01:15:30	13.531	13.739	14.356	35.764	41.408	38.137	139.234	132.45	138.732	267.426	256.36	259.939
01:16:00	13.747	14.104	13.602	35.952	41.622	38.583	139.557	134.673	138.621	261.456	259.229	258.689
01:16:30	12.676	13.398	13.388	35.737	41.659	36.823	137.959	135.829	138.383	261.726	260.106	255.408
01:17:00	13.542	13.569	14.415	35.295	40.933	39.709	144.123	136.263	137.156	268.478	261.656	257.969
01:17:30	13.221	14.18	12.771	35.854	40.357	38.557	140.622	132.336	136.743	265.858	256.382	259.606
01:18:00	13.204	13.089	14.206	35.969	40.341	38.032	137.135	135.466	140.407	263.599	257.031	260.09
01:18:30	13.337	13.357	13.827	37.4	39.352	38.76	143.945	133.409	138.853	264.649	259.032	255.721
01:19:00	14.035	13.259	14.409	36.201	38.97	38.515	141.574	132.866	138.955	262.522	257.793	257.611
01:19:30	12.431	13.071	13.778	35.278	38.717	39.485	139.737	135.799	137.692	264.098	263.344	260.892
01:20:00	12.482	13.254	13.702	35.624	39.539	39.467	141.106	132.9	135.687	263.076	258.147	259.993
01:20:30	13.636	13.613	13.266	35.916	38.795	38.484	142.395	133.195	139.512	264.161	259.99	259.995
01:21:00	13.779	13.625	14.06	35.428	38.962	39.06	138.913	133.537	135.53	262.019	256.619	261.574
01:21:30	13.337	13.613	13.703	33.889	40.413	38.126	141.556	133.021	136.426	262.017	256.647	257.814
01:22:00	13.221	13.282	14.876	35.035	39.691	39.317	139.352	134.227	140.012	265.139	257.871	262.603
01:22:30	13.904	13.959	13.42	35.93	38.85	40.031	139.07	132	136.518	262.246	257.239	259.309
01:23:00	13.574	13.079	13.1	34.207	39.333	38.052	140.876	135.92	137.539	263.895	256.333	259.188
01:23:30	13.177	13.975	14.406	34.308	38.822	38.416	141.142	133.965	137.346	265.929	256.147	261.512
01:24:00	12.563	13.495	14.141	33.97	39.552	38.82	141.802	134.601	137.805	262.118	260.369	261.348
01:24:30	13.291	12.462	12.771	34.519	37.894	38.578	140.724	134.41	136.055	263.057	255.834	262.155
01:25:00	12.898	12.686	13.563	35.011	38.069	39.757	141.547	135.519	135.578	264.612	254.373	257.775
01:25:30	13.603	13.434	14.206	35.654	38.147	39.802	140.446	131.179	137.681	266.65	259.386	257.599
01:26:00	13.661	13.629	14.347	35.041	37.696	38.37	140.969	135.078	135	264.665	255.274	261.451
01:26:30	13.278	13.489	13.637	33.949	36.114	39.07	137.969	132.393	137.809	266.835	261.208	260.09
01:27:00	13.885	12.451	13.747	34.811	37.604	38.799	140.974	134.087	136.63	261.632	256.224	265.361
01:27:30	13.655	13.474	12.915	35.385	38.34	38.371	138.318	134.062	136.989	259.138	256.845	259.42
01:28:00	13.694	13.298	14.168	35.65	36.561	36.993	139.714	134.036	136.543	266.195	258.295	256.874
01:28:30	12.954	13.472	13.102	35.105	37.548	39.002	142.164	133.915	137.146	264.358	259.273	257.924
01:29:00	12.941	13.628	13.691	35.177	37.019	39.94	140.044	134.797	138.459	264.028	258.066	259.644
01:29:30	13.432	14.158	13.154	35.047	37.56	37.401	139.246	135.766	140.276	262.044	258.957	258.616
01:30:00	13.124	13.131	13.52	35.615	36.346	37.859	141.471	133.054	136.213	261.752	256.099	253.383
01:30:30	13.336	13.363	13.966	36.058	37.466	38.542	142.806	134.121	138.801	268.425	257.203	258.714
01:31:00	13.781	13.249	14.154	35.176	38.264	38.68	140.898	132.909	135.141	261.459	256.634	260.705
01:31:30	13.261	13.216	14.065	35.017	36.358	37.803	138.63	132.465	136.562	263.33	258.085	256.322
01:32:00	13.225	13.866	13.944	35.297	36.807	38.661	139.194	133.924	136.719	262.819	255.796	256.78
01:32:30	13.023	13.371	13.567	33.998	37.39	38.442	138.489	133.717	136.676	261.513	258.486	256.477
01:33:00	14.046	13.65	13.584	35.085	36.887	40.167	139.396	135.234	135.713	260.778	258.066	255.939
01:33:30	13.317	13.611	13.255	33.295	35.886	37.542	142.543	133.149	137.655	267.228	261.647	257.576
01:34:00	13.975	13.103	14.427	34.921	35.438	37.904	137.541	131.594	135.825	259.526	255.732	257.857
01:34:30	13.48	13.19	13.867	35.032	35.021	39.077	142.021	134.426	134.945	260.703	258.673	259
01:35:00	13.523	13.878	13.616	35.209	37.193	37.659	140.415	132.828	135.644	259.32	255.667	261.044
01:35:30	13.241	12.663	12.863	35.169	35.855	38.341	138.25	134.061	137.966	263.172	255.33	260.03
01:36:00	13.238	13.627	13.017	35.442	37.464	38.035	140.714	132.041	134.523	264.763	257.314	261.255
01:36:30	13.186	12.87	13.289	34.679	35.798	38.287	139.911	133.495	135.07	259.766	256.693	255.815
01:37:00	13.673	13.431	13.068	35.75	36.412	38.611	139.671	131.602	136.461	265.603	258.005	257.437
01:37:30	14.107	14.097	13.816	35.95	36.361	39.917	138.277	130.888	132.646	260.933	260.148	255.387
01:38:00	13.441	13.46	13.544	35.109	35.984	37.313	138.927	133.421	136.48	263.001	255.168	257.132
01:38:30	13.939	13.826	13.005	34.895	37.165	37.745	140.936	134.641	134.694	261.582	258.03	261.5
01:39:00	13.032	13.905	14.019	34.531	36.238	39.302	139.516	134.604	134.576	261.369	256.729	256.88
01:39:30	12.749	13.826	13.391	34.432	38.306	37.409	142.313	131.406	134.842	264.073	257.913	260.186
01:40:00	12.902	12.916	13.597	34.719	35.266	38.106	137.007	133.64	135.481	259.982	258.581	258.864
01:40:30	13.552	13.305	12.932	34.449	36.126	38.299	139.996	135.054	135.691	262.953	259.246	255.864
01:41:00	13.25	14.429	14.154	34.212	36.138	37.332	139.114	133.91	137.125	261.015	258.322	258.212
01:41:30	13.912	13.598	13.584	34.658	37.362	38.035	138.907	131.588	136.418	258.129	252.92	256.597
01:42:00	12.598	12.775	13.561	34.332	37.65	38.105	139.203	132.993	137.427	261.854	254.943	254.911
01:42:30	12.951	12.922	14.085	35.545	35.99	38.82	140.829	131.504	136.17	260.064	258.704	257.806
01:43:00	14.031	13.028	13.529	33.502	35.158	38.689	137.326	132.309	135.56	259.942	253.376	257.5
01:43:30	12.94	14.021	12.64	33.935	36.405	38.853	138.714	131.029	133.735	260.883	256.514	255.343
01:44:00	13.375	13.722	14.144	33.555	38.705	37.434	139.432	132.22	135.015	259.375	256.1	256.968
01:44:30	13.865	13.471	13.911	35.412	36.887	37.898	140.938	133.519	136.362	262.996	253.71	258.483
01:45:00	13.336	13.762	13.894	35.089	36.663	37.919	138.17	134.004	135.133	260.155	255.34	259.201
01:45:30	13.238	13.575	14.265	34.324	35.755	37.216	139.535	133.072	135.799	262.045	257.811	256.299
01:46:00	12.859	12.916	13.341	34.945	37.227	40.273	138.708	133.728	134.605	264.411	255.922	254.695
01:46:30	13.173	14.039	14.053	33.616	36.955	39.433	141.171	134.532	134.575	262.214	256.875	253.614
01:47:00	13.51	13.524	13.351	34.255	35.881	37.786	137.569	133.828	136.617	262.787	257.481	261.716
01:47:30	13.637	13.367	13.124	34.52	36.115	38.494	138.928	133.371	135.867	261.133	252.625	254.619
01:48:00	13.038	13.218	13.172	34.51	35.951	37.95	139.515	134.156	133.375	258.819	260.203	257.397
01:48:30	13.388	13.787	13.667	35.573	35.837	38.455	140.213	132.597	136.438	259.045	255.617	254.612
01:49:00	13.538	13.664	13.576	34.282	36.544	38.14	141.109	133.214	136.053	256.872	256.268	256.139
01:49:30	12.412	13.291	14.114	33.213	35.564	38.21	137.33	132.503	136.302	261.247	257.838	254.123
01:50:00	13.385	13.62	13.419	34.42	36.419	36.828	141.577	132.291	135.263	259.389	253.829	257.398
01:50:30	13.696	13.751	14.031	34.654	36.847	37.394	141.777	131.427	137.043	257.056	259.683	262.413
01:51:00	13.615	13.582	13.565	34.123	34.986	38.288	137.458	135.403	137.514	261.942	257.593	256.668
01:51:30	13.745	13.19	13.56	34.132	36.273	38.397	138.543	132.539	135.105	256.052	254.719	253.562
01:52:00	13.958	14.077	13.938	33.294	36.325	39.707	138.467	131.348	136.343	263.233	254.36	253.909
01:52:30	14.042	13.443	13.563	34.084	37.345	38.265	139.391	133.08	134.168	255.349	254.504	254.159
01:53:00	13.332	14.105	14.707	34.839	34.969	38.265	136.752	131.166	135.82	262.889	256.241	256.915
01:53:30	13.335	14.047	13.831	34.824	37.459	39.515	137.126	134.03	137.251	259.982	255.423	256.176
01:54:00	13.4	13.995	14.184	35.505	36.409	40.463	139.739	133.995	137.473	260.66	256.407	250.873
01:54:30	13.996	13.135	13.5	33.532	35.97	39.534	137.03	130.266	133.113	261.26	255.544	258.821
01:55:00	13.113	13.242	14.063	33.862	36.294	38.398	136.377	132.052	134.908	256.501	252.782	254.414
01:55:30	13.281	13.353	13.903	34.012	34.753	38.289	139.234	135.066	138.222	258.852	257.579	258.352
01:56:00	12.928	14.308	14.192	35.285	37.837	39.034	138.147	134.92	134.651	261.107	255.295	257.139
01:56:30	13.558	13.617	13.865	34.942	36.462	38.386	136.761	133.469	133.927	261.853	258.465	254.251
01:57:00	13.934	13.92	13.835	34.305	36.201	38.156	140.379	132.688	136.315	257.826	254.935	255.638
01:57:30	13.177	13.783	14.891	34.623	35.948	38.019	137.271	133.175	132.945	259.934	256.054	255.603
01:58:00	13.217	13.714	14.743	34.304	36.585	37.624	137.244	134.175	135.126	262.048	258.874	258.381
01:58:30	13.78	14.451	13.859	32.248	36.806	38.622	139.917	132.381	137.257	263.946	255.323	256.033
01:59:00	13.481	14.155	13.884	34.892	36.447	38.162	141.306	136.573	136.17	259.078	258.708	258.054
01:59:30	14.618	13.533	14.464	34.818	36.758	36.465	136.745	133.805	135.405	261.299	254.467	255.356
02:00:00	12.845	13.9	14.302	35.253	35.57	38.956	139.779	133.207	136.991	263.917	256.788	256.161