Time	25_1	25_2	25_3	50_1	50_2	50_3	100_1	100_2	100_3	150_1	150_2	150_3
00:00:00	88.848	92.593	86.726	178.376	179.302	181.067	346.139	332.238	348.726	531.428	506.271	480.331
00:00:30	84.493	85.224	84.55	170.682	176.171	171.072	335.485	318.622	329.52	512.465	499.806	471.404
00:01:00	81.123	79.782	82.827	167.043	168.708	164.985	323.635	309.809	329.713	502.984	487.076	467.236
00:01:30	77.17	79.409	78.944	161.964	162.565	161.856	312.707	305.568	314.187	496.421	476.083	454.143
00:02:00	77.478	78.785	77.936	155.986	159.338	154.928	306.195	297.618	305.048	481.351	467.807	451.564
00:02:30	73.898	75.668	74.013	152.23	157.682	154.61	299.079	292.632	303.799	477.037	466.653	447.673
00:03:00	71.986	71.846	69.135	150.718	151.285	149.918	294.508	286.29	294.754	475.931	463.253	437.49
00:03:30	70.582	71.376	67.495	144.298	146.25	146.398	293.272	284.821	287.499	469.321	457.481	437.966
00:04:00	70.801	70.097	68.062	143.438	150.512	143.414	284.747	275.837	285.995	465.484	452.222	437.661
00:04:30	68.763	69.447	65.912	143.853	144.367	141.425	285.227	274.737	281.648	463.002	450.587	432.552
00:05:00	67.329	67.886	64.389	139.546	143.47	138.688	278.606	267.905	277.731	462.686	450.017	431.763
00:05:30	65.937	64.098	62.61	139.024	137.06	137.65	275.598	261.522	275.268	457.832	447.314	425.119
00:06:00	64.015	64.08	60.587	134.988	134.597	136.984	273.713	258.453	271.073	458.504	441.396	424.751
00:06:30	63.502	61.136	58.617	131.369	137.142	133.251	270.835	255.7	269.117	458.044	443.06	421.162
00:07:00	60.127	59.799	60.172	133.529	132.252	134.303	272.737	249.868	269.977	453.537	440.146	421.704
00:07:30	59.33	57.23	57.588	130.212	131.211	135.019	270.374	249.193	269.939	447.517	438.31	417.529
00:08:00	55.984	55.96	56.567	128.656	130.774	128.891	265.194	246.731	266.992	446.76	440.507	419.175
00:08:30	54.563	55.376	56.309	127.772	128.89	127.075	264.89	240.541	263.866	449.914	442.707	417.198
00:09:00	54.853	54.841	55.461	125.998	127.59	128.304	267.074	243.349	261.11	448.083	440.461	413.837
00:09:30	53.094	53.97	54.09	127.856	126.215	124.854	267.385	237.807	262.846	445.749	438.915	414.883
00:10:00	52.452	51.807	53.772	124.2	125.482	123.17	263.648	237.437	262.213	446.556	433.661	411.802
00:10:30	50.955	50.957	52.214	124.783	121.867	123.215	260.811	240.557	259.552	439.843	429.977	412.985
00:11:00	51.045	50.217	52.988	121.516	121.418	120.962	260.275	237.361	257.003	440.17	430.87	414.594
00:11:30	49.642	50.016	52.442	122.892	121.939	121.694	260.499	239.718	260.267	444.928	429.723	415.041
00:12:00	49.58	48.313	52.211	117.74	118.915	118.552	255.29	235.808	253.281	439.162	427.561	410.497
00:12:30	47.915	48.508	51.044	120.401	120.868	119.154	256.524	233.273	255.674	439.912	430.471	413.037
00:13:00	49.196	48.657	49.027	119.448	120.065	118.366	256.091	232.7	254.392	442.015	433.129	409.769
00:13:30	47.414	47.031	49.918	118.882	116.939	119.314	255.379	230.217	253.509	436.255	426.855	408.585
00:14:00	46.896	46.332	48.607	116.914	118.373	116.128	258.663	229.763	249.611	440.454	427.318	410.041
00:14:30	45.409	46.512	48.177	114.48	114.941	115.29	253.803	231.09	252.037	439.187	428.346	408.532
00:15:00	45.287	46.591	47.248	113.962	113.373	114.752	251.022	228.457	251.088	440.427	423.605	405.657
00:15:30	44.178	45.184	46.271	113.745	114.554	112.79	249.477	227.76	248.241	435.007	423.513	403.936
00:16:00	45.363	44.806	46.404	112.087	110.655	109.284	254.009	225.719	254.276	434.918	427.708	404.412
00:16:30	43.897	43.464	44.153	109.869	110.524	112.07	250.132	225.433	247.805	429.441	426.091	404.027
00:17:00	44.414	44.265	45.711	109.105	112.548	109.126	250.699	227.339	247.765	432.675	425.141	404.491
00:17:30	43.807	43.284	44.953	107.475	108.792	113.061	252.547	224.703	246.871	429.826	423.473	402.809
00:18:00	43.236	44.179	46.17	106.934	109.098	109.15	248.21	224.164	250.345	434.469	427.784	404.259
00:18:30	42.175	42.719	44.763	109.232	108.026	111.182	249.643	223.585	247.59	433.738	428.395	404.263
00:19:00	43.034	41.402	43.339	105.906	105.193	108.44	245.987	222.881	250.397	434.42	425.041	403.71
00:19:30	41.686	42.424	44.446	104.667	105.311	107.605	247.728	223.021	242.689	428.575	421.161	403.448
00:20:00	40.983	43.776	42.78	106.094	106.367	109.095	248.249	224.754	243.975	436.002	423.88	402.008
00:20:30	42.279	40.954	42.729	104.002	103.312	107.576	244.788	219.957	243.926	433.459	425.211	404.193
00:21:00	41.716	40.704	40.78	102.438	104.097	106.605	243.964	220.93	245.794	428.023	423.474	390.871
00:21:30	39.416	39.877	41.551	104.02	104.798	105.553	245.404	220.606	243.815	428.487	421.785	402.141
00:22:00	39.615	40.481	41.464	104.192	102.561	106.222	243.361	217.757	237.416	427.926	418.058	395.18
00:22:30	39.779	38.471	42.03	100.975	103.273	106.251	241.715	220.397	243.188	430.38	419.031	402.447
00:23:00	38.76	39.811	40.625	101.825	103.86	103.313	245.48	218.912	243.889	430.212	424.67	401.91
00:23:30	40.002	38.406	40.401	101.038	102.815	104.931	243.776	221.502	242.487	431.143	420.801	400.292
00:24:00	38.739	38.598	40.804	100.3	97.428	103.858	240.834	215.962	241.15	434.612	422.635	401.872
00:24:30	38.554	38.342	40.04	98.54	100.951	101.673	244.591	219.715	237.952	426.145	425.433	399.473
00:25:00	38.377	37.539	38.925	99.51	98.917	102.975	242.237	220.44	239.508	427.07	425.304	402.067
00:25:30	39.332	37.111	38.669	99.283	100.868	104.2	240.289	218.189	241.003	425.854	418.716	398.43
00:26:00	37.862	36.872	36.805	95.556	100.185	102.514	239.959	212.62	236.376	429.243	416.236	396.949
00:26:30	38.216	36.583	36.976	96.308	98.378	101.781	243.036	219.88	239.645	430.787	422.057	397.823
00:27:00	37.166	36.705	38.364	96.835	98.621	102.244	239.519	214.878	240.283	429.936	419.681	392.998
00:27:30	37.748	37.158	38.398	98.843	97.263	101.094	242.182	215.45	238.757	431.497	418.163	399.143
00:28:00	37.418	35.802	37.976	96.874	98.289	102.501	237.25	214.66	239.733	428.431	421.55	398.184
00:28:30	37.289	37.214	37.681	96.104	98.042	101.769	238.428	213.142	239.583	424.405	415.759	397.366
00:29:00	36.784	36.438	37.512	96.456	97.724	101.754	242.978	214.116	240.282	430.578	419.484	399.566
00:29:30	37.167	35.381	36.469	94.826	98.763	101.556	237.784	211.974	238.45	424.577	416.778	396.722
00:30:00	36.701	35.974	37.202	97.061	95.844	98.76	235.966	212.857	241.878	428.311	420.453	397.795
00:30:30	35.356	35.893	35.783	96.156	96.83	98.684	236.902	213.236	239.738	421.99	419.116	389.825
00:31:00	36.052	36.18	37.304	97.131	97.788	99.277	238.163	212.27	236.578	426.463	418.763	395.414
00:31:30	36.982	36.25	36.688	95.809	98.404	97.009	239.348	214.714	235.946	431.3	421.345	397.13
00:32:00	35.667	35.347	37.125	96.405	95.935	98.758	238.433	212.619	237.247	424.484	415.439	391.751
00:32:30	36.058	36.091	35.556	93.315	95.597	97.685	237.183	212.091	235.905	425.14	420.096	391.492
00:33:00	36.087	35.731	35.873	92.941	97.717	96.529	238.453	210.34	236.244	427.362	415.183	393.92
00:33:30	34.915	34.562	35.38	93.834	94.866	98.244	238.338	211.648	237.892	427.042	415.91	395.542
00:34:00	33.679	32.875	35.54	94.226	94.218	97.609	236.169	209.938	235.902	424.376	419.063	393.912
00:34:30	35.22	35.566	35.24	93.443	93.841	97.733	238.647	212.774	236.065	423.312	417.435	393.941
00:35:00	33.703	33.204	35.281	95.39	93.664	96.65	232.678	208.715	234.576	423.602	415.719	392.658
00:35:30	33.502	33.454	34.563	92.712	93.54	94.517	234.856	208.82	233.292	425.214	416.045	394.412
00:36:00	35.196	33.108	34.258	91.434	94.072	96.712	236.653	211.678	234.929	425.372	417.17	398.249
00:36:30	34.708	32.957	35.178	92.493	93.808	95.92	236.23	211.731	232.811	423.153	414.7	390.433
00:37:00	33.985	33.238	35.32	91.429	93.494	95.402	236.565	210.725	237.249	429.068	420.218	395.507
00:37:30	33.438	34.098	34.698	92.544	96.272	93.28	235.935	210.348	235.02	427.505	414.592	391.82
00:38:00	34.764	33.401	34.609	92.707	93.386	93.571	236.348	211.588	236.283	424.228	412.21	390.647
00:38:30	35.385	33.209	33.771	91.9	92.035	94.078	234.849	211.059	233.066	428.039	419.54	394.27
00:39:00	33.411	33.502	34.379	91.387	93.179	94.063	231.999	211.263	234.13	424.071	414.581	392.892
00:39:30	33.012	33.627	33.329	91.098	93.559	91.811	233.287	211.497	235.771	422.263	420.647	396.458
00:40:00	33.516	32.597	34.693	86.964	91.49	94.595	234.413	206.234	234.455	424.391	415.215	386.008
00:40:30	32.668	31.94	34.873	91.755	91.969	92.029	235.5	212.165	235.218	422.352	419.251	393.501
00:41:00	33.007	31.781	33.824	87.855	93.147	92.035	233.239	208.581	232.767	421.603	416.72	389.226
00:41:30	33.604	32.515	32.568	88.675	91.62	93.102	236.727	206.756	233.586	421.322	416.404	395.985
00:42:00	33.338	32.7	32.979	86.771	91.755	91.049	234.609	206.483	232.052	424.086	418.02	396.741
00:42:30	32.761	32.161	33.181	86.351	90.994	90.366	233.809	206.982	235.272	425.721	417.987	387.926
00:43:00	32.569	32.049	33.201	85.466	90.681	89.253	234.234	207.223	232.84	422.735	412.205	390.836
00:43:30	33.647	32.773	33.785	86.929	88.698	90.392	234.033	207.041	233.087	421.834	416.322	393.55
00:44:00	31.649	31.458	32.792	89.958	89.52	90.004	232.863	206.304	232.031	424.627	413.194	395.27
00:44:30	33.185	33.046	31.804	87.832	91.832	91.465	230.098	205.987	229.221	420.29	419.495	397.397
00:45:00	32.48	32.613	33.468	85.886	91.474	91.627	233.613	207.23	232.302	420.205	419.938	392.315
00:45:30	32.361	31.117	32.986	86.024	89.067	90.291	234.399	208.007	232.582	420.101	420.917	395.555
00:46:00	31.791	31.923	31.535	87.652	88.582	90.458	235.377	208.038	234.649	420.835	416.392	386.165
00:46:30	32.205	30.514	32.327	88.042	88.141	88.654	231.422	206.934	230.004	418.454	416.689	392.079
00:47:00	32.877	32.393	32.405	85.481	89.571	89.98	233.155	205.575	232.522	420.262	416.395	390.946
00:47:30	31.804	31.075	30.979	85.07	89.217	87.968	234.548	207.836	233.99	423.246	419.321	395.518
00:48:00	32.104	30.255	32.737	84.67	87.04	89.502	231.806	207.689	230.003	427.977	413.815	392.517
00:48:30	31.386	31.562	32.156	86.688	86.062	90.305	234.673	208.677	230.252	424.593	420.239	393.42
00:49:00	31.725	33.025	31.822	88.518	88.505	89.444	234.894	209.794	235.628	425.832	415.578	394.027
00:49:30	32.51	30.955	31.945	85.501	87.837	89.542	232.291	205.929	233.551	420.658	416.951	389.808
00:50:00	32.281	32.036	32.431	87.141	87.629	87.946	232.718	207.716	234.499	424.069	416.857	393.004
00:50:30	30.563	31.008	32.505	84.032	86.745	88.421	232.098	208.764	233.311	423.135	414.501	390.682
00:51:00	31.817	32.443	32.043	82.98	88.395	88.035	230.865	207.501	230.498	419.604	410.186	392.139
00:51:30	31.265	32.215	30.833	84.897	87.207	88.348	232.239	206.737	231.661	418.645	409.492	392.619
00:52:00	30.81	30.42	31.235	84.618	87.541	88.052	231.77	209.436	230.759	422.316	415.282	387.814
00:52:30	30.737	30.903	31.964	84.741	88.07	87.466	232.438	206.053	231.403	423.861	411.77	387.121
00:53:00	30.114	30.815	31.979	86.054	86.145	89.218	232.964	206.116	234.271	423.457	414.846	391.64
00:53:30	32.096	31.074	30.608	83.439	88.667	86.457	232.399	204.2	229.994	419.032	415.952	394.508
00:54:00	29.982	30.001	30.226	82.911	86.989	86.054	232.462	202.967	229.625	421.449	414.921	391.586
00:54:30	32.029	30.191	31.576	82.526	86.149	86.716	230.406	205.202	228.683	420.424	411.752	390.914
00:55:00	30.645	30.423	30.355	83.593	87.643	87.747	230.973	206.299	232.223	421.127	417.302	392.272
00:55:30	30.352	30.067	31.341	83.324	85.077	87.535	229.805	204.175	230.602	417.345	406.648	391.213
00:56:00	30.738	31.014	29.637	82.398	84.054	87.062	228.939	205.84	227.94	421.131	411.763	388.328
00:56:30	30.799	28.728	29.418	82.285	86.508	87.194	228.619	205.655	231.813	420.479	415.866	386.333
00:57:00	32.025	30.563	30.157	83.533	85.558	86.37	231.189	205.658	229.567	426.047	416.025	389.63
00:57:30	30.398	30.261	30.827	83.38	85.702	86.195	232.174	203.99	226.358	416.146	408.6	388.561
00:58:00	29.749	29.077	30.841	83.695	85.06	85.414	230.853	204.991	229.518	422.708	411.263	389.808
00:58:30	30.538	30.365	30.513	82.272	84.93	86.262	231.884	205.242	229.434	427.118	414.4	386.986
00:59:00	30.382	29.306	30.34	82.775	86.878	86.399	228.437	205.55	228.1	419.768	410.707	393.531
00:59:30	30.866	30.811	30.522	81.208	85.327	85.003	230.965	203.231	225.956	417.672	416.114	387.697
01:00:00	30.282	30.184	31.387	81.503	83.219	85.512	228.613	204.556	231.55	417.284	413.248	387.236
01:00:30	29.645	29.898	30.944	79.717	85.06	85.302	231.848	207.455	233.418	425.282	419.159	389.637
01:01:00	29.885	30.525	29.908	82.993	83.686	85.782	232.165	203.904	230.831	420.08	410.414	388.187
01:01:30	31.12	30.512	29.494	79.985	83.41	86.431	230.102	202.776	230.506	422.483	415.01	395.29
01:02:00	29.832	30.155	31.121	80.554	84.907	84.783	231.574	207.771	229.167	422.854	408.53	388.216
01:02:30	30.269	30.393	28.924	80.665	83.008	86.275	232.159	205.56	234.078	421.579	414.87	392.263
01:03:00	29.266	30.807	29.461	81.165	84.403	85.355	229.77	203.426	225.754	418.042	412.438	385.202
01:03:30	29.665	30.923	30.231	81.331	84.153	85.654	233.135	202.416	229.915	418.701	411.308	389.237
01:04:00	30.593	29.841	28.907	81.192	85.171	84.022	232.426	203.771	229.493	422.999	415.278	389.151
01:04:30	31.489	30.234	31.39	81.108	84.185	84.049	232.621	203.921	230.671	426.326	416.349	386.506
01:05:00	30.127	30.102	29.534	79.704	83.842	84.665	225.762	202.269	230.281	424.354	411.064	383.153
01:05:30	31.352	28.391	29.141	81.056	84.165	84.565	226.877	204.045	228.435	421.595	410.127	389.102
01:06:00	30.909	29.254	30.222	80.151	82.722	84.763	228.692	205.022	228.939	419.26	410.93	386.942
01:06:30	29.381	29.389	30.454	82.102	83.477	84.312	227.233	199.782	227.416	421.656	408.034	387.694
01:07:00	30.379	30.984	29.542	80.354	82.691	82.975	230.133	206.139	228.245	421.819	413.336	388.515
01:07:30	29.695	29.6	29.518	79.917	82.7	84.272	224.26	201.735	228.86	425.625	412.164	387.923
01:08:00	29.506	28.462	29.28	80.378	85.65	85.373	228.397	204.475	225.546	418.616	410.29	385.933
01:08:30	30.452	29.113	29.231	79.132	85.29	87.505	230.065	205.544	229.442	419.715	414.893	386.301
01:09:00	28.993	29.699	29.447	80.85	84.577	85.024	229.276	204.639	227.877	417.145	417.196	390.413
01:09:30	30.171	29.845	29.121	81.019	82.846	84.923	229.329	205.395	226.916	418.291	411.704	395.484
01:10:00	29.164	30.398	29.656	79.577	81.851	83.241	230.315	199.36	227.968	415.967	408.051	387.61
01:10:30	28.85	28.401	30.144	79.134	84.326	85.37	229.896	203.677	225.495	417.243	407.693	387.522
01:11:00	28.809	29.382	30.883	80.199	82.398	82.263	226.988	201.334	223.679	417.036	406.743	388.56
01:11:30	30.911	28.849	28.843	79.228	80.953	84.937	231.679	202.025	228.316	415.372	410.243	386.971
01:12:00	29.899	28.572	30.703	79.847	83.24	83.583	229.168	201.32	230.858	419.038	409.31	390.471
01:12:30	29.937	29.877	29.234	79.851	81.193	83.487	227.956	201.647	231.464	419.541	409.14	385.602
01:13:00	29.767	29.52	30.096	80.478	82.812	82.64	228.405	202.505	226.239	420.855	413.707	388.192
01:13:30	28.11	28.482	29.653	78.331	81.429	81.954	227.888	201.723	228.142	418.602	406.589	390.593
01:14:00	29.354	29.327	29.152	79.094	81.91	81.459	227.678	202.123	226.06	418.838	409.321	385.565
01:14:30	29.925	28.616	29.768	80.379	83.768	82.531	226.688	203.46	226.934	418.663	409.684	386.773
01:15:00	30.069	28.898	28.356	78.293	83.88	81.54	230.049	199.429	228.684	416.051	407.186	387.128
01:15:30	29.316	30.02	29	79.02	80.635	84.672	226.668	204.021	226.989	419.764	408.267	388.697
01:16:00	30.391	28.347	28.81	78.42	81.712	80.673	227.121	202.55	230.179	420.133	407.542	383.036
01:16:30	28.864	28.636	28.726	79.895	81.532	82.176	224.97	200.286	228.671	417.509	412.424	384.004
01:17:00	29.705	29.034	28.819	79.271	80.104	80.008	224.325	204.507	227.927	415.938	408.085	386.135
01:17:30	29.016	27.787	28.866	79.058	82.806	81.592	223.794	202.694	227.099	413.845	404.888	386.646
01:18:00	30.551	29.205	27.3	79.044	79.846	80.312	227.899	202.203	228.013	417.59	406.346	386.932
01:18:30	29.451	28.954	29.64	76.55	82.111	81.473	231.667	201.387	228.228	419.616	408.084	386.299
01:19:00	29.384	29.772	27.975	78.106	80.757	80.476	228.469	201.52	229.288	417.25	409.973	383.666
01:19:30	29.828	29.615	28.356	77.494	81.293	82.491	228.46	201.453	228.356	414.934	410.122	383.075
01:20:00	29.485	29.359	30.001	78.634	79.579	80.238	227.586	197.738	228.476	408.533	403.842	389.184
01:20:30	29.776	28.481	29.403	78.603	80.556	80.735	230.578	198.421	228.917	419.456	410.104	384.202
01:21:00	29.226	28.17	28.239	78.511	78.842	80.286	229.409	201.779	228.316	416.003	406.973	385.105
01:21:30	28.504	29.542	29.023	78.632	79.943	80.66	229.537	201.534	226.014	417.645	405.663	384.293
01:22:00	29.145	27.973	27.733	76.997	79.595	79.482	221.632	201.401	222.533	417.463	409.901	385.914
01:22:30	28.837	28.376	28.977	78.212	80.536	80.818	229.83	201.092	224.156	416.407	411.402	382.743
01:23:00	28.957	28.195	28.432	77.618	80.236	79.371	226.928	200.943	226.061	416.005	406.618	381.056
01:23:30	29.624	29.366	28.756	76.321	80.429	81.572	230.717	205.954	225.918	411.004	411.178	384.812
01:24:00	29.1	29.512	29.525	75.864	79.923	77.334	227.95	199.761	228.77	414.087	410.961	386.432
01:24:30	29.301	28.483	27.919	76.189	81.002	79.915	227.389	200.29	227.214	421.472	408.824	383.071
01:25:00	31.021	28.8	28.677	78.643	77.987	80.402	225.564	199.21	227.129	419.34	410.026	381.529
01:25:30	28.386	29.372	28.755	78.033	80.202	79.568	226.785	202.1	226.587	414.127	407.284	383.431
01:26:00	28.192	29.437	29.24	76.866	79.923	76.561	224.37	199.872	227.625	414.14	409.996	385.231
01:26:30	29.705	28.795	30.648	74.799	79.949	78.982	226.354	200.314	226.615	413.608	406.923	387.724
01:27:00	28.76	28.116	28.941	77.848	80.026	79.614	228.034	202.316	229.884	416.339	409.743	383.418
01:27:30	29.49	27.877	27.417	76.331	80.695	77.248	225.859	195.334	229.081	413.492	406.249	386.137
01:28:00	30.656	28.813	28.148	77.861	80.378	76.954	226.004	199.412	226.773	417.065	406.694	385.336
01:28:30	28.787	27.31	26.641	77.506	79.535	76.828	226.911	199.64	229.077	416.121	403.974	383.259
01:29:00	27.853	30.362	29.085	75.973	80.475	77.237	222.658	198.255	226.391	414.845	404.95	382.852
01:29:30	27.53	28.925	27.715	75.163	81.394	78.854	226.384	198.926	226.819	407.059	407.983	383.118
01:30:00	28.266	28.793	29.679	77.941	76.551	80.108	228.745	197.602	223.83	418.543	409.956	380.727
01:30:30	29.721	27.599	27.483	76.138	78.611	77.391	224.694	201.146	224.121	410.774	409.048	382.355
01:31:00	29.612	28.959	27.983	76.261	79.675	79.615	226.644	199.116	227.609	414.207	409.276	380.077
01:31:30	29.541	29.549	28.535	78.496	79.258	76.916	229.118	198.253	226.681	415.748	407.606	385.172
01:32:00	28.056	28.574	28.664	75.765	77.041	79.274	222.171	198.139	224.787	416.295	405.497	384.72
01:32:30	28.204	27.643	28.811	75.305	81.061	79.491	227.047	199.847	224.741	414.128	404.154	383.097
01:33:00	28.715	28.546	29.087	77.047	79.532	77.193	227.39	200.486	225.078	410.002	402.069	382.882
01:33:30	28.728	29.346	28.772	77.094	78.757	77.099	227.675	200.751	226.474	415.192	406.639	381.589
01:34:00	28.106	28.708	27.599	75.963	79.494	79.121	227.516	198.618	225.848	412.601	406.152	381
01:34:30	28.249	27.956	27.933	77.645	81.487	79.303	228.548	199.844	226.764	417.88	406.72	383.351
01:35:00	29.263	28.202	28.233	77.312	78.799	78.101	226.918	200.136	226.798	415.864	403.272	381.632
01:35:30	29.019	27.571	29.574	76.533	78.761	79.058	227.549	199.309	223.851	415.114	404.092	380.224
01:36:00	28.667	28.157	27.763	74.941	78.975	77.495	225.622	200.335	225.433	415.323	410.1	376.787
01:36:30	30.087	27.839	29.224	77.377	79.316	76.997	225.108	199.16	231.041	415.258	412.598	383.988
01:37:00	29.194	27.838	27.672	76.95	79.794	77.194	227.948	197.017	224.302	414.274	408.345	383.374
01:37:30	27.53	29.31	28.572	78.149	80.138	78.512	230.209	201.62	227.313	416.539	407.271	385.487
01:38:00	29.129	27.876	28.418	74.587	79.626	78.919	226.168	198.035	224.442	412.938	404.674	384.851
01:38:30	27.626	28.149	27.864	76.534	80.122	78.733	224.844	195.711	223.764	412.645	399.678	378.663
01:39:00	28.82	29.586	28.874	76.441	78.431	75.717	227.531	199.603	224.251	415.392	403.507	385.146
01:39:30	27.48	29.258	28.38	76.432	79.537	78.755	226.64	199.31	225.93	412.992	407.543	384.847
01:40:00	28.402	29.582	27.812	75.669	78.147	76.873	226.955	197.763	223.402	421.491	406.449	383.606
01:40:30	29.49	27.233	29.197	74.958	80.035	76.419	225.454	196.728	224.038	412.335	404.128	381.434
01:41:00	27.921	28.385	28.702	75.438	78.023	78.281	227.365	197.566	225.572	410.887	403.397	385.99
01:41:30	28.551	28.204	28.983	76.177	78.499	76.444	224.634	197.739	228.699	413.984	407.956	384.131
01:42:00	28.812	28.188	29.563	75.937	80.519	77.636	225.225	196.653	226.123	416.651	403.049	382.395
01:42:30	29.382	28.543	27.769	75.805	78.743	77.536	226.947	198.891	226.212	413.241	400.492	381.647
01:43:00	29.352	28.078	29.075	76.516	80.854	76.943	225.692	199.508	224.217	416.632	414.684	384.211
01:43:30	29.677	29.711	28.606	73.839	80.947	77.87	226.971	197.995	224.221	413.916	404.858	378.216
01:44:00	28.829	28.052	29.964	75.186	78.65	76.239	225.535	197.669	225.561	409.175	403.861	380.774
01:44:30	28.803	27.972	28.129	75.694	79.896	76.061	222.54	202.391	228.147	416.589	403.369	383.256
01:45:00	29.006	28.551	28.205	76.383	78.455	76.164	226.496	197.721	221.198	417.583	401.982	379.379
01:45:30	27.35	27.489	28.82	75.013	77.399	75.905	224.708	196.485	225.566	412.568	407.352	381.442
01:46:00	29.032	27.182	29.106	75.313	78.734	78.184	226.904	200.971	222.523	416.31	409.277	390.504
01:46:30	28.892	27.124	27.054	74.552	80.549	77.468	226.462	197.959	222.665	410.805	411.132	381.603
01:47:00	28.347	28.549	28.711	76.581	77.233	75.209	226.145	196.102	225.037	414.004	403.877	382.234
01:47:30	27.484	28.299	29.049	72.762	77.602	75.521	228.547	197.274	225.872	412.014	405.616	381.414
01:48:00	28.722	29.443	28.664	73.952	79.133	75.66	226.464	198.316	224.481	418.659	403.446	377.245
01:48:30	26.929	28.308	27.618	73.88	78.913	76.39	220.645	195.163	225.527	412.905	400.187	377.589
01:49:00	28.739	28.472	27.817	75.579	78.07	74.216	229.676	196.844	226.856	413.809	410.126	381.712
01:49:30	28.556	28.185	27.375	72.882	77.754	75.053	224.589	196.767	226.417	414.845	401.805	383.25
01:50:00	29.239	28.362	28.61	74.477	78.904	75.477	224.452	196.759	222.759	408.694	402.148	380.873
01:50:30	28.471	28.119	27.85	75.731	76.568	76.06	227.586	201.916	227.607	412.098	406.642	380.905
01:51:00	28.371	28.863	28.198	74.72	80.364	75.856	226.574	196.837	226.56	412.386	409.027	383.718
01:51:30	27.678	28.74	27.391	75.281	78.739	77.384	226.125	198.359	226.772	416.955	409.496	383.667
01:52:00	27.835	28.851	29.154	73.929	78.631	75.564	224.329	196.733	223.763	415.825	403.981	383.197
01:52:30	28.414	27.192	28.862	75.755	80.218	74.93	227.624	201.685	225.796	415.359	403.964	388.5
01:53:00	29.796	28.7	28.4	74.118	77.531	76.7	225.313	197.278	222.639	413.093	404.583	383.24
01:53:30	29.243	28.09	28.587	75.141	78.104	74.227	225.796	195.189	226.005	413.786	403.871	384.189
01:54:00	28.624	29.116	27.385	73.971	78.188	76.16	225.676	199.719	227.227	410.984	403.406	382.689
01:54:30	28.479	27.998	28.544	74.992	79.146	76.16	224.881	199.078	225.726	412.94	403.708	383.983
01:55:00	28.554	28.488	27.433	73.703	76.551	74.043	222.855	195.478	227.727	413.354	406.257	382.756
01:55:30	29.283	27.154	28.393	73.354	78.496	77.102	228.323	196.764	223.786	411.766	407.476	383.086
01:56:00	29.458	28.757	29.504	75.227	78.177	75.71	229.398	198.566	228.304	414.732	406.373	381.913
01:56:30	27.647	27.332	28.871	77.075	77.267	75.397	226.78	198.91	226.062	416.813	406.444	378.835
01:57:00	28.534	27.627	28.027	73.032	77.414	74.692	227.423	195.245	224.475	412.857	408.102	378.167
01:57:30	27.98	27.688	28.224	74.664	76.811	75.546	226.15	200.271	224.955	417.328	406.246	377.841
01:58:00	27.652	29	27.354	74.914	78.13	75.879	224.37	194.171	224.544	409.297	405.196	383.186
01:58:30	28.678	27.413	28.199	72.936	79.19	74.45	223.397	199.726	225.941	415.488	405.894	379.451
01:59:00	28.479	29.828	27.85	75.587	77.728	76.02	224.735	200.472	226.924	409.51	402.953	379.589
01:59:30	28.75	26.804	28.725	75.79	77.374	76.484	224.791	197.236	228.443	416.787	403.764	383.295
02:00:00	28.361	27.515	28.998	75.924	77.981	74.783	225.915	197.84	225.177	415.752	405.882	382.727