Time	25_1	25_2	25_3	50_1	50_2	50_3	100_1	100_2	100_3	150_1	150_2	150_3
00:00:00	86.299	87.217	81.735	167.316	146.399	172.084	343.844	342.525	343.657	502.183	471.315	495.307
00:00:30	81.338	84.449	93.624	158.435	135.567	162.097	328.16	327.393	324.534	481.948	455.491	480.627
00:01:00	78.75	78.944	78.065	151.82	130.985	155.856	318.097	315.284	314.395	478.434	451.186	471.795
00:01:30	73.953	75.097	73.307	149.741	127.262	149.078	304.599	304.561	302.514	464.864	439.634	461.758
00:02:00	72.29	72.267	68.488	140.938	120.693	140.996	301.432	295.896	296.507	465.076	434.868	454.639
00:02:30	73.102	72.361	66.793	140.031	119.947	142.438	295.527	292.388	290.538	454.268	429.888	453.457
00:03:00	71.171	67.542	64.361	135.375	116.364	136.958	289.832	283.34	284.141	452.893	426.538	450.972
00:03:30	67.334	66.988	63.975	130.808	112.668	131.847	283.152	278.855	280.33	452.496	423.633	447.313
00:04:00	68.387	65.757	59.884	127.799	109.414	130.474	284.317	281.039	278.435	448.65	422.829	447.106
00:04:30	64.955	64.21	59.932	126.167	108.059	127.064	282.206	273.852	277.239	446.892	419.422	446.427
00:05:00	64.008	64.165	56.777	124.219	104.072	126.048	280.37	275.91	275.791	445.686	419.817	444.3
00:05:30	63.449	60.024	56.772	121.698	102.793	122.77	276.323	271.463	270.645	446.605	416.968	438.768
00:06:00	61.892	58.102	54.859	118.74	100.762	120.203	270.391	270.955	270.112	442.646	415.632	436.892
00:06:30	58.009	57.934	53.037	117.163	98.172	116.968	276.857	264.58	269.38	439.85	409.93	435.155
00:07:00	57.937	57.192	52.409	111.532	96.926	112.936	270.228	264.324	268.404	436.743	412.017	437.97
00:07:30	57.854	55.475	51.701	113.033	95.25	111.591	269.666	264.467	263.214	435.574	410.188	436.95
00:08:00	56.421	54.188	51.579	108.578	91.784	107.137	267.031	265.074	264.012	437.216	410.856	435.308
00:08:30	55.84	52.797	51.314	108.686	91.954	105.216	271.132	266.388	265.23	435.108	409.405	438.743
00:09:00	54.505	50.717	47.854	103.257	90.073	106.533	266.154	266.92	263.558	433.357	412.675	435.763
00:09:30	55.579	50.139	48.418	104.586	89.231	104.475	267.12	265.207	266.897	440.223	414.648	434.014
00:10:00	52.328	47.756	47.75	101.927	86.872	101.208	261.705	260.884	263.253	434.56	414.637	436.835
00:10:30	51.474	45.639	46.832	101.049	86.301	99.694	261.35	258.893	262.674	433.737	410.438	429.291
00:11:00	50.701	44.245	45.925	100.914	86.548	98.43	263.368	260.626	262.199	434.587	409.374	432.298
00:11:30	50.858	44.983	45.462	99.129	84.329	100.268	264.684	262.597	263.744	437.501	408.722	429.486
00:12:00	50.02	43.447	44.888	99.306	84.633	97.021	262.815	261.546	260.344	429.113	407.287	430.929
00:12:30	48.577	45.834	44.319	96.65	79.583	97.754	263.528	261.146	261.654	435.866	407.54	429.855
00:13:00	49.561	43.503	44.877	94.93	83.489	96.94	263.313	256.97	260.824	436.22	411.005	436.623
00:13:30	46.31	42.048	43.533	96.965	81.684	96.302	262.963	258.56	258.272	435.338	407.226	430.985
00:14:00	44.922	42.985	42.048	95.031	78.3	98.907	260.996	256.691	260.899	432.634	407.447	434.691
00:14:30	43.548	40.768	42.502	95.098	80.308	96.763	261.912	259.72	260.783	431.689	409.543	435.591
00:15:00	42.583	40.573	43.218	95.151	78.631	94.436	259.374	256.171	257.044	430.742	409.783	428.676
00:15:30	41.575	40.608	40.351	91.026	78.501	90.418	258.813	251.01	257.584	435.878	401.377	429.175
00:16:00	41.474	40.043	41.04	94.048	78.293	92.049	260.271	253.536	254.383	431.416	407.999	429.806
00:16:30	39.323	41.396	40.263	91.826	77.078	90.651	259.984	257.51	258.456	425.094	403.997	423.357
00:17:00	40.213	39.113	40.406	90.201	75.104	93.677	257.481	254.115	256.553	429.845	401.859	428.844
00:17:30	38.596	39.33	40.678	91.813	75.09	92.295	258.183	254.329	255.771	434.362	405.931	434.077
00:18:00	39.075	38.044	38.624	90.87	73.267	87.555	261.844	256.728	256.305	428.829	405.993	429.374
00:18:30	40.323	39.92	38.617	91.523	74.803	90.794	259.196	258.139	258.074	430.911	408.253	430.857
00:19:00	37.991	37.301	38.451	91.194	74.113	91.196	260.793	252.573	257.448	432.263	409.081	426.8
00:19:30	36.476	38.736	38.132	88.641	74.103	89.165	255.447	252.041	255.617	430.845	406.741	424.643
00:20:00	36.191	39.105	37.873	89.292	75.687	88.702	260.5	253.112	256.471	426.303	405.91	426.174
00:20:30	37.635	37.514	37.785	89.357	72.911	88.722	254.054	253.234	254.59	427.75	401.823	428.696
00:21:00	37.468	35.778	35.855	87.794	69.235	87.312	257.302	254.173	256.915	434.166	405.577	425.171
00:21:30	36.473	36.737	37.059	86.277	69.961	86.38	255.096	251.989	255.399	425.682	404.668	429.382
00:22:00	38.026	36.623	36.709	87.581	70.599	87.619	255.901	253.583	253.489	427.06	399.185	419.99
00:22:30	36.404	35.63	36.181	87.136	69.717	88.026	253.381	252.169	254.132	433.167	402.263	431.909
00:23:00	35.129	36.482	36.304	87.788	69.631	86.643	255.23	254.251	253.417	427.294	405.67	430.477
00:23:30	35.69	36.385	35.466	86.795	68.876	89.001	255.525	252.811	252.731	429.333	403.447	426.892
00:24:00	36.186	36.23	37.2	86.383	69.187	86.015	256.346	254.031	252.974	429.314	403.227	429.969
00:24:30	35.211	36.754	34.935	86.513	69.087	87.012	255.062	250.91	250.881	427.312	399.871	430.064
00:25:00	33.995	36.362	35.031	84.885	70.194	86.64	253.541	249.38	254.075	425.923	401.171	423.149
00:25:30	33.97	34.857	35.417	85.273	69.036	84.147	255.116	251.925	249.026	423.894	401.745	424.58
00:26:00	35.265	34.723	34.97	86.747	67.832	85.328	253.43	245.848	255.283	420.891	405.003	422.985
00:26:30	33.904	35.571	32.952	87.845	69.734	85.124	256.214	252.598	256.08	433.72	408.168	428.461
00:27:00	33.608	35.096	33.982	84.238	68.104	85.801	252.075	249.997	250.58	424.971	395.229	426.197
00:27:30	34.032	36.206	34.384	83.71	69.328	84.824	253.436	253.222	255.013	427.973	398.947	427.469
00:28:00	33.676	34.308	34.276	83.539	67.073	86.113	253.3	249.782	255.149	426.208	405.365	429.344
00:28:30	34.002	35.62	32.795	87.135	70.585	85.142	254.045	252.109	254.599	427.353	403.366	425.206
00:29:00	34.679	34.917	32.309	85.725	66.308	86.117	252.725	251.19	254.1	425.814	402.152	425.813
00:29:30	32.655	34.052	34.57	83.361	64.983	84.282	252.486	249.554	254.828	427.352	405.988	423.479
00:30:00	34.047	33.351	34.234	84.725	65.465	84.109	253.73	250.715	249.646	425.264	405.791	426.849
00:30:30	33.122	32.842	32.019	82.388	65.94	85.052	252.07	249.811	250.444	426.565	401.869	428.619
00:31:00	33.223	33.555	33.873	84.437	65.863	83.756	252.616	251.646	250.434	424.784	400.046	420.634
00:31:30	32.915	34.382	32.39	85.706	66.163	85.717	252.922	250.847	250.197	420.607	401.966	428.411
00:32:00	33.488	33.195	31.978	84.358	66.612	86.796	253.721	251.796	253.176	426.541	402.205	428.534
00:32:30	32.571	32.672	32.569	82.476	66.571	81.458	252.106	247.627	251.869	425.014	407.139	422.685
00:33:00	32.197	34.59	32.537	83.679	62.95	85.573	251.591	250.46	252.362	426.307	404.237	424.301
00:33:30	32.848	33.127	32.174	83.884	64.741	85.861	253.968	252.504	250.376	426.267	401.786	424.36
00:34:00	32.679	33.424	31.927	82.498	67.027	82.861	249.581	249.943	252.191	425.104	402.596	425.131
00:34:30	31.932	31.907	30.802	82.885	65.559	85.096	252.989	249.563	252.37	423.583	404.622	429.219
00:35:00	31.614	31.673	32.646	85.094	64.414	84.498	250.911	251.327	250.768	422.669	404.175	422.455
00:35:30	32.102	32.189	31.292	81.731	64.862	83.58	250.478	249.984	248.892	423.712	404.652	429.541
00:36:00	30.869	31.76	31.741	83.068	65.225	82.832	254.351	249.873	255.193	420.664	402.122	421.055
00:36:30	31.595	33.282	32.054	83.28	67.193	82.56	252.709	251.536	249.134	422.789	401.398	422.582
00:37:00	31.907	33.447	31.195	83.187	64.547	85.309	250.058	249.943	251.439	430.022	401.014	426.227
00:37:30	31.959	32.207	31.117	80.874	63.926	81.03	253.539	247.816	250.15	425.947	402.97	421.583
00:38:00	32.502	31.738	31.11	82.554	65.299	82.568	253.029	249.03	250.823	428.451	400.417	426.212
00:38:30	33.034	32.761	31.046	84.509	64.859	81.71	254.769	246.814	252.673	424.561	405.085	428.881
00:39:00	32.097	31.422	30.074	84.068	67.11	83.904	249.366	248.573	253.239	422.239	401.223	425.862
00:39:30	31.601	32.497	32.487	81.61	63.241	80.315	249.721	246.637	246.466	419.878	401.513	427.656
00:40:00	30.368	31.988	30.055	83.681	65.172	80.568	251.695	249.359	249.751	426.543	396.822	423.862
00:40:30	31.093	30.62	31.347	82.408	65.023	83.634	251.151	249.473	251.869	425.39	401.791	423.243
00:41:00	30.633	31.425	29.008	82.351	63.763	83.016	249.545	246.968	251.399	420.541	401.025	422.066
00:41:30	31.013	32.066	30.226	82.808	64.087	79.233	252.325	247.802	251.326	425.701	400.751	421.062
00:42:00	30.899	32.65	28.792	82.197	64.265	81.733	249.478	245.992	250.853	421.267	398.207	422.458
00:42:30	31.077	32.154	30.437	81.378	63.379	81.036	250.396	247.265	250.673	420.701	401.996	424.726
00:43:00	30.073	31.699	30.873	82.16	64.089	80.551	250.477	248.969	246.738	423.263	401.018	423.108
00:43:30	31.324	30.469	30.32	81.188	65.317	83.004	249.605	247.137	249.388	424.757	402.533	425.051
00:44:00	29.591	29.748	31.239	82.058	64.473	83.067	249.213	251.06	248.821	420.743	400.401	423.782
00:44:30	30.431	31.732	29.846	81.292	63.889	78.857	248.488	247.639	249.844	422.131	402.466	420.877
00:45:00	30.284	29.587	30.048	82.082	64.832	83.1	252.695	250.702	251.95	424.471	402.259	423.261
00:45:30	30.294	31.51	29.471	83.168	62.388	82.229	251.341	247.323	250.589	427.318	402.175	428.552
00:46:00	31.467	30.144	30.144	81.366	62.971	81.073	248.94	251.438	249.985	425.159	402.602	423.938
00:46:30	30.8	29.34	30.119	80.758	63.477	80.453	251.229	248.083	245.577	420.308	400.452	422.503
00:47:00	30.809	30.986	28.768	82.208	62.206	79.901	249.263	244.881	249.558	418.837	399.704	423.12
00:47:30	30.681	30.098	29.273	83.212	63.478	82.203	248.762	252.149	247.675	424.226	401.486	427.114
00:48:00	30.758	31.897	29.358	80.869	65.852	82.659	250.563	251.01	248.432	424.467	405.372	426.255
00:48:30	30.38	30.923	28.993	83.591	64.471	82.117	251.351	248.446	250.46	427.11	400.945	420.103
00:49:00	29.818	30.371	29.523	80.792	62.51	81.03	248.988	248.048	248.907	422.912	404.456	421.885
00:49:30	29.927	30.798	28.691	80.957	63.226	81.549	251.447	249.239	252.172	421.059	402.779	426.187
00:50:00	30.744	29.986	29.583	82.866	64.075	80.874	249.128	249.39	252.393	426.332	402.084	422.756
00:50:30	29.821	29.497	28.96	81.408	64.395	80.019	252.514	250.914	249.161	421.758	396.854	420.033
00:51:00	30.392	30.468	29.896	79.961	63.048	81.137	251.494	250.141	252.017	418.812	398.973	419.081
00:51:30	28.855	29.479	28.858	81.648	63.34	80.968	247.462	249.364	247.311	424.08	400.619	421.311
00:52:00	29.39	30.718	29.066	81.094	61.456	77.897	252.496	249.177	245.344	418.454	395.749	420.721
00:52:30	29.911	30.212	28.709	82.797	63.057	78.926	251.451	246.255	251.334	419.004	399.534	426.013
00:53:00	29.577	29.522	28.942	81.756	61.53	81.231	249.647	249.559	248.417	426.058	400.607	425.915
00:53:30	29.309	30.991	29.688	81.386	63.643	79.816	247.775	247.882	249.716	424.193	403.636	418.69
00:54:00	29.253	30.175	28.981	81.793	64.095	82.025	251.252	249.409	250.443	421.931	397.157	423.025
00:54:30	31.096	29.066	29.081	79.118	61.092	80.418	251.435	250.382	249.894	419.88	396.716	420.28
00:55:00	29.952	29.407	28.187	82.23	63.075	80.693	251.235	246.599	248.522	419.645	397.082	423.082
00:55:30	27.921	28.764	29.004	80.44	62.472	79.607	247.579	244.337	249.39	418.612	397.91	422.623
00:56:00	29.416	30.415	28.978	79.584	63.679	80.821	251.945	243.641	248.152	417.784	397.798	419.158
00:56:30	30.095	30.298	29.824	80.153	62.251	80.994	250.58	248.538	249.53	418.929	396.126	419.156
00:57:00	29.762	30.223	28.221	80.595	62.567	81.771	248.438	246.896	251.555	419.681	400.947	421.771
00:57:30	30.262	28.008	27.923	80.671	62.884	78.072	245.314	245.374	249.392	418.202	398.542	423.356
00:58:00	28.733	29.237	29.961	79.829	62.521	81.157	252.342	244.822	246.144	425.197	394.933	418.277
00:58:30	30.189	29.751	28.659	80.41	63.004	80.55	248.943	245.997	247.576	425.373	398.229	423.649
00:59:00	29.475	29.469	28.216	79.893	62.03	80.163	250.549	245.494	249.95	424.273	402.314	420.522
00:59:30	28.858	29.604	28.304	81.649	60.317	79.259	246.4	248.774	249.336	421.635	398.296	421.04
01:00:00	28.228	29.116	29.279	79.861	62.856	82.311	251.726	246.39	248.51	420.889	396.065	419.511
01:00:30	29.246	29.8	28.11	80.076	63.305	78.898	253.018	245.974	253.094	418.937	403.147	424.222
01:01:00	29.689	30.467	27.575	81.133	62.983	81.239	248.954	245.674	247.758	425.218	400.453	419.816
01:01:30	28.581	29.523	28.596	80.839	63.662	79.279	247.94	247.636	251.299	424.166	402.405	424.096
01:02:00	28.87	29.101	28.276	80.65	61.954	81.846	248.36	246.754	250.532	420.355	395.581	419.593
01:02:30	28.709	28.892	28.184	80.184	61.347	80.244	253.843	245.197	250.66	424.816	402.677	422.479
01:03:00	29.264	30.779	27.704	77.756	63.184	80.802	248.827	245.267	247.726	423.234	395.908	419.374
01:03:30	28.8	29.528	27.614	80.132	60.509	79.347	248.32	244.701	249.058	419.512	397.08	414.591
01:04:00	27.845	29.144	28.366	78.607	61.618	80.49	252.015	244.569	249.414	419.686	399.322	420.45
01:04:30	28.209	28.539	28.472	78.407	62.628	81.572	250.733	250.447	248.947	415.994	402.234	424.317
01:05:00	29.564	28.441	28.485	80.551	62.619	80.038	248.523	247.874	249.664	421.699	399.052	422.947
01:05:30	28.74	28.951	28.193	78.439	63.022	79.126	247.798	246.998	252.08	419.298	399.728	425.223
01:06:00	28.361	29.428	27.661	79.636	62.555	80.197	245.897	247.189	250.383	423.599	393.98	421.029
01:06:30	29.333	28.746	26.994	78.579	62.269	80.752	245.284	243.346	249.828	417.537	398.704	419.397
01:07:00	28.377	29.426	28.126	80.223	61.428	78.947	244.901	247.727	246.37	418.112	397.011	416.378
01:07:30	28.489	28.368	27.676	79.907	63.479	79.316	249.39	248.427	247.546	420.541	398.5	420.239
01:08:00	28.298	29.151	26.585	80.288	61.64	80.834	248.391	248.203	250.171	418.917	397.354	421.209
01:08:30	29.261	28.863	29.234	80.384	63.95	80.476	250.252	246.6	248.422	420.115	397.228	421.398
01:09:00	28.324	29.419	28.616	79.148	62.473	80.63	245.403	244.377	246.952	422.814	401.179	416.388
01:09:30	29.141	30.389	29.639	80.31	61.501	80.928	248.883	248.165	250.202	419.155	397.978	418.29
01:10:00	29.509	28.775	29.129	77.191	60.408	79.958	245.238	246.408	247.169	420.017	395.837	421.182
01:10:30	28.985	29.808	28.156	79.192	61.389	79.483	248.98	245.075	247.322	421.783	401.209	420.253
01:11:00	28.91	30.227	26.948	79.047	62.083	80.108	247.935	247.836	246.686	420.486	394.449	419.024
01:11:30	28.91	28.527	27.756	78.925	60.555	80.077	247.315	247.908	249.709	420.567	398.468	419.537
01:12:00	28.237	28.682	27.532	80.991	62.294	79.912	247.659	242.069	249.644	422.213	404.342	417.744
01:12:30	29.443	27.964	28.346	79.192	61.052	80.325	249.055	246.067	247.804	417.701	400.628	417.581
01:13:00	29.335	29.846	27.667	79.347	62.003	78.998	248.739	245.41	249.845	420.069	397.887	422.432
01:13:30	27.286	28.936	27.283	82.069	60.232	78.404	250.905	244.152	246.294	421.145	392.786	417.238
01:14:00	29.856	28.842	27.449	79.871	60.965	79.385	247.009	243.01	247.098	419.432	393.281	415.581
01:14:30	28.456	29.88	27.826	80.737	62.189	80.361	247.039	247.192	248.684	419.98	393.663	421.608
01:15:00	28.467	29.626	27.406	78.894	61.593	78.897	247.213	244.126	251.212	417.998	389.807	417.046
01:15:30	26.743	28.72	28.658	80.521	62.925	80.07	244.154	245.97	245.455	424.415	396.949	416.852
01:16:00	29.242	28.657	28.44	77.583	60.012	78.757	244.518	245.272	245.297	419.156	395.505	415.387
01:16:30	28.105	28.869	26.686	79.992	61.196	77.319	246.212	246.871	247.448	419.755	396.239	418.679
01:17:00	28.55	28.347	27.269	79.836	61.032	79.663	247.198	242.71	246.979	419.133	396.523	416.359
01:17:30	27.233	28.731	26.15	80.218	62.446	79.117	246.92	248.151	247.203	422.397	390.894	419.989
01:18:00	27.711	28.509	28.278	79.131	63.002	79.477	247.495	245.059	249.353	423.914	398.468	416.684
01:18:30	28.508	29.089	28.782	79.796	60.878	78.17	247.335	241.794	242.026	415.944	393.479	420.082
01:19:00	28.412	29.922	27.203	79.792	62.59	82.124	245.13	244.505	245.762	418.544	394.03	419.098
01:19:30	29.328	29.405	27.635	77.987	62.886	77.372	249.311	242.216	240.504	413.757	392.883	416.418
01:20:00	30.603	29.344	27.478	79.071	62.66	76.457	243.75	246.738	244.017	417.696	392.21	418.212
01:20:30	27.942	28.517	28.124	79.984	61.383	78.159	246.667	245.999	244.717	415.522	394.77	419.144
01:21:00	29.588	29.614	27.471	78.419	63.203	77.128	247.428	245.257	242.078	416.939	391.002	414.895
01:21:30	28.542	28.358	27.319	78.159	61.477	77.44	246.339	243.147	248.749	414.211	396.11	416.663
01:22:00	28.927	27.689	27.751	79.678	62.213	79.624	250.842	243.323	248.977	417.751	396.748	420.208
01:22:30	28.455	29.159	27.835	77.559	60.497	77.422	246.541	242.111	245.387	415.121	390.933	418.016
01:23:00	29.215	29.679	27.083	79.176	63.179	77.711	240.627	246.666	243.336	413.734	393.562	412.746
01:23:30	28.521	28.803	27.887	80.834	61.223	79.376	245.413	244.322	245.215	413.713	393.426	420.931
01:24:00	27.901	28.639	27.677	79.673	62.334	80.176	245.623	245.27	247.178	415.176	393.811	416.432
01:24:30	28.068	28.399	28.074	78.754	61	78.92	247.071	248.947	246.335	414.693	395.029	412.577
01:25:00	27.712	28.904	26.871	77.556	61.818	78.525	248.862	242.815	247.221	413.753	392.199	415.716
01:25:30	27.909	27.781	29.347	79.5	60.813	80.986	249.153	245.266	248.671	419.303	392.354	418.506
01:26:00	27.659	28.871	27.629	77.638	61.121	79.649	248.238	242.968	245.352	415.456	391.148	414.331
01:26:30	28.4	28.349	27.715	79.585	60.508	78.309	245.338	244.358	245.164	418.53	395.363	418.173
01:27:00	28.423	29.125	26.917	79.523	61.553	81.859	250.763	249.148	244.063	415.617	392.003	414.005
01:27:30	28.201	28.202	27.172	78.809	61.089	80.608	246.747	243.025	244.201	414.354	387.878	412.399
01:28:00	28.642	29.71	26.329	80.254	62.004	80.094	246.619	244.458	245.494	412.601	393.143	415.145
01:28:30	28.082	27.641	28.014	77.296	61.96	78.052	245.166	243.573	244.162	417.191	396.771	417.279
01:29:00	28.178	28.664	26.752	78.258	61.461	77.326	244.257	240.178	246.963	416.904	395.604	416.647
01:29:30	28.625	28.978	27.849	78.186	62.324	78.442	244.94	245.105	246.713	409.309	391.552	413.325
01:30:00	29.133	28.467	27.424	78.6	63.62	76.345	242.638	244.666	243.327	414.994	394.755	415.78
01:30:30	29.126	28.508	27.757	78.314	61.511	79.539	249.349	243.235	246.132	415.316	392.62	414.528
01:31:00	28.986	28.794	27.125	76.797	60.609	78.923	247.245	246.193	242.641	414.599	392.032	415.618
01:31:30	29.012	29.734	27.672	78.889	62.04	79.406	248.178	242.837	247.562	414.518	391.028	413.017
01:32:00	27.807	29.065	28.664	77.673	60.611	78.384	245.164	246.893	247.495	410.246	391.867	415.948
01:32:30	27.817	29.656	27.375	78.553	60.829	78.144	242.998	243.844	241.928	413.41	388.29	405.894
01:33:00	29.27	28.005	26.513	78.879	61.144	79.954	244.432	240.179	244.274	413.522	391.286	413.149
01:33:30	27.84	29.192	27.267	78.801	60.672	80.201	248.364	243.589	243.105	411.812	391.04	418.556
01:34:00	28.484	27.698	26.171	79.996	61.891	79.016	244.686	242.161	243.896	415.502	393.458	410.961
01:34:30	28.622	27.673	27.649	77.943	61.474	78.257	246.458	241.112	244.297	416.67	386.312	414.807
01:35:00	28.617	28.003	26.775	78.598	62.242	79.672	247.338	241.425	246.898	415.716	393.133	418.147
01:35:30	27.211	28.637	28.855	78.36	61.695	78.468	242.677	244.389	251.364	411.607	388.858	413.785
01:36:00	28.266	29.389	27.383	79.311	63.096	78.028	244.272	240.86	246.34	411.717	389.804	412.915
01:36:30	28.451	28.817	26.815	80.374	61.054	81.256	246.911	244.052	249.247	412.506	395.468	412.692
01:37:00	28.294	28.441	27.04	76.82	60.726	77.828	246.631	242.81	246.722	416.79	398.316	414.718
01:37:30	27.634	29.741	27.04	78.294	62.782	79.138	247.083	244.006	244.646	412.546	395.858	422.562
01:38:00	29.287	28.946	27.877	78.264	57.166	79.344	245.941	240.009	243.437	410.757	397.142	410.138
01:38:30	28.367	28.557	26.472	78.025	61.026	78.503	243.994	240.397	243.305	414.514	391.844	413.272
01:39:00	29.269	28.789	26.609	78.874	60.214	79.658	245.495	240.463	245.86	414.844	388.843	417.474
01:39:30	27.993	29.496	26.788	78.002	61.346	80.066	249.398	244.129	246.38	414.9	397.073	417.945
01:40:00	27.5	28.535	26.705	79.092	61.005	80.132	245.305	245.393	244.601	416.514	394.182	419.272
01:40:30	29.089	29.188	26.112	79.188	61.109	77.623	243.106	245.085	244.721	416.861	390.635	413.343
01:41:00	28.084	28.224	27.608	78.386	60.959	77.135	245.868	243.329	241.146	416.138	386.885	410.989
01:41:30	28.494	28.322	26.561	80.758	62.099	79.055	245.732	241.336	244.84	416.965	393.32	412.298
01:42:00	29.417	26.903	26.494	79.329	61.578	78.321	242.476	241.194	243.036	412.876	389.859	413.79
01:42:30	27.141	28.877	27.204	80.231	61.127	80.676	243.203	243.407	242.074	412.435	389.398	405.337
01:43:00	29.37	30.08	27.412	79.762	61.98	78.341	246.206	243.645	246.174	415.678	395.286	415.246
01:43:30	28.533	29.345	27.722	78.971	59.408	79.099	247.903	245.498	248.216	414.768	394.752	417.346
01:44:00	28.409	29.294	27.583	78.737	61.396	78.295	246.769	244.845	243.157	412.6	393.065	412.87
01:44:30	28.82	29.663	27.201	79.223	61.48	77.49	245.045	240.363	246.228	412.669	393.104	417.491
01:45:00	28.322	27.816	26.469	77.762	61.341	77.599	241.445	237.83	245.038	410.26	391.435	413.534
01:45:30	28.534	27.721	27.836	78.169	62.549	80.095	243.819	241.35	241.989	411.487	390.67	415.876
01:46:00	28.843	28.023	28.034	82.009	62.28	77.156	246.332	240.924	242.328	415.74	397.249	411.416
01:46:30	28.929	27.779	28.259	80.153	60.607	78.925	243.84	242.392	248.217	408.817	392.031	416.382
01:47:00	27.443	28.586	26.725	77.493	60.99	79.354	242.943	239.392	244.066	411.032	386.139	413.642
01:47:30	27.663	28.084	27.143	76.652	58.404	79.848	245.357	242.757	244.616	414.768	391.438	419.675
01:48:00	28.984	28.132	26.909	77.564	60.677	78.839	243.725	242.482	242.461	416.883	392.066	411.964
01:48:30	28.481	27.752	27.984	76.891	62.713	76.389	242.563	238.314	241.267	408.701	390.369	415.056
01:49:00	29.274	29.649	27.867	78.554	61.355	77.42	246.797	241.5	245.797	414.758	394.073	414.251
01:49:30	29.272	28.716	27.994	78.298	60.901	79.542	246.228	239.406	240.335	411.329	387.805	408.819
01:50:00	28.334	29.38	28.333	79.004	61.761	78.452	244.615	242.359	243.131	411.387	390.123	412.279
01:50:30	29.776	28.626	27.858	77.47	60.14	80.155	245.978	244.228	244.865	410.602	396.655	416.874
01:51:00	29.288	27.733	26.893	78.734	61.599	77.808	244.685	243.957	245.208	410.861	392.234	416.801
01:51:30	28.846	28.284	27.499	79.028	62.963	80.241	242.002	242.113	246.64	412.808	391.196	414.387
01:52:00	28.483	28.647	27.514	78.95	60.038	77.683	244.54	239.8	241.13	406.864	390.513	411.237
01:52:30	28.003	27.435	26.502	79.446	63.955	78.889	244.633	244.223	245.055	417.612	390.651	420.975
01:53:00	28.387	28.018	28.015	80.21	62.222	79.552	246.571	244.451	245.883	419.723	393.195	408.011
01:53:30	28.461	29.274	27.919	76.46	61.444	79.8	248.913	243.5	246.52	410.365	391.235	410.529
01:54:00	28.373	28.608	27.298	79.422	61.63	78.111	247.644	242.047	240.086	409.748	392.136	409.358
01:54:30	29.456	29.319	27.13	79.802	61.595	78.288	243.738	242.023	242.507	415.667	393.216	410.927
01:55:00	29.19	29.351	27.772	80.011	61.016	77.97	244.908	242.981	242.685	409.083	391.61	415.012
01:55:30	28.789	28.703	28.445	77.773	61.68	79.15	246.016	245.844	241.099	410.877	395.331	416.049
01:56:00	29.487	29.126	28.328	79.373	60.379	77.814	244.938	244.742	245.76	412.931	395.774	411.933
01:56:30	28.816	27.696	28.927	78.519	62.364	78.116	246.441	239.332	245.687	411.831	391.864	411.963
01:57:00	28.699	28.474	26.63	78.369	60.815	78.989	247.023	242.648	244.941	409.874	392.775	411.029
01:57:30	28.689	29.002	27.617	78.085	61.199	78.71	246.523	240.972	246.142	409.871	390.439	411.831
01:58:00	28.715	29.186	26.873	78.771	60.872	77.717	244.383	241.702	246.322	407.363	386.563	407.652
01:58:30	29.701	29.3	27.417	79.238	61.895	79.594	246.734	239.891	247.54	415.317	387.112	409.932
01:59:00	29.831	28.821	28.993	78.494	60.053	78.432	247.947	241.647	244.484	412.671	390.384	413.387
01:59:30	27.947	29.767	26.526	81.337	61.754	78.723	247.113	241.908	243.527	413.301	393.611	414.308
02:00:00	28.76	28.497	27.543	79.02	61.473	78.993	244.15	242.329	242.63	418.207	392.417	416.181