Time	25_1	25_2	25_3	50_1	50_2	50_3	100_1	100_2	100_3	150_1	150_2	150_3
00:00:00	69.19	62.699	63.825	122.505	127.231	133.767	245.47	249.278	244.662	365.244	360.821	347.652
00:00:30	65.449	62.447	59.336	119.648	119.393	121.334	239.343	242.751	238.696	355.637	343.782	339.787
00:01:00	62.379	57.934	58.058	115.391	113.802	111.349	228.956	231.867	227.709	341.431	333.288	325.108
00:01:30	56.548	54.439	57.318	109.828	109.98	108.831	223.08	222.367	214.816	333.448	321.228	313.757
00:02:00	55.081	53.749	54.128	105.689	105.624	102.431	213.38	219.135	208.89	322.852	314.749	310.61
00:02:30	52.647	53.35	52.016	105.18	98.831	98.38	206.151	207.121	201.131	318.707	308.251	302.682
00:03:00	51.404	48.44	51.032	99.551	96.796	96.81	201.727	204.641	195.602	311.568	302.505	299.342
00:03:30	48.939	48.138	48.986	100.368	96.37	93.94	198.57	197.189	192.192	313.464	302.41	301.84
00:04:00	48.493	46.633	47.67	97.21	91.684	90.867	194.23	192.395	188.991	306.169	302.767	295.382
00:04:30	46.52	46.042	47.907	95.604	91.573	89.986	193.657	190.984	186.549	311.186	299.149	292.233
00:05:00	43.389	42.364	46.688	92.404	89.076	85.61	188.78	186.472	180.049	304.404	296.741	291.705
00:05:30	42.131	42.161	43.076	90.334	89.036	85.014	180.218	182.237	178.849	305.42	296.618	290.197
00:06:00	40.645	40.862	42.016	88.641	84.845	83.703	175.762	180.725	178.633	303.539	286.888	285.533
00:06:30	40.842	40.255	42.016	86.073	82.309	80.801	174.214	177.157	175.68	297.609	285.782	286.151
00:07:00	38.609	39.309	41.923	85.925	82.747	80.315	169.733	179.735	172.039	294.896	290.94	285.43
00:07:30	36.263	38.855	40.032	85.722	80.036	79.247	167.759	171.765	171.907	294.562	284.828	282.401
00:08:00	36.887	36.511	37.892	82.762	79.627	78.193	167.042	170.365	170.293	301.775	282.2	279.882
00:08:30	36.227	35.828	38.576	82.204	79.434	74.324	167.621	172.326	170.392	295.972	286.383	281.439
00:09:00	33.738	36.681	38.563	78.153	76.911	73.273	162.714	169.873	168.065	291.498	286.761	276.214
00:09:30	34.414	34.718	38.59	77.681	72.607	72.565	161.809	169.209	166.331	294.983	282.169	273.121
00:10:00	32.751	34.416	37.354	76.241	72.989	73.735	158.827	167.24	164.672	294.282	283.178	277.376
00:10:30	32.318	33.796	35.654	73.676	72.923	70.41	156.593	166.468	161.94	291.759	281.336	277.883
00:11:00	31.933	31.598	33.273	73.343	71.83	68.004	159.601	168.783	164.821	294.339	279.723	276.593
00:11:30	31.441	32.509	35.097	72.784	69.519	67.062	157.78	165.891	162.663	286.841	282.175	275.488
00:12:00	30.488	31.154	34.617	72.883	69.331	67.538	153.853	164.284	164.3	288.533	280.342	276.442
00:12:30	29.703	31.794	32.965	71.329	69.978	65.333	155.42	163.006	160.626	291.446	281.854	274.827
00:13:00	29.058	30.835	33.212	69.988	66.495	66.094	154.163	162.43	162.318	283.754	277.744	271.663
00:13:30	29.261	31.085	31.756	69.526	66.997	65.702	153.172	161.366	158.337	287.428	276.486	269.764
00:14:00	27.689	30.598	31.028	67.039	66.65	63.548	149.507	163.628	159.053	284.773	277.45	272.586
00:14:30	27.669	29.617	32.006	66.312	63.91	63.193	151.431	160.354	161.23	284.637	276.675	268.81
00:15:00	27.854	28.121	31.27	68.527	65.438	62.934	149.787	162.954	156.322	289.299	278.583	273.073
00:15:30	27.754	28.411	30.685	66.983	65.126	60.405	152.524	162.435	158.478	288.008	276.395	274.258
00:16:00	26.722	28.652	30.014	64.707	64.417	60.16	148.1	160.43	157.703	285.215	273.975	270.736
00:16:30	25.809	27.056	29.401	63.061	62.086	61.881	147.313	159.536	155.375	285.113	274.45	266.646
00:17:00	25.671	29.018	29.914	63.976	60.786	59.55	148.845	158.371	158.361	284.202	275.346	272.313
00:17:30	26.584	26.908	29.689	63.314	61.916	58.698	148.828	162.735	155.937	287.351	272.78	270.816
00:18:00	26.425	27.822	28.216	63.204	60.258	58.913	148.485	159.129	157.777	286.413	273.231	267.768
00:18:30	24.63	27.05	29.67	61.788	60.42	58.737	148.755	159.626	159.56	286.148	274.457	271.556
00:19:00	24.366	26.232	26.922	62.358	61.815	57.483	148	158.489	155.8	283.52	272.078	263.365
00:19:30	24.049	26.129	25.746	61.073	59.732	57.774	150.178	158.718	153.928	280.971	272.379	270.065
00:20:00	22.84	24.35	26.515	59.656	57.523	56.29	144.815	155.004	154.78	283.521	274.439	267.185
00:20:30	24.083	24.893	27.728	59.57	57.881	55.764	147.324	158.073	154.714	283.637	269.925	264.857
00:21:00	24.692	24.361	26.483	59.791	57.335	56.253	146.79	154.827	156.637	279.273	275.454	264.473
00:21:30	23.137	24.898	25.532	59.11	56.485	55.964	147.193	155.648	154.761	283.355	270.924	269.461
00:22:00	22.602	23.362	24.856	59.644	56.124	54.898	146.354	158.174	155.159	281.468	268.279	269.077
00:22:30	22.613	23.771	25.622	55.88	55.987	53.695	148.563	155.42	152.218	279.916	272.538	266.07
00:23:00	23.51	23.995	25.644	56.528	54.573	54.302	145.552	155.99	153.411	280.406	270.786	266.583
00:23:30	23.692	22.555	24.154	56.918	54.82	51.728	142.865	153.501	155.392	282.095	273.77	263.51
00:24:00	22.029	23.135	24.665	58.348	53.615	52.591	140.062	154.763	153.299	276.816	273.305	267.252
00:24:30	22.06	21.728	24.043	56.055	52.217	51.044	144.575	155.896	151.516	278.909	273.338	267.73
00:25:00	20.393	22.621	24.932	55.173	51.025	49.507	141.459	153.55	152.022	281.566	268.983	266.175
00:25:30	21.646	21.818	24.434	57.421	51.975	50.447	141.626	151.945	149.956	275.062	268.154	267.901
00:26:00	20.566	22.108	25.036	55.633	51.026	49.87	140.759	154.228	150.607	278.118	266.974	261.809
00:26:30	20.796	22.512	22.214	54.552	50.923	49.533	140.886	153.107	153.539	277.654	266.06	263.353
00:27:00	20.948	21.755	21.831	55.42	49.939	48.935	142.15	152.23	147.881	278.825	267.583	259.918
00:27:30	20.66	20.645	23.675	53.191	50.873	47.969	140.085	154.913	150.362	280.78	268.394	261.156
00:28:00	20.322	20.934	23.079	52.864	48.36	49.119	140.806	150.768	149.428	275.726	272.673	263.766
00:28:30	19.975	21.454	22.763	53.677	48.075	48.776	141.209	152.801	149.343	276.815	266.407	259.432
00:29:00	20.541	21.292	21.715	53.606	49.654	46.372	143.133	153.605	150.289	274.647	269.003	261.958
00:29:30	20.822	21.34	21.871	52.45	48.616	47.293	142.232	151.418	154.635	279.543	266.037	261.377
00:30:00	19.462	21.277	22.288	53.691	46.764	48.17	141.397	153.006	152.66	276.574	271.013	261.749
00:30:30	21.534	20.381	21.594	51.991	47.262	47.623	142.555	150.075	149.494	278.656	267.209	267.392
00:31:00	19.652	20.646	21.816	51.817	48.022	47.247	140.816	151.96	150.245	277.879	269.425	263.619
00:31:30	19.368	19.414	22.105	52.162	46.763	46.781	140.097	151.246	151.895	276.184	268.26	266.163
00:32:00	19.443	19.945	20.944	53.324	45.103	46.088	141.68	153.896	152.816	276.294	268.083	258.161
00:32:30	20.342	20.104	21.634	51.867	46.977	44.688	143.193	150.066	145.413	278.047	266.668	261.739
00:33:00	18.711	20.009	20.851	51.505	45.234	44.819	140.213	148.387	147.848	273.174	267.94	260.114
00:33:30	18.256	20.225	20.733	51.205	45.787	45.95	140.769	150.016	151.395	276.607	268.963	261.982
00:34:00	19.223	19.332	20.698	53.129	45.189	46.422	140.768	151.872	146.955	276.451	268.08	264.44
00:34:30	18.665	19.879	19.44	50.312	45.715	44.36	137.758	149.668	149.262	274.115	267.704	263.524
00:35:00	17.653	19.216	20.799	49.313	44.327	46.191	137.741	149.307	147.587	275.524	269.538	263.426
00:35:30	17.366	18.682	20.397	50.169	44.981	46.934	139.566	150.26	150.393	272.515	264.752	260.021
00:36:00	19.02	18.61	20.833	48.888	44.924	44.365	140.666	148.845	151.004	275.132	265.077	264.108
00:36:30	18.427	18.415	20.942	48.663	44.786	46.45	140.875	147.313	147.409	273.517	266.698	262.88
00:37:00	18.125	18.67	20.27	51.127	43.244	43.565	137.985	147.935	148.897	275.2	264.017	259.389
00:37:30	17.473	18.847	19.867	50.087	44.192	43.816	137.576	149.299	146.422	274.763	267.931	261.044
00:38:00	18.276	19.401	19.453	51.233	44.467	44.638	137.106	147.709	150.63	276.589	261.546	261.888
00:38:30	17.974	18.407	19.048	49.774	44.164	43.022	138.19	151.822	150.036	275.538	265.005	261.183
00:39:00	17.373	18.719	20.004	48.958	44.704	44.123	141.15	147.596	147.252	277.243	267.274	258.568
00:39:30	17.067	17.886	20.072	49.983	44.257	43.596	137.348	149.719	147.472	274.065	264.563	258.796
00:40:00	16.103	17.959	19.447	50.014	44.062	42.029	138.523	146.944	144.426	271.473	266.899	258.63
00:40:30	17.935	18.141	19.795	48.766	43.316	41.86	138.746	144.965	148.824	273.972	265.125	257.602
00:41:00	16.967	18.141	20.025	48.239	43.499	42.673	137.553	150.895	148.678	274.857	267.559	263.301
00:41:30	17.342	17.836	18.911	48.581	43.07	42.122	139.309	151.313	149.258	273.809	262.859	263.476
00:42:00	16.468	17.905	19.537	49.344	42.596	42.579	140.11	148.624	147.402	273.327	263.297	260.511
00:42:30	17.042	18.54	19	47.136	43.37	41.339	136.821	146.184	146.753	277.047	266.064	262.641
00:43:00	17.1	17.325	19.016	46.86	43.774	43.05	138.86	148.432	147.918	270.891	267.026	260.198
00:43:30	16.621	17.949	18.698	46.194	41.686	42.978	137.739	147.964	143.882	273.351	266.279	258.012
00:44:00	17.146	17.436	18.64	47.363	42.865	42.517	138.996	148.296	143.424	272.552	263.206	262.474
00:44:30	15.959	17.726	18.286	47.864	42.676	41.338	136.93	145.349	146.963	270.09	261.937	257.837
00:45:00	17.167	18.861	18.505	47.079	41.396	42.913	137.109	147.691	146.928	270.929	262.804	258.755
00:45:30	16.936	17.757	18.347	47.444	40.516	41.377	134.573	145.16	147.082	271.614	262.117	258.302
00:46:00	17.149	17.994	18.572	46.966	42.729	41.397	138.877	148.169	149.126	273.209	265.06	257.601
00:46:30	17.105	16.95	18.505	45.597	40.331	41.775	136.131	149.741	146.443	269.988	265.747	258.045
00:47:00	16.655	17.618	18.772	45.731	41.54	41.962	137.731	147.301	148.436	272.759	264.028	256.416
00:47:30	15.861	17.242	17.826	45.413	41.233	41.185	138.369	146.838	145.418	275.347	263.58	254.848
00:48:00	16.909	18.214	17.271	45.805	41.176	41.755	138.636	148.936	146.525	272.777	262.1	258.635
00:48:30	15.533	16.448	17.451	45.914	41.515	40.794	137.512	148.291	145.746	273.303	266.044	256.875
00:49:00	16.221	16.64	18.455	45.004	41.236	41.416	135.949	148.017	147.793	271.179	260.281	258.932
00:49:30	17.568	17.173	18.11	45.296	40.799	40.06	138.148	148.253	146.082	272.397	263.425	256.595
00:50:00	16.569	15.768	17.628	45.951	41.99	42.145	137.681	146.826	145.053	272.46	262.475	256.311
00:50:30	16.693	16.111	18.809	46.443	40.544	40.427	134.755	147.388	145.411	270.331	261.983	257.227
00:51:00	15.957	16.745	17.294	44.126	40.801	41.234	136.795	148.101	144.979	270.643	264.15	258.357
00:51:30	15.395	16.642	18.18	47.026	40.257	40.683	137.649	144.918	144.541	267.814	264.514	257.375
00:52:00	16.325	16.283	17.421	44.974	40.712	41.233	135.996	148.207	145.508	271.553	266.904	259.949
00:52:30	15.43	15.955	17.8	44.937	41.003	39.8	137.335	146.337	148.085	271.008	261.181	256.735
00:53:00	16.964	15.603	16.873	45.943	39.459	39.291	135.931	146.082	144.417	271.31	263.745	255.966
00:53:30	15.509	16.252	17.699	44.535	39.928	39.923	136.279	145.754	144.975	272.356	263.056	258.753
00:54:00	16.046	15.853	18.229	44.152	38.765	41.032	136.783	147.116	147.834	270.421	263.432	254.513
00:54:30	15.079	16.594	16.736	44.605	40.099	39.635	135.507	143.737	146.462	271.205	262.683	257.224
00:55:00	14.355	15.689	17.612	42.317	39.376	39.23	136.337	146.787	143.982	268.023	260.84	257.336
00:55:30	15.32	16.357	17.208	42.976	38.308	40.068	132.823	145.389	144.778	270.517	260.133	257.238
00:56:00	16.289	16.94	17.756	42.654	39.668	41.449	136.713	146.635	145.023	269.179	259.865	253.852
00:56:30	16.546	15.801	17.44	43.39	37.575	39.829	134.503	146.239	145.924	272.64	259.049	255.47
00:57:00	15.677	16.905	18.56	42.978	37.704	40.227	136.648	144.965	148.339	267.417	261.378	255.576
00:57:30	16.606	17.38	16.169	42.285	39.362	39.705	137.538	147.913	148.031	272.536	261.895	258.566
00:58:00	15.668	16.679	16.917	41.794	38.427	39.01	133.712	145.444	145.634	267.277	258.891	256.451
00:58:30	15.975	16.089	16.312	42.502	37.99	38.836	136.839	146.891	144.207	270.015	262.315	252.761
00:59:00	16.166	16.369	17.09	41.848	39.524	39.945	138.815	146.023	144.486	264.975	262.246	255.129
00:59:30	15.941	16.017	16.965	42.184	38.642	40.697	134.518	143.799	142.745	270.332	263.664	253.665
01:00:00	15.515	16.075	16.44	42.489	38.9	38.141	137.282	147.302	146.914	268.743	263.702	256.339
01:00:30	15.893	16.324	17.245	42.601	39.064	39.024	133.657	145.765	145.131	272.463	263.154	257.168
01:01:00	15.664	16.501	17.698	42.159	38.269	38.404	136.815	144.839	144.046	271.128	257.967	254.296
01:01:30	15.549	15.338	16.407	42.476	39.931	39.561	135.921	144.42	144.233	271.145	260.671	257.224
01:02:00	15.804	16.15	17.748	42.73	38.884	39.147	137.594	144.928	145.329	270.471	265.243	256.663
01:02:30	14.584	16.259	16.513	41.725	37.81	36.857	134.736	147.694	144.785	268.375	262.627	255.266
01:03:00	14.462	16.037	17.33	42.491	37.165	38.525	134.088	143.996	145.84	274.458	262.82	259.589
01:03:30	14.848	15.636	18.044	39.271	39.082	38.762	134.828	144.814	145.697	271.186	258.978	253.902
01:04:00	14.96	14.681	17.133	42.008	37.697	38.484	134.419	146.713	145.956	269.415	262.052	254.627
01:04:30	15.56	16.647	17.267	42.288	37.992	38.251	134.255	146.377	145.92	265.092	261.747	253.912
01:05:00	15.286	16.027	16.646	40.888	36.695	38.082	134.871	147.301	142.856	268.69	262.546	253.412
01:05:30	15.354	15.044	16.797	41.621	37.738	37.872	131.058	146.271	143.487	269.334	259.473	251.092
01:06:00	15.395	15.266	16.327	40.517	39.328	38.304	136.1	146.328	144.814	270.001	259.957	256.46
01:06:30	15.752	16.339	16.756	41.049	37.923	38.206	132.17	147.014	144.967	266.25	256.607	254.125
01:07:00	15.667	16.25	15.589	41.68	39.309	38.655	136.993	147.521	145.181	268.123	264.221	255.751
01:07:30	15.202	15.568	16.593	40.825	37.459	37.583	136.294	145.441	144.546	269.489	261.121	254.017
01:08:00	14.509	16.268	16.05	40.365	37.224	38.382	133.155	144.13	144.818	269.442	258.588	254.349
01:08:30	14.944	15.965	16.088	41.444	38.681	37.236	134.194	141.983	143.05	269.601	261.073	254.438
01:09:00	15.383	16.564	16.791	39.669	35.736	37.116	134.617	145.939	144.215	270.393	258.589	256.079
01:09:30	15.235	15.245	16.134	40.918	36.405	38.571	134.908	142.551	144.731	270.169	263.174	256.868
01:10:00	15.097	15.726	16.577	39.968	36.563	37.623	134.193	147.629	141.397	269.084	260.389	255.319
01:10:30	14.967	15.701	16.63	40.773	38.163	37.643	136.376	147.309	142.685	270.913	262.318	254.429
01:11:00	15.203	15.054	15.243	39.23	37.833	36.606	135.652	145.678	143.288	265.821	260.297	250.156
01:11:30	15.016	15.083	16.178	39.82	37.196	37.971	134.192	147.737	145.266	270.6	257.292	249.547
01:12:00	14.884	15.807	16.144	40.626	36.91	37.352	134.459	142.186	143.391	268.355	258.092	254.217
01:12:30	15.152	15.858	16.474	40.495	36.547	37.08	137.857	144.413	146.956	266.011	263.577	254.842
01:13:00	14.716	15.141	16.698	40.729	37.275	36.854	135.712	145.51	142.21	265.237	260.332	256.433
01:13:30	14.859	15.849	17.169	39.389	37.417	37.57	134.093	144.137	144.136	266.341	261.967	250.028
01:14:00	15.016	15.763	15.953	39.571	37.632	37.195	134.647	146.108	144.432	267.727	261.987	253.08
01:14:30	14.973	15.461	15.794	39.598	36.666	38.122	134.875	146.035	144.534	269.968	254.793	252.851
01:15:00	15.481	14.443	17.354	39.353	36.004	36.466	133.789	144.787	142.988	264.874	259.521	253.247
01:15:30	14.403	15.783	16.694	40.13	36.705	36.098	132.702	143.893	144.023	268.116	260.792	253.4
01:16:00	14.951	15.712	16.235	38.786	36.526	37.291	133.932	145.883	144.428	270.446	261.823	253.877
01:16:30	15.371	15.849	15.812	38.642	36.12	35.787	133.976	143.728	144.284	266.735	256.124	252.735
01:17:00	14.044	16.353	16.904	38.346	37.017	36.856	133.104	145.889	144.035	265.955	260.654	253.445
01:17:30	13.364	15.322	16.174	37.568	36.004	37.948	135.656	142.717	142.629	266.586	260.927	254.511
01:18:00	14.994	15.397	16.751	36.751	35.378	34.96	135.352	145.153	144.527	267.443	258.41	250.375
01:18:30	15.147	15.146	16.114	39.563	36.738	36.832	133.685	142.026	142.573	269.188	260.567	249.619
01:19:00	14.954	15.609	15.586	37.965	36.94	36.446	136.329	145.157	143.347	267.997	257.493	255.306
01:19:30	14.371	15.579	16.768	36.456	36.152	36.337	135.825	145.461	141.737	268.146	259.669	253.663
01:20:00	14.231	15.312	15.726	35.804	36.543	36.493	132.905	143.78	143.739	265.076	257.492	251.531
01:20:30	15.183	15.991	15.49	38.208	36.195	35.829	133.912	145.968	145.287	269.828	256.034	257.016
01:21:00	14.624	15.506	16.607	36.384	36.406	36.442	135.093	146.439	144.582	267.953	258.526	250.39
01:21:30	14.648	15.286	15.65	36.329	36.475	36.723	135.172	142.918	141.296	267.615	261.054	253.216
01:22:00	14.296	16.037	15.802	38.589	36.032	37.653	133.49	142.565	140.492	265.154	258.341	255.446
01:22:30	14.946	14.804	15.567	36.207	36.388	35.941	133.238	145.929	144.537	264.987	261.289	254.972
01:23:00	15.115	14.901	15.2	37.299	37.306	36.884	131.708	143.58	145.215	272.978	259.592	251.754
01:23:30	14.977	15.214	17.174	36.278	35.725	36.352	133.707	144.214	143.621	266.622	260.486	256.076
01:24:00	15.403	14.741	16.234	35.857	35.855	36.653	133.838	143.7	142.159	266.877	261.015	251.788
01:24:30	14.361	15.164	16.349	34.914	34.768	35.317	135.123	143.644	141.377	262.284	258.725	250.459
01:25:00	15.178	15.245	15.446	37.947	34.977	37.664	131.145	146.105	145.21	268.034	261.152	252.321
01:25:30	14.877	15.544	16.766	37.15	35.463	36.156	134.842	143.094	143.694	268.427	259.258	254.108
01:26:00	14.969	15.086	16.036	36.906	36.458	35.723	135.824	145.467	144.589	268.941	256.508	253.292
01:26:30	14.62	15.765	17.93	37.61	35.193	35.801	135.563	147.566	141.253	270.575	264.148	252.047
01:27:00	13.884	15.686	16.281	35.753	35.447	35.362	135.018	144.885	141.282	267.028	260.319	255.162
01:27:30	14.715	14.593	15.747	37.438	35.337	35.027	133.781	144.933	140.659	264.226	254.959	249.59
01:28:00	14.173	14.368	16.021	36.582	35.305	36.134	133.556	143.961	142.286	269.246	257.553	251.286
01:28:30	15.265	15.227	15.669	34.726	34.917	34.509	134.215	145.459	141.376	263.838	259.13	251.328
01:29:00	14.573	16.38	16.078	36.636	35.239	35.508	133.99	142.719	145.111	267.937	258.593	251.952
01:29:30	15.188	15.774	16.696	36.671	36.61	36.512	134.417	145.088	142.133	265.059	257.936	253.503
01:30:00	14.222	15.186	16.353	35.804	35.227	35.879	135.195	143.059	140.685	263.654	258.242	252.123
01:30:30	14.575	15.458	14.943	37.452	35.074	35.591	134.743	146.524	143.852	268.698	257.387	253.098
01:31:00	14.42	14.63	15.611	35.876	33.893	35.916	135.224	143.191	139.888	262.655	256.625	250.044
01:31:30	15.024	14.621	15.751	34.604	35.656	35.437	132.407	144.143	145.959	268.973	259.225	253.985
01:32:00	14.6	15.103	15.414	35.946	35.032	34.52	134.089	141.614	142.934	268.19	256.986	250.945
01:32:30	14.797	15.552	15.846	35.835	35.99	34.832	132.344	142.848	142.974	268.02	259.104	252.315
01:33:00	14.747	15.443	15.423	35.402	35.242	35.275	133.178	146.807	138.805	267.057	258.288	252.171
01:33:30	15.398	15.52	15.549	34.726	35.546	35.173	131.193	143.322	144.265	267.298	260.333	253.065
01:34:00	15.336	14.738	15.321	35.355	34.578	34.959	131.55	141.873	141.563	267.318	257.675	251.252
01:34:30	14.716	14.937	15.73	36.006	35.378	37.466	131.452	142.814	141.731	268.057	255.743	250.534
01:35:00	15.409	14.327	16.407	35.857	35.332	35.771	134.418	143.026	143.706	259.981	257.039	250.358
01:35:30	14.857	15.097	16.244	35.821	36.355	35.508	136.446	144.975	143.4	263.647	259.063	250.716
01:36:00	15.104	15.313	16.28	35.993	34.779	35.359	134.263	142.732	143.005	267.963	258.964	251.297
01:36:30	15.05	15.523	15.527	35.717	35.337	34.423	133.702	144.338	142.516	266.183	259.415	250.063
01:37:00	14.256	14.288	15.345	34.979	35.333	36.48	133.797	142.172	143.194	265.024	257.948	253.229
01:37:30	14.098	15.741	16.208	35.343	35.473	35.933	130.617	143.79	142.926	264.392	257.017	248.886
01:38:00	15.602	14.961	16.401	35.581	35.442	35	134.038	144.615	141.228	264.144	259.627	253.49
01:38:30	15.014	14.457	15.565	35.735	34.819	35.092	133.088	142.435	143.16	265.199	260.236	246.809
01:39:00	15.061	15.28	15.663	34.953	35.017	36.901	135.692	144.14	142.548	266.505	259.359	252.544
01:39:30	15.145	14.368	15.87	35.94	35.24	35.385	134.626	145.698	140.688	269.459	261.961	250.761
01:40:00	15.288	15.061	16.022	34.958	34.81	36.629	134.756	144.023	140.772	264.744	258.809	251.402
01:40:30	13.717	14.407	16.116	34.78	35.143	34.405	134.749	143.19	143.114	263.094	257.239	250.051
01:41:00	13.544	15.379	16.841	36.859	33.857	36.508	130.471	144.73	142.773	265.12	255.173	252.844
01:41:30	14.75	16.133	16.099	35.474	34.205	34.836	133.879	147.656	142.962	262.485	258.191	250.798
01:42:00	14.255	14.368	16.453	35.846	34.615	34.296	134.792	143.743	144.107	265.21	259.111	252.59
01:42:30	15.466	15.784	14.934	35.362	35.737	35.422	134.033	144.765	143.566	265.888	257.118	250.452
01:43:00	14.818	15.126	15.331	34.417	35.298	35.41	137.274	143.313	142.637	269.237	257.028	248.13
01:43:30	14.756	16.736	15.368	36.52	36.6	35.336	136.805	143.26	141.403	265.1	257.865	249.561
01:44:00	14.802	15.361	15.134	34.751	34.369	34.944	135.012	143.521	141.449	264.717	256.932	252.661
01:44:30	14.542	14.958	15.51	35.363	35.346	36.257	134.34	144.064	143.03	266.763	256.822	252.701
01:45:00	14.612	15.379	16.601	35.213	34.878	35.744	134.333	144.172	142.846	268.496	255.905	255.019
01:45:30	15.227	15.604	16.017	35.442	34.657	36.115	130.569	141.286	141.423	263.124	258.453	250.298
01:46:00	14.996	15.235	15.789	35.808	35.698	34.613	136.061	143.765	141.608	263.163	257.323	250.552
01:46:30	15.074	15.689	15.73	37.453	34.013	35.55	134.379	144.046	143.86	263.88	254.631	249.959
01:47:00	14.022	14.989	16.756	35.276	35.228	35.039	135.999	144.389	144.003	267.3	258.007	248.162
01:47:30	14.63	15.393	16.174	36.337	35.917	36.408	132.293	146.09	142.309	265.735	257.295	249.792
01:48:00	14.705	15.18	15.581	36.411	33.63	36.538	131.786	147.024	142.495	268.312	259.888	250.623
01:48:30	15.165	14.12	16.653	34.403	33.907	35.253	132.674	141.3	142.777	264.904	255.668	248.275
01:49:00	14.36	15.805	15.35	34.507	33.318	36.906	133.638	145.917	143.258	266.347	257.219	252.608
01:49:30	13.826	14.698	15.879	34.635	34.736	35.511	134.133	144.935	143.641	264.616	259.67	252.799
01:50:00	14.746	14.506	15.695	36.526	35.212	35.05	132.965	143.863	143.116	265.421	254.166	247.893
01:50:30	14.582	14.78	15.23	36.014	35.422	35.855	134.53	145.215	143.207	266.829	256.626	255.05
01:51:00	13.848	14.667	15.85	35.366	36.089	35.032	132.587	143.278	142.07	266.715	256.619	251.997
01:51:30	15.151	15.529	15.732	34.256	35.577	34.782	132.366	146.33	143.377	265.314	256.652	250.013
01:52:00	14.902	15.076	15.348	35.109	35.496	35.574	134.924	144.834	143.226	265.521	259.837	251.742
01:52:30	14.59	14.349	16.961	33.557	35.111	35.801	132.198	142.881	139.507	268.257	257.169	249.094
01:53:00	14.839	15.26	15.247	36.018	35.486	35.641	133.557	144.198	141.651	264.853	260.698	248.417
01:53:30	14.994	15.961	14.882	36.063	34.994	35.071	136.136	144.881	142.138	265.496	255.873	247.364
01:54:00	14.716	15.081	16.076	36.215	33.692	35.585	136.269	144.931	141.291	271.352	253.491	250.175
01:54:30	14.898	14.72	16.113	34.724	34.871	34.754	131.106	145.024	140.234	267.102	256.802	249.85
01:55:00	14.943	15.836	15.82	34.988	34.9	35.336	133.813	142.351	144.21	265.329	252.708	244.574
01:55:30	14.627	14.455	16.125	35.689	34.011	34.987	131.663	144.818	144.125	265.03	256.845	251.237
01:56:00	15.652	16.136	15.996	34.518	35.156	34.719	133.452	142.448	144.62	266.123	257.284	249.428
01:56:30	15.045	15.526	15.619	35.286	34.708	33.515	133.982	144.649	142.111	267.267	258.779	252.125
01:57:00	14.89	14.286	15.078	35.677	33.717	35.303	133.438	141.609	140.221	264.384	254.786	246.225
01:57:30	14.117	14.992	17.065	36.299	35.283	34.54	132.831	142.718	143.545	266.55	257.093	246.6
01:58:00	13.908	15.289	15.214	33.765	34.039	33.795	133.25	145.315	140.902	263.64	256.47	247.73
01:58:30	14.9	15.282	16.502	36.031	34.605	34.595	133.194	142.584	145.832	264.784	259.822	249.306
01:59:00	14.444	15.702	16.078	34.291	34.394	35.166	133.357	143.463	143.277	266.215	258.567	251.897
01:59:30	14.516	15.602	16.086	35.102	33.737	33.568	133.854	144.942	143.863	261.465	259.162	250.447
02:00:00	14.659	15.949	15.308	36.799	34.187	33.842	133.662	146.269	142.796	266.031	257.803	255.273