Time	25_1	25_2	25_3	50_1	50_2	50_3	100_1	100_2	100_3	150_1	150_2	150_3
00:00:00	68.719	75.105	64.945	121.802	138.525	138.665	256.1	248.48	250.286	342.43	372.606	370.254
00:00:30	63.982	67.065	60.595	117.509	126.594	127.465	251.58	247.502	245.455	332.147	364.042	357.566
00:01:00	59.725	59.154	56.063	113.053	120.488	123.139	236.422	236.883	235.84	320.402	350.242	343.021
00:01:30	56.287	56.279	52.359	108.446	114.973	115.317	226.398	229.109	225.334	311.378	339.329	335.947
00:02:00	54.528	53.2	50.82	105.149	116.731	110.182	223.223	219.526	219.447	303.707	330.638	322.947
00:02:30	50.999	50.774	47.866	101.317	110.561	104.289	216.26	213.673	211.899	295.591	323.611	319.24
00:03:00	49.895	45.898	45.977	99.137	104.043	102.317	212	203.749	203.676	292.786	323.402	317.328
00:03:30	49.464	45.699	42.368	98.644	99.788	100.673	207.247	200.442	202.368	291.688	315.809	314.079
00:04:00	47.664	41.977	41.532	93.924	98.068	99.012	201.328	197.458	192.985	283.391	313.1	310.319
00:04:30	46.056	39.867	40.807	89.221	95.071	96.158	195.454	188.884	191.392	284.259	305.534	310.12
00:05:00	44.356	38.811	38.328	89.381	93.419	95.001	197.594	186.034	184.762	281.909	313.697	306.48
00:05:30	44.03	38.175	37.735	86.741	90.13	92.241	187.364	182.517	179.958	284.224	308.696	300.757
00:06:00	42.243	38.484	37.329	86.635	87.51	89.256	180.715	179.889	177.012	277.646	305.053	300.354
00:06:30	41.575	35.67	33.815	84.802	85.739	86.896	176.779	177.515	172.672	278.114	305.207	299.038
00:07:00	40.533	35.559	36.195	82.643	84.457	86.191	177.527	175.194	174.978	275.506	300.187	300.09
00:07:30	39.173	33.778	33.71	81.423	82.62	84.994	175.999	173.639	170.045	272.465	299.164	298.51
00:08:00	39.157	32.279	32.342	82.253	81.558	83.735	171.389	170.69	169.387	273.084	297.737	298.597
00:08:30	37.524	32.474	33.633	80.884	79.425	80.58	171.449	173.063	168.829	275.05	300.326	298.857
00:09:00	37.051	31.01	30.391	79.55	81.565	79.061	169.04	171.282	165.954	267.923	296.775	291.002
00:09:30	34.895	30.158	30.805	77.479	78.536	80.468	168.709	168.66	165.151	270.866	294.465	292.182
00:10:00	34.87	29.49	30.168	76.684	77.291	79.479	167.269	165.765	162.801	266.61	293.882	290.895
00:10:30	35.827	28.104	29.172	75.092	75.979	76.951	164.411	164.763	163.696	268.206	292.826	288.721
00:11:00	34.274	27.856	28.004	72.565	75.328	77.573	161.749	163.295	161.81	265.026	289.9	291.275
00:11:30	33.548	27.682	29.032	72.015	74.201	75.924	164.951	165.049	160.847	268.283	293.066	291.6
00:12:00	32.684	26.869	28.532	69.926	75.584	76.436	164.077	164.695	160.243	266.271	294.738	292.29
00:12:30	31.096	26.026	27.005	69.617	75.206	75.512	161.474	163.712	161.471	264.921	289.858	291.971
00:13:00	31.52	25.566	26.904	69.259	72.333	71.001	159.504	162.373	157.919	264.261	289.069	288.441
00:13:30	30.436	25.179	26.656	68.641	70.498	71.444	158.419	162.503	158.652	262.12	289.981	285.54
00:14:00	29.695	23.749	26.237	67.401	71.211	71.793	158.707	161.207	155.97	263.752	289.09	285.17
00:14:30	30.289	24.267	25.194	66.559	70.381	70.879	158.589	160.597	153.013	258.783	286.329	285.379
00:15:00	29.071	24.007	24.9	67.023	69.066	70.25	161.757	158.136	155.873	263.602	287.853	285.107
00:15:30	28.081	23.575	25.67	63.519	69.132	68.962	161.66	159.665	158.149	261.233	290.339	284.977
00:16:00	29.091	24.575	24.832	64.588	69.432	68.685	156.258	158.447	154.768	261.941	285.466	289.474
00:16:30	28.112	22.528	23.635	61.828	64.623	66.514	153.704	157.017	155.882	257.905	283.507	281.731
00:17:00	27.847	23.094	24.535	61.543	67.402	65.611	156.498	157.78	154.171	260.487	289.267	283.16
00:17:30	26.191	24.248	23.291	59.698	63.184	67.623	152.31	154.727	155.323	259.68	288.624	287.914
00:18:00	26.074	21.438	22.767	61.062	65.296	66.931	157.052	159.179	155.157	258.474	285.09	280.991
00:18:30	26.321	21.052	23.109	62.007	64.253	64.668	155.565	154.705	150.76	257.698	284.973	281.973
00:19:00	26.406	21.698	22.358	59.466	63.11	63.731	154.547	154.279	153.382	258.512	284.967	282.808
00:19:30	25.154	20.963	22.128	58.392	62.859	65.583	155.404	154.175	154.085	256.095	286.679	283.962
00:20:00	25.1	20.547	21.208	58.124	63.255	64.161	155.977	154.763	153.292	260.565	284.319	282.81
00:20:30	25.481	21.137	20.763	57.556	62.893	64.419	153.712	155.669	151.025	257.737	285.475	283.902
00:21:00	23.679	20.718	21.316	57.956	61.353	62.17	152.755	154.272	149.926	256.598	284.066	280.632
00:21:30	25.315	21.787	21.461	58.288	62.788	61.731	155.224	154.432	152.974	259.439	283.708	284.125
00:22:00	24.224	19.093	20.482	57.119	59.292	62.196	152.719	153.234	151.507	257.253	285.334	279.043
00:22:30	23.682	18.585	19.768	56.213	61.239	60.872	151.58	151.962	150.811	255.931	284.157	281.238
00:23:00	23.542	19.198	20.904	56.13	60.961	61.642	154.587	152.569	152.233	255.734	279.954	280.836
00:23:30	23.467	18.962	20.406	54.919	60.686	60.447	151.113	149.335	150.918	253.795	282.762	277.872
00:24:00	22.974	19.951	19.737	55.47	59.703	60.092	152.826	152.475	150.296	260.214	283.064	273.617
00:24:30	23.024	19.282	20.531	55.391	58.36	60.048	150.171	154.071	148.53	259.333	279.596	281.004
00:25:00	24.462	18.5	18.78	54.379	58.348	60.287	149.239	152.147	149.026	252.888	283.207	280.581
00:25:30	22.754	18.142	19.659	53.963	58.454	58.155	152.311	152.108	147.151	255.396	281.798	278.969
00:26:00	21.657	18.99	20.561	55.473	57.772	59.072	149.562	150.828	148.268	253.781	280.489	275.676
00:26:30	20.979	18.81	18.046	53.848	56.859	57.982	152.308	150.224	150.298	253.832	280.307	276.706
00:27:00	21.829	17.572	18.383	53.589	58.249	58.46	152.155	151.195	148.828	254.861	278.771	273.992
00:27:30	21.124	17.736	19.315	53.647	58.317	58.666	150.33	149.204	148.766	252.575	281.464	274.253
00:28:00	21.452	17.701	18.546	51.995	55.821	58.191	148.843	149.531	145.755	255.646	282.194	276.166
00:28:30	21.06	16.983	18.587	52.183	55.343	56	150.688	150.349	150.053	252.652	281.189	273.264
00:29:00	21.057	17.51	18.749	52.63	56.571	56.879	150.264	148.396	145.065	258.674	279.063	276.04
00:29:30	20.442	17.891	18.12	53.496	55.662	57.02	147.789	149.094	145.899	253.058	282.167	278.339
00:30:00	20.905	16.842	18.036	51.866	55.089	57.039	150.936	150.298	147.812	252.308	280.381	276.237
00:30:30	19.133	17.205	17.933	52.701	56.477	55.768	151.13	149.654	146.826	250.025	279.272	280.245
00:31:00	20.001	17.722	17.981	52.012	55.085	56.563	146.791	149.509	145.828	253.146	279.764	277.387
00:31:30	20.241	16.885	17.586	51.828	52.348	54.881	151.165	149.856	147.828	253.642	278.678	274.264
00:32:00	20.178	16.433	17.087	49.83	54.403	55.317	148.263	152.043	148.657	253.141	277.663	278.118
00:32:30	19.962	16.171	17.157	48.806	51.919	54.727	147.152	147.577	147.625	252.795	276.67	272.941
00:33:00	19.056	15.886	17.302	49.431	53.722	55.146	147.081	146.937	146.587	246.395	276.712	272.758
00:33:30	18.464	15.853	16.089	50.243	54.417	52.999	150.446	148.315	147.747	246.72	282.158	276.679
00:34:00	18.901	15.502	17.384	47.931	53.043	53.831	148.958	148.572	147.668	250.252	276.591	275.565
00:34:30	19.07	15.896	17.365	48.27	52.438	52.929	146.724	148.127	146.218	255.681	277.78	275.835
00:35:00	19.033	15.907	17.512	48.525	52.921	51.721	145.325	146.491	143.891	251.486	279.252	270.597
00:35:30	17.264	14.914	17.485	47.238	53.347	54.436	147.674	149.116	143.392	249.299	276.43	272.733
00:36:00	19.647	16.119	16.554	48.173	52.889	52.482	148.411	148.39	144.598	248.394	273.44	275.561
00:36:30	18.739	15.496	16.376	46.711	52.35	53.124	144.931	148.422	148.484	254.142	278.5	273.089
00:37:00	18.891	15.896	16.15	47.139	51.19	52.64	146.429	147.651	146.385	252.453	276.999	271.268
00:37:30	18.537	15.611	16.756	46.605	51.776	53.178	147.7	147.08	143.838	253.128	273.414	274.492
00:38:00	18.105	14.71	17.469	45.47	51.949	51.326	144.076	147.403	141.701	250.553	274.776	273.015
00:38:30	18.728	15.522	16.465	46.588	51.338	52.757	145.371	146.223	146.624	248.832	275.908	271.465
00:39:00	18.681	15.363	16.293	44.674	52.691	51.626	144.316	147.869	144.673	252.321	277.584	270.209
00:39:30	18.099	15.233	16.824	45.012	50.428	51.442	147.785	146.093	139.91	250.76	278.983	277.824
00:40:00	18.383	14.867	16.879	45.632	49.851	52.597	144.866	144.562	142.782	247.422	275.001	273.42
00:40:30	17.471	14.507	15.551	44.204	50.284	48.852	149.004	145.72	145.13	248.565	273.498	274.927
00:41:00	17.761	15.233	15.725	45.247	50.513	49.961	145.643	147.192	145.091	248.952	271.733	269.788
00:41:30	18.341	14.686	15.861	44.66	50.958	50.236	147.26	145.237	142.915	249.871	272.472	278.852
00:42:00	17.035	14.015	16.081	41.247	52.962	49.723	145.808	143.651	144.283	248.521	276.38	275.236
00:42:30	17.845	15.513	15.322	41.787	50.076	48.928	148.144	145.183	143.41	250.427	272.842	271.131
00:43:00	18.107	13.84	14.998	41.916	49.283	50.507	145.234	148.137	141.936	247.639	272.87	273.329
00:43:30	17.88	14.018	15.874	42.695	49.687	48.814	141.542	146.773	141.955	246.052	273.168	271.177
00:44:00	17.266	14.126	15.49	41.886	48.528	49.104	145.024	144.898	144.139	251.677	277.332	272.332
00:44:30	16.688	14.6	15.207	40.754	49.522	49.504	144.598	141.285	140.885	246.882	276.311	267.284
00:45:00	17.446	14.61	14.318	43.161	49.07	49.599	145.656	147.142	144.579	249.485	274.191	272.813
00:45:30	17.032	13.581	15.949	40.347	48.313	49.877	143.124	146.498	144.27	244.733	271.045	271.279
00:46:00	17.158	14.199	14.459	40.729	49.562	47.203	143.91	145.078	141.094	246.939	272.733	269.827
00:46:30	16.254	14.498	14.848	40.854	46.955	49.002	143.22	146.46	142.483	243.932	270.201	268.225
00:47:00	17.182	14.496	14.961	41.483	48.491	47.351	144.594	147.305	141.933	247.837	272.863	274.03
00:47:30	15.342	14.059	14.772	41.642	48.983	47.922	145.199	143.545	141.479	244.655	275.489	273.797
00:48:00	16.38	14.225	15.486	41.396	48.385	48.473	145.603	147.226	141.494	245.399	273.174	273.252
00:48:30	17.533	13.834	14.263	40.958	48.47	49.376	145.237	144.793	140.914	249.065	275.378	271.541
00:49:00	16.369	13.645	14.169	39.631	47.301	47.903	144.322	146.368	143.266	251.12	271.52	271.98
00:49:30	16.744	14.499	15.167	40.816	47.636	47.189	144.113	143.556	142.563	248.598	276.064	270.271
00:50:00	16.192	13.995	15.352	40.616	47.34	47.711	145.815	144.364	142.645	242.952	274.107	267.255
00:50:30	16.699	14.345	14.902	40.777	46.842	47.123	142.721	145.125	143.501	242.629	270.95	269.668
00:51:00	16.677	13.437	13.665	39.752	47.397	46.771	144.386	142.073	138.485	246.493	272.812	272.661
00:51:30	16.24	14.804	15	41.104	46.981	47.168	142.932	140.645	142.203	247.602	272.555	270.794
00:52:00	16.484	14.123	14.222	39.422	46.334	45.84	146.337	144.001	143.251	246.363	272.888	268.685
00:52:30	15.978	14.119	15.637	38.704	48.284	46.724	144.207	142.819	139.948	247.431	271.204	270.2
00:53:00	16.227	13.785	15.003	39.518	47.688	46.551	144.224	145.448	142.649	244.523	269.641	270.317
00:53:30	16.155	13.272	14.541	38.862	47.145	48.151	146.569	142.653	143.434	249.208	272.548	270.399
00:54:00	15.911	14.163	14.955	39.963	46.642	45.564	142.59	146.635	140.078	245.858	272.752	267.458
00:54:30	15.417	13.334	13.749	38.464	45.834	47.097	143.38	143.705	141.53	245.07	272.06	266.269
00:55:00	15.555	12.752	14.398	39.089	46.121	44.846	143.434	142.653	140.359	249.312	271.242	269.679
00:55:30	15.17	13.677	14.274	39.004	44.645	47.392	143.038	141.359	139.31	246.644	273.253	272.14
00:56:00	16.69	13.714	14.228	38.512	45.042	45.983	143.609	144.025	143.638	241.978	274.932	269.016
00:56:30	15.414	13.662	14.2	36.752	48.127	46.905	146.664	145.395	140.87	243.319	269.216	268.142
00:57:00	15.324	13.968	13.576	38.356	45.891	45.963	142.028	142.646	142.612	244.714	272.323	265.968
00:57:30	15.745	13.295	13.59	37.622	46.646	46.131	145.052	145.01	139.192	249.434	273.145	267.028
00:58:00	15.766	13.437	14.164	37.712	47.648	47.013	145.188	143.784	141.566	247.77	275.085	271.567
00:58:30	16.057	14.427	13.619	37.878	45.459	44.597	141.562	141.965	142.33	247.898	271.051	270.222
00:59:00	15.286	13.955	13.824	37.974	47.011	46.843	142.245	144.647	141.395	244.751	271.075	266.191
00:59:30	15.595	12.587	14.324	37.342	46.476	47.394	141.492	142.752	142.249	245.656	268.973	265.136
01:00:00	15.193	13.538	13.776	38.046	45.022	44.895	141.361	143.34	142.731	246.147	272.292	268.397
01:00:30	17.315	14.13	14.637	40.015	44.892	45.709	143.922	144.433	142.958	246.031	273.254	270.221
01:01:00	15.628	12.878	13.853	37.254	45.24	46.074	142.993	143.346	141.11	245.286	269.086	267.776
01:01:30	15.749	12.832	13.493	36.67	44.436	44.916	143.603	140.754	139.93	248.162	269.049	264.441
01:02:00	15.23	13.345	14.612	38.998	44.927	44.295	144.133	143.047	143.128	244.306	270.675	268.307
01:02:30	16.016	13.849	14.381	36.265	46.902	45.49	140.299	143.028	139.868	241.886	273.174	264.247
01:03:00	15.321	13.464	14.568	37.578	43.752	45.838	141.015	143.095	139.768	246.813	273.165	270.758
01:03:30	15.805	13.51	13.917	38.845	44.534	45.396	143.066	143.764	141.238	244.62	272.249	269.639
01:04:00	16.704	13.956	14.609	37.07	45.698	43.643	143.022	143.075	139.16	244.607	271.461	267.319
01:04:30	15.461	13.378	14.272	36.986	44.913	45.52	142.927	143.633	138.018	243.871	273.744	269.909
01:05:00	15.459	13.082	13.728	36.91	44.397	43.745	140.257	143.824	138.708	242.177	268.063	267.481
01:05:30	15.447	12.852	14.628	38.162	43.689	44.041	141.392	140.222	140.765	249.763	270.283	267.192
01:06:00	15.602	12.947	14.16	38.092	45.241	43.656	140.972	142.854	139.281	245.312	267.951	270.281
01:06:30	16.271	12.509	13.101	37.009	43.649	43.603	140.794	141.412	138.543	245.001	270.857	265.483
01:07:00	14.733	14.037	14.309	36.847	43.756	43.054	143.628	143.42	140.7	249.836	271.19	268.315
01:07:30	16.33	13.622	13.267	36.916	44.336	43.375	140.783	141.272	141.88	244.791	270.2	267.071
01:08:00	14.621	12.947	13.907	37.387	43.326	42.39	145.381	141.46	139.332	244.3	268.96	264.545
01:08:30	14.958	13.012	13.908	38.115	43.343	42.973	142.733	145.076	138.891	243.221	268.845	265.711
01:09:00	15.723	13.076	13.9	35.777	42.942	43.29	142.745	140.128	139.334	243.374	265.876	267.95
01:09:30	15.535	13.573	14.024	37.522	43.503	43.555	141.752	140.933	137.359	242.365	266.899	266.18
01:10:00	14.402	13.159	13.876	37.246	42.694	44.054	141.517	140.949	139.556	245.226	271.166	265.289
01:10:30	14.774	13.218	13.658	35.876	42.401	43.59	142.857	140.92	138.593	245.443	272.114	263.871
01:11:00	14.844	12.862	14.232	36.734	42.348	44.09	145.872	141.779	138.713	242.092	271.319	265.419
01:11:30	15.446	14.405	13.623	36.395	43.063	43.611	141.861	139.942	140.785	243.638	268.508	265.826
01:12:00	15.609	13.3	14.332	37.619	43.894	43.122	140.905	139.53	141.025	244.736	271.169	266.54
01:12:30	15.204	12.793	13.725	35.86	44.622	44.84	141.969	141.8	140.983	243.413	267.862	267.358
01:13:00	15.633	13.111	13.886	36.077	43.574	42.21	142.489	140.415	139.875	246.926	270.659	267.52
01:13:30	15.536	12.855	13.959	36.897	43.406	42.188	141.544	141.348	141.687	243.065	270.323	265.8
01:14:00	16.354	12.965	14.168	35.94	43.379	43.204	141.803	143.912	138.739	245.098	271.564	267.724
01:14:30	15.569	13.072	13.003	36.327	42.846	40.552	141.196	136.841	137.917	245.971	264.485	270.219
01:15:00	15.404	13.233	13.697	35.583	42.015	42.92	142.239	140.649	139.444	241.535	265.917	261.616
01:15:30	15.27	13.087	14.093	34.86	42.949	42.87	142.309	144.126	138.884	245.393	266.931	264.341
01:16:00	13.995	12.437	13.75	37.301	41.572	42.23	140.25	141.535	140.802	245.356	268.111	267.141
01:16:30	15.529	12.649	14.027	34.904	42.222	42.804	139.766	140.222	137.558	243.707	268.376	263.375
01:17:00	15.835	13.647	14.083	36.258	39.954	43.18	141.902	143.429	140.152	244.107	269.142	265.442
01:17:30	15.83	13.604	13.78	35.979	42.22	41.5	139.977	141.126	137.091	244.103	263.113	264.122
01:18:00	14.997	13.54	13.707	36.643	41.761	42.258	140.49	141.724	137.677	245.09	265.03	266.628
01:18:30	15.051	13.092	12.873	35.795	42.65	42.404	140.686	140.591	136.463	242.607	273.59	264.112
01:19:00	14.227	13.097	14.133	36.313	40.925	40.718	141.569	140.204	141.303	241.237	267.468	265.163
01:19:30	14.823	12.313	13.592	36.134	41.089	42.702	140.555	141.331	140.792	245.631	270.104	266.675
01:20:00	14.933	12.331	14.229	36.49	41.211	42.097	140.884	141.015	138.42	239.694	268.676	266.291
01:20:30	14.983	13.687	13.917	35.807	41.554	42.156	139.982	141.746	138.856	245.543	266.044	263.753
01:21:00	15.118	12.768	13.48	34.742	41.458	42.684	139.661	141.128	140.635	242.731	266.14	264.532
01:21:30	15.29	13.39	13.215	34.942	41.148	40.662	139.717	140.14	137.146	240.981	265.584	260.811
01:22:00	15.667	13.183	13.938	34.577	40.525	40.73	137.457	139.917	137.168	238.565	270.279	264.03
01:22:30	14.198	12.262	14.049	35.709	41.633	41.165	143.097	141.173	140.008	241.91	268.073	262.127
01:23:00	15.69	12.019	13.414	36.252	41.237	41.229	139.97	140.045	140.875	243.046	270.568	266.21
01:23:30	14.782	12.921	12.574	35.417	41.522	40.345	141.152	139.346	139.061	242.591	271.334	263.976
01:24:00	14.158	12.732	13.078	35.955	41.808	41.726	139.091	141.324	137.765	244.906	269.998	265.433
01:24:30	15.238	13.123	13.621	34.46	40.707	42.216	142.054	141.629	139.883	241.288	269.47	264.481
01:25:00	13.645	13.516	13	35.091	41.718	41.463	140.841	141.71	139.356	238.21	267.471	261.788
01:25:30	15.584	12.763	13.521	35.835	40.246	39.385	140.573	141.403	137.644	241.844	268.902	262.75
01:26:00	15.319	13.433	12.893	34.921	42.62	42.128	138.915	138.667	138.365	244.355	268.761	261.49
01:26:30	14.901	13.796	14.127	36.181	43.065	39.422	140.165	141.513	136.92	245.091	267.323	267.491
01:27:00	14.83	13.173	13.663	35.033	40.607	41.613	141.508	142.083	138.093	242.834	265.431	265.411
01:27:30	14.928	12.757	14.005	35.809	41.493	39.861	142.321	140.32	138.184	241.895	268.49	262.116
01:28:00	15.072	12.609	13.636	35.126	41.774	41.637	143.391	138.944	139.867	242.836	269.001	267.183
01:28:30	14.385	11.878	14.086	35.612	40.756	41.728	141.561	141.173	139.213	242.974	266.972	265.649
01:29:00	14.739	12.307	12.49	35.328	41.072	41.781	138.516	141.892	137.659	239.722	267.44	260.987
01:29:30	15.048	13.236	13.463	35.059	41.006	41.327	140.949	142.711	137.256	243.251	267.903	264.141
01:30:00	14.743	12.368	13.137	35.707	40.277	39.292	141.237	138.604	140.396	239.242	268.729	265.54
01:30:30	14.556	13.285	13.538	34.892	40.403	41.033	139.678	142.1	139.402	239.526	268.587	269.325
01:31:00	14.576	13.133	13.391	34.333	41.078	40.67	142.8	139.104	137.132	240.111	265.735	264.47
01:31:30	15.144	13.445	13.045	35.226	40.896	40.207	138.613	140.7	137.755	241.678	265.727	264.302
01:32:00	15.294	13.078	12.349	35.213	41.056	41.309	142.029	138.859	136.285	243.241	266.615	264.61
01:32:30	13.838	12.957	13.194	35.471	40.882	41.332	143.15	138.246	138.988	241.345	263.844	266.943
01:33:00	14.252	12.296	12.832	34.5	39.943	40.806	139.374	141.973	137.819	242.772	264.513	260.805
01:33:30	14.68	12.52	14.107	36.146	41.205	41.005	140.932	142.701	139.348	242.051	269.639	264.64
01:34:00	14.926	12.598	13.563	34.694	39.745	40.461	141.046	138.316	137.247	243.319	264.829	266.656
01:34:30	14.311	13.452	13.665	35.997	39.919	40.508	140.826	140.559	139.812	242.576	265.511	263.338
01:35:00	15.237	12.406	12.871	35.807	40.907	41.154	141.162	139.59	140.485	238.057	264.781	263.249
01:35:30	15.334	12.746	13.427	35.03	40.821	40.705	138.071	139.064	137.041	242.762	268.003	262.502
01:36:00	14.856	12.996	13.736	34.089	39.853	40.719	140.782	139.914	135.13	242.027	267.835	260.273
01:36:30	14.645	12.863	12.935	34.14	41.145	40.05	140.123	141.306	137.282	238.482	264.002	263.664
01:37:00	14.255	11.732	14.013	34.156	40.674	41.994	142.12	139.363	136.491	241.212	267.159	262.835
01:37:30	14.412	12.728	13.263	34.803	41.635	40.242	139.533	137.33	139.072	241.687	266.857	261.983
01:38:00	14.215	12.9	13.462	34.218	38.996	39.443	141.467	140.406	137.829	239.863	268.242	262.094
01:38:30	15.208	12.43	13.638	35.468	40.064	40.517	139.382	139.294	137.131	240.294	269.827	263.862
01:39:00	15.017	12.564	12.67	33.779	39.76	39.949	138.102	140.731	137.975	240.78	263.379	261.839
01:39:30	14.698	12.051	13.775	33.276	39.296	39.804	140.892	138.093	141.049	240.33	269.44	266.277
01:40:00	14.116	13.049	13.475	35.275	40.51	41.338	141.822	140.245	137.345	243.786	266.131	259.972
01:40:30	13.938	12.701	12.994	33.508	38.627	39.387	141.056	142.362	137.329	243.347	267.736	263.767
01:41:00	15.054	12.837	13.328	35.806	39.289	39.785	140.215	140.589	137.06	240.258	263.7	261.764
01:41:30	15.348	12.525	14.104	34.079	39.824	39.29	138.273	142.002	139.476	244.073	265.655	260.035
01:42:00	15.34	12.497	13.428	34.566	39.78	39.458	140.019	138.753	138.469	239.632	266.678	261.038
01:42:30	15.1	12.929	14.122	34.387	39.057	39.453	141.246	139.744	140.713	242.934	266	260.12
01:43:00	14.89	13.214	13.171	34.127	40.28	40.308	138.466	142.052	140.306	241.058	264.708	261.817
01:43:30	14.526	13.32	13.594	34.13	38.379	40.782	138.545	141.476	142.004	241.898	269.799	266.725
01:44:00	14.779	13.13	13.514	34.184	39.462	39.585	141.447	137.063	137.854	240.926	262.88	262.255
01:44:30	14.027	13.384	13.697	34.014	40.275	39.286	140.771	142.775	138.266	242.837	265.928	259.76
01:45:00	14.839	12.789	13.072	33.979	41.216	40.621	141.382	140.34	136.096	240.596	265.637	262.681
01:45:30	14.464	13.051	12.693	35.956	39.232	40.544	140.823	137.847	135.116	239.545	269.306	262.996
01:46:00	16.095	12.269	13.607	34.984	40.846	40.313	141.271	138.448	138.141	240.928	263.693	263.944
01:46:30	15.899	12.808	13.236	33.461	39.453	40.561	141.564	142.335	135.449	242.606	263.704	262.666
01:47:00	14.749	12.689	14.016	34.591	39.9	40.064	141.826	140.895	138.676	238.989	269.763	266.375
01:47:30	15.418	12.571	14.158	34.7	38.995	40.072	139.148	141.289	136.422	245.475	265.966	266.749
01:48:00	13.753	13.232	12.436	33.707	40.163	40.127	138.703	141.203	138.402	244.657	266.25	263.366
01:48:30	16.042	12.415	12.839	35.041	39.328	39.941	139.615	142.884	136.65	239.682	266.477	262.741
01:49:00	15.217	13.152	13.472	34.87	39.862	39.891	140.213	142.236	139.847	240.544	265.908	262.304
01:49:30	14.238	13.412	13.59	35.159	39.134	38.991	137.353	137.804	136.06	243.649	264.449	258.705
01:50:00	14.814	12.872	13.144	33.799	39.489	40.973	141.679	138.959	139.114	238.185	266.941	265.653
01:50:30	15.679	12.98	13.778	34.651	40.213	39.672	139.369	140.408	136.07	243.193	263.969	264.959
01:51:00	14.942	12.432	12.983	34.619	39.405	39.002	139.712	137.107	139.02	240.376	265.43	257.887
01:51:30	14.429	13.087	13.203	34.679	39.309	38.622	139.229	139.098	138.123	235.398	263.491	261.157
01:52:00	15.978	12.931	13.922	33.779	40.068	39.948	140.549	139.408	137.88	244.227	263.191	263.495
01:52:30	14.897	12.979	13.887	34.703	38.499	39.624	137.733	140.353	136.024	240.668	265.317	261.141
01:53:00	15.034	12.296	13.04	35.55	39.76	39.907	138.999	139.401	141.341	239.146	264.477	261.1
01:53:30	14.82	12.106	12.929	34.313	37.611	41.057	138.661	137.199	137.178	240.834	265.045	262.646
01:54:00	15.357	12.863	12.372	33.548	38.476	39.533	138.028	138.409	138.519	240.843	268.131	261.667
01:54:30	14.297	13.294	13.423	34.836	39.546	39.113	141.598	137.462	134.921	239.48	267.022	259.634
01:55:00	14.396	12.681	13.6	34.627	39.217	40.152	138.547	138.18	137.483	237.779	266.509	262.568
01:55:30	14.642	12.807	12.352	34.335	38.819	38.938	140.336	139.576	135.774	243.558	263.299	260.36
01:56:00	14.38	12.761	13.264	35.425	39.605	39.479	140.872	139.345	137.623	240.692	266.187	263.851
01:56:30	14.804	13.419	13.44	35.166	40.136	38.968	143.049	140.957	138.64	242.452	262.779	264.839
01:57:00	15.32	12.424	13.469	34.784	39.316	39.848	140.89	140.696	134.809	239.648	266.558	260.426
01:57:30	15.702	12.449	14.011	35.352	39.208	39.091	141.445	139.875	135.45	240.517	264.752	260.284
01:58:00	15.015	13.286	13.473	33.875	39.255	39.892	140.967	137.816	135.502	237.345	267.471	260.569
01:58:30	14.652	13.138	12.968	34.131	38.916	39.748	141.3	140.579	134.778	239.036	267.426	262.666
01:59:00	14.167	12.25	13.412	33.684	38.942	40.126	140.81	137.958	138.832	238.464	263.48	264.342
01:59:30	14.599	12.852	13.451	34.628	39.965	40.045	142.102	137.74	135.731	237.805	262.045	260.695
02:00:00	14.743	13.526	13.381	34.079	40.934	39.181	141.01	139.033	136.098	238.186	266.793	264.216