Time	25_1	25_2	25_3	50_1	50_2	50_3	100_1	100_2	100_3	150_1	150_2	150_3
00:00:00	71.048	86.163	84.581	183.046	182.135	172.196	338.188	335.154	331.686	501.001	484.927	484.13
00:00:30	69.161	78.973	78.302	172.697	173.449	165.336	326.65	328.97	320.717	492.386	474.617	468.9
00:01:00	68.503	78.992	75.062	170.042	166.144	158.243	311.585	322.887	314.911	477.913	468.105	461.645
00:01:30	65.877	75.041	71.058	167.565	160.995	155.957	303.123	310.04	305.326	473.842	458.382	447.462
00:02:00	66.599	73.228	71.842	160.22	157.094	153.255	297.67	297.749	290.967	463.487	448.971	441.268
00:02:30	64.146	70.196	69.958	158.616	155.843	148.6	293.632	292.775	288.848	463.009	448.059	441.248
00:03:00	60.981	68.187	67.227	151.211	152.327	144.351	285.94	280.121	276.601	454.477	442.552	433.753
00:03:30	60.856	66.187	64.865	149.407	150.558	137.105	278.736	278.223	274.217	450.446	440.34	428.762
00:04:00	56.732	64.24	63.064	146.031	150.214	131.495	277.832	279.055	269.432	449.877	429.641	427.591
00:04:30	58.256	63.171	61.522	140.118	146.245	130.866	269.387	276.122	271.613	444.005	433.922	426.066
00:05:00	58.479	60.288	58.015	135.951	140.604	127.989	264.597	268.37	264.832	441.2	431.142	424.197
00:05:30	54.61	59.727	58.331	134.58	136.173	124.271	263.345	268.352	263.545	439.159	425.891	417.196
00:06:00	54.027	57.979	57.455	128.476	128.881	124.252	258.344	263.96	263.457	440.024	429.111	414.025
00:06:30	52.851	58.35	56.726	129.685	129.314	121.662	254.117	265.493	253.527	436.345	426.165	414.779
00:07:00	53.143	57.081	55.867	127.164	128.078	118.052	252.788	261.734	255.46	436.989	424.278	419.636
00:07:30	51.492	55.494	55.671	125.922	126.976	117.544	251.803	256.253	252.824	432.263	418.892	415.663
00:08:00	50.209	55.525	54.845	124.49	123.424	117.55	249.948	257.437	254.941	431.797	420.825	411.549
00:08:30	51.086	56.246	54.636	123.459	124.275	116.415	251.489	256.952	254.358	429.093	416.038	412.039
00:09:00	47.353	54.609	52.049	125.307	123.628	115.652	248.911	255.4	252.342	429.275	421.948	408.444
00:09:30	48.086	53.434	52.092	120.005	121.194	114.497	244.01	256.106	252.662	433.438	418.609	407.824
00:10:00	48.38	52.827	51.507	120.998	120.156	112.027	247.803	251.16	250.739	428.334	416.296	407.293
00:10:30	47.122	51.907	50.831	116.539	118.66	111.792	241.386	249.734	253.034	425.849	414.114	406.689
00:11:00	46.221	50.942	48.83	120.843	116.663	112.509	241.576	247.82	247.123	427.982	416.02	409.696
00:11:30	46.475	49.897	47.858	119.335	116.393	109.131	243.227	250.484	247.54	426.221	410.229	409.881
00:12:00	45.906	50.919	50.199	117.983	115.871	109.139	239.554	246.77	244.103	426.368	408.417	403.342
00:12:30	43.255	48.454	47.765	117.086	114.069	110.556	239.848	246.992	247.701	427.463	415.628	403.787
00:13:00	43.267	48.437	48.306	116.77	113.06	106.239	239.174	245.513	244.298	421.085	412.792	407.233
00:13:30	42.426	47.954	49.003	116.489	115.713	105.174	239.352	246.541	243.503	420.063	415.308	401.086
00:14:00	44.056	48.592	48.935	114.686	110.691	105.937	235.418	245.374	245.383	429.207	414.3	402.965
00:14:30	41.358	48.502	46.154	114.873	112.268	105.197	236.739	248.492	241.57	420.271	413.426	404.708
00:15:00	40.956	47.417	46.386	113.134	109.529	104.825	234.76	243.318	243.403	416.891	408.562	398.227
00:15:30	42.903	45.294	46.318	111.928	111.385	105.68	236.965	247.216	239.816	418.533	408.724	400.498
00:16:00	40.217	45.527	46.312	112.152	109.212	103.91	236.567	244.463	240.907	420.325	412.457	398.682
00:16:30	39.82	44.93	44.777	110.61	110.426	103.15	230.918	245.326	242.098	417.677	402.605	396.928
00:17:00	40.009	45.308	44.452	112.421	109.709	99.731	231.531	241.657	240.578	417.549	405.782	403.458
00:17:30	39.365	43.851	44.015	111.147	111.924	101.646	231.66	240.299	242.376	420.933	407.185	402.51
00:18:00	40.906	44.673	43.509	108.737	107.141	101.386	233.163	239.719	238.036	416.535	405.48	403.773
00:18:30	38.292	44.912	43.828	110.651	105.626	100.889	233.556	240.458	238.832	421.075	410.927	401.015
00:19:00	37.912	44.109	41.771	108.764	106.483	99.424	231.569	241.609	237.435	413.083	407.293	404.146
00:19:30	38.743	42.749	44.231	107.509	103.772	100.828	234.993	237.267	235.048	416.654	406.392	396.765
00:20:00	37.489	42.553	41.705	109.636	106.974	99.371	230.763	239.733	237.709	419.615	402.898	402.597
00:20:30	37.45	42.729	41.792	103.966	103.44	96.525	226.53	239.134	233.411	418.735	400.418	400.819
00:21:00	38.6	41.548	41.733	102.541	103.339	97.451	227.746	236.483	239.167	415.561	408.797	392.603
00:21:30	35.767	40.734	40.948	104.007	103.769	97.265	232.156	237.091	234.798	415.363	403.971	396.605
00:22:00	34.895	40.547	40.29	103.967	101.094	97.323	226.986	236.514	234.562	414.305	405.249	397.488
00:22:30	35.377	40.438	40.366	103.991	101.389	95.659	228.938	239.108	231.727	414.967	408.231	396.804
00:23:00	37.524	40.304	40.574	105.492	101.708	94.452	227.793	236.835	232.688	416.536	398.508	393.231
00:23:30	34.777	39.245	40.055	99.677	101.626	95.537	225.049	233.401	232.036	412.664	402.943	395.056
00:24:00	35.953	40.148	38.015	103.75	100.17	97.968	227.017	238.141	231.328	414.767	405.584	397.394
00:24:30	35.286	41.091	39.449	101.735	103.986	93.988	226.398	232.9	232.118	414.236	400.08	394.405
00:25:00	35.216	39.524	37.699	100.619	101.723	94.472	226.523	236.791	232.662	411.545	405.354	394.533
00:25:30	35.562	40.242	39.403	100.254	100.194	94.755	225.138	234.187	231.184	409.046	405.093	395.667
00:26:00	35.086	37.915	37.123	98.892	101.775	92.322	227.431	233.38	232.333	412.79	404.291	392.534
00:26:30	35.346	37.154	37.407	100.048	101.046	94.869	228.778	235.981	234.887	413.616	403.511	397.81
00:27:00	33.642	39.165	37.472	96.864	99.054	93.741	225.252	235.202	231.349	412.675	402.427	393.571
00:27:30	34.787	38.235	36.373	98.268	97.139	93.063	226.534	233.979	231.209	410.697	403.453	391.057
00:28:00	35.2	38.029	38.106	98.491	95.786	90.863	222.307	232.7	232.11	414.541	400.329	385.974
00:28:30	33.005	37.493	37.505	96.503	98.875	90.911	227.87	234.938	229.86	412.058	398.943	392.126
00:29:00	33.598	38.757	36.556	96.084	99.427	90.171	221.787	232.78	230.764	410.437	403.597	391.773
00:29:30	32.593	37.02	36.107	95.231	98.398	92.908	225.035	230.569	232.739	411.206	400.966	389.481
00:30:00	33.605	36.75	36.517	96.501	95.693	91.467	224.042	232.022	229.393	410.786	398.692	390.806
00:30:30	33.56	37.835	37.836	95.472	92.184	90.572	225.155	230.392	231.564	413.549	405.104	390.603
00:31:00	32.446	36.292	38.385	94.153	96.758	90.205	220.219	233.064	227.421	412.05	402.603	394.258
00:31:30	34.265	35.945	36.821	96.501	94.589	89.045	229.27	231.567	231.67	412.355	398.573	387.329
00:32:00	30.9	36.491	35.3	94.665	96.443	91.497	225.222	230.519	228.66	413.509	402.495	392.029
00:32:30	31.867	36.339	33.895	94.653	97.923	88.928	223.419	231.334	229.002	407.666	400.001	397.67
00:33:00	32.618	35.758	34.371	95.301	97.192	90.361	222.923	232.369	232.336	411.204	398.141	390.168
00:33:30	31.382	35.096	35.896	94.122	96.547	87.791	223.928	232.829	228.493	406.768	398.625	390.899
00:34:00	31.117	35.113	34.137	94.256	93.506	88.123	224.798	235.803	230.78	403.777	402.791	390.022
00:34:30	31.395	36.061	36.054	93.6	93.344	88.012	224.599	232.261	227.855	413.174	401.082	393.496
00:35:00	30.771	34.584	35.92	93.931	95.674	89.064	224.131	232.909	227.363	404.737	396.893	385.323
00:35:30	30.405	34.529	34.287	92.778	92.119	88.018	222.444	233.389	228.411	409.111	399.919	385.375
00:36:00	32.441	34.077	34.498	92.717	94.436	87.958	222.835	230.127	230.643	408.36	397.938	390.595
00:36:30	30.813	35.413	35.209	92.076	92.815	87.874	220.68	229.644	228.965	403.403	392.206	385.581
00:37:00	31.754	34.64	35.745	94.671	92.907	88.552	222.889	229.315	228.501	412.388	398.924	395.292
00:37:30	31.821	34.755	33.941	92.603	95.751	89.024	219.21	234.669	229.109	405.259	401.003	392.978
00:38:00	31.62	34.311	33.638	91.631	94.81	87.162	222.883	231.211	230.947	411.037	402.072	391.182
00:38:30	30.195	33.961	33.216	93.07	93.549	85.415	225.929	232.668	230.713	412.192	397.988	393.832
00:39:00	30.525	34.417	33.352	91.953	94.054	87.074	222.941	234.233	228.788	408.094	399.007	392.789
00:39:30	31.253	34.256	34.07	91.61	95.883	88.36	216.576	229.714	228.126	409.178	397.712	396.316
00:40:00	32.209	33.671	34.574	89.694	91.985	87.186	223.28	230.355	229.146	405.659	396.82	387.965
00:40:30	30.318	35.011	32.248	91.603	93.521	85.056	222.061	231.412	227.26	408.633	398.195	395.19
00:41:00	29.719	32.847	34.116	90.761	92.71	86.592	221.287	227.963	228.835	407.871	397.426	384.933
00:41:30	29.962	33.688	33.604	90.395	93.776	83.776	221.829	232.264	226.589	410.38	397.744	389.026
00:42:00	30.711	34.033	32.282	88.467	92.094	86.681	222.417	228.416	228.476	408.632	397.794	387.299
00:42:30	30.428	32.581	32.453	89.893	89.888	84.157	222.779	225.672	228.541	410.572	397.724	387.078
00:43:00	28.805	33.062	33.075	90.382	94.424	85.26	218.829	227.337	226.649	405.433	394.826	385.472
00:43:30	30.654	32.852	32.117	89.943	89.362	85.013	222.293	230.306	230.504	413.071	403.012	387.43
00:44:00	29.964	32.707	32.764	90.604	91.166	84.763	216.619	225.99	230.893	410.046	400.686	389.325
00:44:30	30.108	32.956	31.877	88.252	90.403	82.615	220.878	232.318	227.104	406.959	399.337	389.96
00:45:00	30.566	33.046	32.889	88.908	88.456	85.331	221.505	229.739	229.959	403.391	401.456	388.127
00:45:30	28.593	33.031	34.354	88.625	91.006	85.742	221.378	229.167	227.808	409.477	394.798	392.92
00:46:00	29.564	32.316	33.926	89.182	87.905	85.128	218.61	225.504	229.48	407.571	397.438	387.616
00:46:30	28.562	31.331	30.741	89.669	90.327	83.712	217.991	231.847	227.786	406.784	396.463	385.946
00:47:00	30.835	32.269	31.889	89.047	90.857	84.079	219.765	229.261	225.384	407.087	394.63	386.233
00:47:30	29.781	33.944	32.198	89.639	93.601	82.146	223.411	232.85	229.642	406.27	396.091	389.475
00:48:00	30.158	32.836	32.076	89.269	91.187	84.107	222.436	227.173	226.441	408.378	400.444	392.799
00:48:30	28.345	33.263	30.956	87.998	89.262	83.853	220.022	229.896	226.509	409.385	399.341	384.606
00:49:00	28.06	32.415	31.109	86.364	90.348	84.256	220.24	229.308	227.898	409.989	397.838	393.702
00:49:30	27.661	31.481	30.986	85.234	89.326	84.085	219.103	227.854	226.587	405.614	392.365	388.738
00:50:00	28.284	31.236	31.86	87.845	89.067	84.329	222.502	226.922	224.702	408.339	400.843	383.681
00:50:30	27.754	31.953	31.122	86.753	90.099	82.994	222.436	232.772	227.661	406.011	401.092	386.294
00:51:00	27.913	31.687	31.895	86.344	88.068	83.662	217.283	230.15	227.384	406.15	400.17	386.279
00:51:30	27.645	32.3	31.212	86.188	87.374	83.102	218.271	226.983	225.219	410.985	394.309	386.282
00:52:00	28.685	31.526	31.249	87.467	87.893	83.135	219.351	232.139	224.18	407.477	397.025	388.625
00:52:30	27.053	30.623	30.811	85.629	87.101	80.247	218.997	226.294	227.697	406.368	398.067	388.966
00:53:00	26.656	31.489	30.753	87.538	87.18	81.224	221.437	228.153	227.99	405.901	398.897	387.828
00:53:30	28.058	31.672	30.384	86.238	86.224	77.645	219.01	225.348	226.995	405.42	396.661	384.833
00:54:00	26.869	31.67	30.235	87.097	88.146	79.641	219.914	228.38	226.607	408.077	397.349	388.427
00:54:30	27.241	30.978	30.333	86.844	88.506	79.843	218.095	225.91	224.879	403.803	391.891	384.651
00:55:00	27.617	31.425	30.625	85.145	85.644	77.944	217.867	226.815	227.63	404.541	397.558	386.187
00:55:30	27.761	30.55	30.672	83.67	84.854	75.966	218.699	223.937	223.236	403.348	393.225	390.617
00:56:00	26.185	30.262	30.66	85.275	85.872	77.653	218.691	226.072	225.336	402.776	398.411	387.65
00:56:30	26.877	31.434	31.033	87.571	84.11	78.116	219.457	226.074	226.067	401.343	398.813	387.003
00:57:00	25.973	31.059	30.947	84.679	84.054	79.731	218.145	227.848	224.815	405.423	396.96	388.019
00:57:30	26.903	30.695	31.624	85.046	83.763	77.526	221.526	227.048	224.127	404.567	393.944	385.522
00:58:00	27.436	31.127	29.978	87.099	83.237	78.855	213.89	227.411	228.605	401.415	394.732	386.087
00:58:30	26.82	31.793	30.026	85.09	82.448	79.54	217.803	226.77	227.661	402.549	398.002	386.578
00:59:00	24.969	30	30.321	84.73	81.431	76.074	222.239	226.87	222.23	403.172	396.164	386.357
00:59:30	25.94	30.326	30.837	83.92	82.651	77.414	218.07	227.562	223.045	404.268	393.785	385.025
01:00:00	25.576	30.326	29.757	85.074	84.507	74.254	218.212	225.116	226.342	407.599	394.142	385.359
01:00:30	25.914	29.867	29.287	86.621	83.227	75.954	218.483	227.696	226.612	405.154	393.752	383.486
01:01:00	26.664	29.328	30.444	86.694	84.176	76.374	218.095	226.381	226.487	402.167	393.945	384.9
01:01:30	25.585	29.387	30.846	83.779	84.831	77.546	217.828	224.058	228.166	404.759	395.868	392.326
01:02:00	26.476	30.05	31.873	84.89	81.543	76.344	219.354	229.312	225.972	407.603	395.768	383.194
01:02:30	26.056	30.553	29.424	83.126	81.662	75.478	219.311	228.01	227.5	408.108	393.752	387.758
01:03:00	26.54	29.973	29.086	85.576	79.432	75.156	214.357	226.584	222.355	406.881	395.831	386.715
01:03:30	25.649	30.012	30.129	85.953	82.66	77.288	221.628	227.662	222.292	402.061	393.078	379.81
01:04:00	25.802	29.989	30.485	84.686	83.591	75.929	217.064	227.231	222.632	407.868	396.55	386.356
01:04:30	26.197	31.102	30.005	84.151	83.225	77.178	220.03	227.957	223.581	408.063	394.253	388.766
01:05:00	25.843	30.769	28.74	83.096	81.614	73.335	220.345	225.049	226.261	404.561	396.64	388.137
01:05:30	25.446	29.708	29.663	80.743	82.442	75.784	217.85	225.211	224.095	406.283	391.335	389.868
01:06:00	25.091	29.262	30.612	82.749	82.992	76.259	219.622	224.169	223.355	402.09	395.652	389.271
01:06:30	24.936	30.312	29.491	80.004	81.431	74.199	216.68	226.358	225.241	399.375	388.031	382.234
01:07:00	25.01	30.767	29.168	83.118	82.582	74.51	216.504	224.488	222.718	401.962	390.105	386.8
01:07:30	25.366	29.169	29.952	82.887	84.213	74.796	218.642	225.781	225.554	402.822	395.021	384.636
01:08:00	25.116	31.14	30.07	81.641	81.863	75.987	217.831	225.908	223.58	403.131	392.4	383.474
01:08:30	26.034	30.632	29.993	81.92	82.848	76.787	219.339	228.267	224.486	406.256	394.927	385.745
01:09:00	26.037	29.12	29.566	82.035	82.636	73.686	217.319	224.51	224.284	401.953	392.341	381.827
01:09:30	26.289	30.222	28.612	82.95	82.292	75.494	215.339	225.244	222.524	403.279	397.836	380.07
01:10:00	25.286	30.184	29.929	82.566	80.57	74.961	216.29	222.927	221.668	400.798	393.017	383.187
01:10:30	26.215	30.589	29.055	82.446	79.474	73.882	216.858	227.245	226.546	403.081	390.058	383.989
01:11:00	26.001	30.111	29.99	80.349	81.605	72.06	216.079	225.316	222.849	399.484	393.079	381.424
01:11:30	24.757	29.529	30.658	80.54	80.728	73.925	216.924	226.13	221.8	404.588	393.238	384.959
01:12:00	24.444	29.167	28.817	81.667	81.361	74.925	217.778	226.134	226.877	399.757	395.824	382.884
01:12:30	25.875	30.546	28.774	81.59	84.398	74.066	219.104	227.408	221.27	401.178	397.981	388.174
01:13:00	23.942	29.773	27.585	81.669	81.913	73.46	219.429	228.512	224.48	405.635	392.268	388.78
01:13:30	24.482	28.409	28.176	81.458	81.275	73.253	219.501	223.605	221.865	397.522	389.708	381.09
01:14:00	25.381	30.759	30.122	82.591	79.744	73.722	217.336	225.172	223.718	397.107	391.32	378.475
01:14:30	25.252	30.5	28.622	80.161	79.734	77.182	215.034	223.568	220.45	402.068	395.611	380.24
01:15:00	25.201	28.651	30.133	79.739	80.7	73.841	216.03	223.232	222.795	404.517	394.119	383.014
01:15:30	24.244	29.766	29.822	82.381	80.37	74.572	214.788	225.455	223.127	400.636	391.428	384.216
01:16:00	25.805	28.911	29.65	79.921	79.673	72.104	212.789	224.283	220.747	395.413	391.107	384.715
01:16:30	24.797	29.262	28.469	79.376	79.607	74.128	215.422	224.95	224.071	396.233	390.424	382.858
01:17:00	25.681	29.401	28.795	77.225	79.106	74.24	215.711	221.201	218.717	400.436	388.45	379.4
01:17:30	24.788	28.158	27.924	80.007	78.53	75.214	215.087	226.939	223.449	399.949	388.941	382.207
01:18:00	25.489	28.905	28.799	81.362	79.448	73.089	220.922	224.679	219.685	406.951	395.055	381.046
01:18:30	25.651	29.824	29.764	80.77	79.585	72.913	213.471	225.681	220.337	403.047	391.01	381.903
01:19:00	25.431	30.056	28.834	79.034	78.629	72.712	217.871	225.92	219.331	400.367	389.849	377.298
01:19:30	25.289	29.953	28.225	78.66	79.66	72.097	218.055	222.595	222.201	405.881	393.456	380.36
01:20:00	23.641	28.831	29.437	77.734	79.47	73.166	217.13	223.524	221.823	398.042	386.194	381.525
01:20:30	25.139	28.933	28.204	79.713	79.824	73.507	215.852	226.17	224.585	402.439	393.054	379.88
01:21:00	25.427	27.35	28.092	77.518	80.848	72.875	214.585	224.204	223.185	397.462	389.294	379.819
01:21:30	24.783	28.51	27.952	78.878	79.544	71.503	217.109	222.457	220.383	402.673	386.099	379.831
01:22:00	25.721	29.017	27.969	79.301	78.865	71.943	215.244	224.529	217.405	399.348	391.388	381.191
01:22:30	25.72	28.46	27.886	79.397	81.185	71.788	213.58	223.319	224.446	400.798	389.69	381.67
01:23:00	23.491	30.38	28.228	79.163	77.246	72.196	216.651	220.842	222.747	397.023	389.912	377.215
01:23:30	25.318	29.622	28.841	77.512	79.079	71.431	214.939	223.533	224.887	399.85	391.441	384.133
01:24:00	25.128	28.579	28.079	78.242	77.81	71.318	218.396	223.204	219.431	402.155	391.431	382.865
01:24:30	24.458	27.759	28.025	77.529	80.264	71.597	213.102	226.117	223.254	402.324	389.687	382.235
01:25:00	25.255	28.169	28.194	77.509	78.928	72.467	213.286	224.045	223.019	400.516	386.5	379.214
01:25:30	24.124	27.654	29.308	79.342	78.49	73.771	218.42	229.257	221.998	398.153	391.623	379.649
01:26:00	25.331	29.844	27.871	77.591	79.249	71.207	214.784	222.304	221.162	399.904	392.504	379.405
01:26:30	24.864	28.216	28.565	76.557	77.015	71.384	215.927	223.474	222.814	399.205	390.799	381.294
01:27:00	24.347	29.232	27.937	77.354	80.178	70.769	214.416	225.175	220.921	401.453	390.887	382.094
01:27:30	25.348	28.541	28.09	77.65	79.423	71.197	212.96	222.076	220.043	399.411	387.086	377.177
01:28:00	24.559	29.002	27.726	77.976	79.903	71.49	218.046	223.001	220.304	399.317	392.277	378.132
01:28:30	23.621	28.362	28.743	77.408	79.857	70.535	214.456	219.353	224.907	396.605	393.191	381.27
01:29:00	24.654	28.622	29.169	76.993	79.301	71.896	214.897	224	224.478	401.867	387.176	377.432
01:29:30	24.967	29.246	28.001	77.191	77.846	72.118	213.774	225.609	223.119	400.45	387.887	381.097
01:30:00	25.238	28.28	29.601	78.3	77.322	72.202	212.329	221.617	223.972	400.224	394.259	379.221
01:30:30	24.369	27.97	27.575	78.35	77.871	71.39	214.802	221.081	219.062	398.243	386.289	379.872
01:31:00	25.636	29.174	27.943	77.752	80.123	71.051	217.296	221.201	222.095	399.34	389.258	379.288
01:31:30	23.658	29.126	28.953	79.523	79.595	73.278	215.52	225.147	220.195	398.782	385.953	379.839
01:32:00	24.979	28.91	27.822	76.165	77.698	71.459	215.132	222.474	217.906	400.23	388.294	380.3
01:32:30	24.896	27.542	28.53	76.077	78.024	70.865	216.044	222.635	218.169	400.576	388.148	380.051
01:33:00	24.923	27.899	27.918	77.803	77.842	70.401	213.023	223.478	221.448	399.068	383.123	378.045
01:33:30	24.074	28.744	27.894	77.146	75.35	72.098	215.406	223.183	222.922	403.854	387.485	378.929
01:34:00	25.488	28.515	28.677	77.794	74.918	72.16	216.884	222.653	221.126	403.182	385.791	379.128
01:34:30	24.902	28.059	29.375	78.317	77.101	73.112	216.299	221.461	219.891	403.3	390.28	382.074
01:35:00	24.944	29.258	28.183	78.342	78.759	72.756	215.432	223.556	220.153	398.99	391.965	382.082
01:35:30	24.884	28.748	28.282	76.812	76.775	70.27	215.551	222.991	223.48	396.421	385.583	381.545
01:36:00	24.512	27.801	27.317	76.495	77.722	69.7	213.682	222.329	221.538	392.256	384.814	378.804
01:36:30	24.214	28.183	27.844	77.526	76.96	71.576	215.182	221.173	221.134	401.046	389.117	378.783
01:37:00	24.71	29.085	27.589	78.614	77.248	71.042	216.375	221.571	223.043	396.613	390.894	381.618
01:37:30	24.937	28.093	27.272	76.779	79.052	71.008	215.587	224.747	225.532	397.155	390.667	385.129
01:38:00	24.767	29.569	29.431	76.956	79.642	69.95	214.38	223.844	218.285	399.726	384.378	375.115
01:38:30	23.868	28.611	29.004	78.848	77.9	71.681	215.369	219.191	221.777	395.097	391.149	372.63
01:39:00	25.194	27.835	28.506	77.02	77.258	69.96	212.079	222.807	222.505	402.916	388.567	380.844
01:39:30	24.259	28.785	27.972	77.083	78.379	71.42	219.355	222.803	221.826	398.868	391.243	384.443
01:40:00	25.105	28.781	26.959	78.211	78.921	70.413	211.69	221.172	223.669	401.144	395.132	379.498
01:40:30	25.107	27.564	27.307	78.363	76.905	69.704	213.91	222.155	220.752	398.108	384.323	377.913
01:41:00	24.701	28.955	28.944	75.881	76.74	70.231	218.869	224.127	221.259	396.725	382.579	375.052
01:41:30	24.452	27.953	28.925	76.398	75.75	70.897	218.893	220.3	220.562	402.029	389.039	376.717
01:42:00	23.887	29.088	28.712	75.602	75.235	72.704	218.978	218.657	218.177	396.859	387.508	379.902
01:42:30	24.657	28.344	28.688	78.068	76.276	70.117	213.349	222.514	222.693	394.325	387.81	380.173
01:43:00	25.227	28.625	28.296	77.051	77.072	70.819	215.331	219.977	224.772	404.069	389.568	379.179
01:43:30	24.797	27.656	29.212	77.926	77.939	69.921	212.986	221.176	222.8	399.939	387.028	376.35
01:44:00	26.469	28.279	27.776	76.481	76.452	69.976	215.202	225.196	219.69	397.177	384.729	380.179
01:44:30	24.676	28.748	28.335	77.685	75.324	69.472	212.918	220.522	221.064	397.674	386.865	379.003
01:45:00	25.341	29.056	29.652	77.647	76.345	71.355	210.863	225.399	218.506	396.621	389.598	381.072
01:45:30	25.675	28.648	27.608	76.498	75.806	70.282	216.278	224.24	222.867	398.889	385.244	375.803
01:46:00	23.901	29.68	28.327	77.449	75.468	70.462	215.685	220.834	221.424	400.979	385.965	381.079
01:46:30	25.113	29.173	28.227	75.904	77.46	70.623	211.402	225.591	221.394	395.61	391.26	376.298
01:47:00	24.56	29.185	28.581	76.663	74.829	69.519	213.62	220.277	220.262	396.99	387.199	377.005
01:47:30	24.728	27.832	28.353	76.546	75.595	70.236	212.732	222.25	221.053	400.658	388.868	379.979
01:48:00	25.266	28.714	28.687	76.648	73.084	69.187	214.227	222.391	223.232	397.458	391.013	376.135
01:48:30	24.135	28.06	28.057	76.701	75.382	69.501	209.975	223.446	219.41	394.881	386.282	375.593
01:49:00	25.047	29.473	28.505	76.112	76.469	69.307	214.703	221.398	221.794	401.52	384.766	378.159
01:49:30	25.419	28.493	29.26	76.66	74.981	70.258	214.067	220.661	218.806	395.478	387.5	375.297
01:50:00	24.967	28.477	28.448	75.776	75.141	72.548	212.31	221.294	221.126	395.628	386.52	377.201
01:50:30	25.773	28.601	28.327	76.968	78.602	70.67	217.092	222.24	219.48	395.404	388.506	379.667
01:51:00	24.566	29.123	27.96	75.4	77.738	69.65	214.374	223.276	220.037	392.353	385.056	377.409
01:51:30	23.887	29.623	26.987	76.764	75.679	69.967	213.248	219.802	217.664	396.068	387.213	377.41
01:52:00	25.64	28.728	28.248	75.842	75.517	72.007	214.104	221.375	220.37	393.593	386.275	376.941
01:52:30	25.665	27.293	28.924	76.174	75.936	71.858	216.46	224.188	222.235	403.038	393.382	379.829
01:53:00	25.949	28.396	28.251	77.105	75.62	68.171	214.737	221.242	221.234	399.161	383.788	375.948
01:53:30	25.563	28.495	28.158	77.307	77.56	70.283	219.685	221.056	218.712	401.116	388.674	375.925
01:54:00	25.583	27.921	29.168	76.003	75.395	69.17	210.898	224.967	221.579	397.226	389.136	376.708
01:54:30	24.799	28.228	28.326	75.982	74.934	68.409	216.885	222.933	220.346	395.412	385.701	377.092
01:55:00	24.746	28.749	27.492	76.461	75.473	69.361	214.009	224.676	221.874	399.902	388.816	375.866
01:55:30	24.669	28.382	28.658	76.489	73.799	70.081	217.474	221.794	222.767	402.291	388.919	375
01:56:00	25.832	28.656	29.145	75.697	72.822	72.035	214.92	223.978	218.176	398.945	386.699	378.013
01:56:30	25.912	27.54	27.577	75.314	73.179	69.923	214.201	218.875	220.303	398.132	389.546	377.909
01:57:00	24.353	28.28	29.092	75.629	73.857	71.118	214.458	221.951	220.445	396.435	386.745	377.538
01:57:30	26.309	28.722	27.981	77.258	74.951	72	218.304	222.218	216.31	396.03	386.68	372.924
01:58:00	23.802	27.7	28.24	76.753	74.798	68.556	216.846	220.79	215.921	394.395	385.149	376.938
01:58:30	25.109	27.057	28.083	74.06	77.313	68.537	216.323	222.932	219.421	395.543	387.585	376.898
01:59:00	25.253	28.246	28.992	76.993	75.469	68.499	216.22	223.537	218.905	397.397	382.804	374.097
01:59:30	25.294	27.895	28.172	75.716	74.505	69.787	213.109	225.213	221.333	395.781	384.256	374.031
02:00:00	25.157	27.909	28.136	75.469	74.038	69.737	217.784	219.644	219.826	397.223	391.217	380.297