Time	25_1	25_2	25_3	50_1	50_2	50_3	100_1	100_2	100_3	150_1	150_2	150_3
00:00:00	69.854	73.428	68.945	128.021	136.622	132.614	267.168	252.475	253.918	377.179	374.305	372.657
00:00:30	67.437	68.561	63.319	121.548	130.881	127.723	258.072	252.176	247.071	367.789	360.019	362.963
00:01:00	62.409	66.063	58.761	120.099	124.435	120.439	242.819	236.707	238.67	352.882	343.979	345.587
00:01:30	58.319	60.444	56.124	116.366	119.166	117.776	237.215	230.333	227.182	344.226	331.9	336.012
00:02:00	57.478	59.942	54.458	111.114	111.921	112.659	229.719	220.314	218.939	341.004	334.939	332.025
00:02:30	54.882	56.877	53.727	108.81	109.47	108.677	220.989	214.794	210.931	336.775	326.353	329.563
00:03:00	52.901	52.35	50.687	104.459	105.19	105.32	214.24	205.527	204.254	329.018	320.092	321.132
00:03:30	50.865	51.868	49.359	101.478	103.726	101.293	209.146	203.241	203.313	326.148	316.624	313.567
00:04:00	49.527	49.24	48.205	98.795	102.623	99.773	208.925	198.975	198.28	322.432	318.437	315.409
00:04:30	49.713	47.436	45.839	96.34	98.423	99.717	203.648	195.763	196.399	322.545	310.948	315.842
00:05:00	45.618	46.025	46.035	94.597	96.935	98.372	199.484	192.897	193.916	315.946	309.274	314.214
00:05:30	45.568	44.954	46.193	91.687	93.554	95.173	195.451	190.95	186.172	316.964	308.679	307.885
00:06:00	43.771	45.32	42.444	91.312	92.691	91.508	187.933	187.396	186.76	314.489	306.33	301.878
00:06:30	42.255	41.154	41.732	88.425	89.823	91.491	185.91	184.433	182.819	311.5	302.838	306.632
00:07:00	41.407	42.4	41.279	88.056	87.285	89.663	182.06	181.075	178.883	312.18	304.326	304.605
00:07:30	42.602	40.226	39.827	85.052	86.71	87.544	178.03	176.946	183.151	309.683	301.918	305.19
00:08:00	39.446	39.006	40.686	83.779	85.107	87.147	176.314	180.598	181.813	308.73	299.243	304.142
00:08:30	39.097	40.093	37.987	83.778	85.135	84.54	176.483	182.261	179.008	311.178	303.152	305.191
00:09:00	40.145	37.344	38.025	80.527	82.332	81.627	176.05	177.383	174.905	304.399	298.835	300.173
00:09:30	37.959	38.344	37.156	78.885	78.503	83.129	171.98	175.479	174.142	305.38	293.405	296.179
00:10:00	37.906	37.056	35.791	78.25	80.928	81.803	170.684	177.475	173.542	304.598	297.568	294.096
00:10:30	34.334	35.029	35.735	77.29	80.227	82.083	171.087	172.155	171.268	302.914	295.381	292.048
00:11:00	35.969	35.181	36.073	74.617	79.16	78.702	169.819	171.768	171.046	304.121	291.652	294.963
00:11:30	36.66	35.541	33.336	75.02	74.481	77.692	171.347	171.302	174.091	302.536	296.342	297.661
00:12:00	34.337	34.229	33.653	72.744	76.233	79.004	166.716	171.705	167.179	298.703	292.773	297.298
00:12:30	33.581	33.667	33.946	72.539	75.255	76.858	165.991	174.297	167.011	301.319	293.558	294.86
00:13:00	32.919	34.929	32.331	69.486	73.507	76.423	166.054	169.282	166.198	298.692	289.16	291.324
00:13:30	32.426	33.879	32.297	70.025	71.092	77.202	164.171	170.447	167.021	299.717	291.364	294.016
00:14:00	32.615	31.92	32.49	71.42	74.135	73.359	166.553	165.016	167.889	297.419	288.21	288.306
00:14:30	31.585	30.558	30.713	67.006	70.986	74.078	162.381	167.058	166.033	296.821	290.67	292.354
00:15:00	31.655	30.833	31.799	68.525	70.296	74.446	166.505	167.872	166.131	302.348	293.88	293.346
00:15:30	31.218	30.704	31.026	65.564	68.972	71.423	166.294	168.145	167.523	298.257	288.897	291.076
00:16:00	30.381	31.286	30.058	67.5	67.902	71.938	162.733	167.017	167.5	298.452	291.407	290.332
00:16:30	30.5	30.053	28.976	64.701	68.092	68.392	161.86	162.775	163.182	295.314	286.811	289.564
00:17:00	30.523	29.597	28.767	65.458	67.843	68.078	162.139	167.414	163.295	295.835	292.951	287.462
00:17:30	29.899	28.537	28.37	65.599	67.727	69.66	162.392	162.72	164.456	293.649	286.395	287.669
00:18:00	28.438	29.28	28.126	63.143	66.814	68.274	160.142	165.09	163.887	297.662	290.506	286.244
00:18:30	28.488	29.013	26.31	62.229	65.147	68.276	158.947	164.775	161.159	294.343	288.341	287.358
00:19:00	28.791	29.248	28.337	64.171	62.686	69.068	159.305	164.25	161.313	297.058	288.703	285.444
00:19:30	28.179	27.012	27.313	63.915	63.843	65.836	161.975	162.143	164.66	296.785	289.836	284.681
00:20:00	26.363	27.551	28.426	61.435	62.495	66.648	159.961	160.265	161.593	293.353	287.501	281.793
00:20:30	27.515	26.422	26.317	62.968	62.481	64.608	157.82	159.339	160.767	294.535	288.313	288.845
00:21:00	26.337	27.351	25.026	61.06	61.863	65.26	156.024	159.149	160.886	289.8	281.758	284.868
00:21:30	25.734	26.6	25.758	60.364	61.963	65.615	158.117	161.826	160.189	294.592	286.411	287.439
00:22:00	25.77	26.13	25.687	58.206	61.792	62.294	156.091	160.495	160.164	295.916	284.533	280.946
00:22:30	26.524	26.253	25.498	59.244	60.133	65.14	158.189	162.296	159.465	293.49	287.29	283.057
00:23:00	24.838	25.828	25.53	59.105	60.345	61.506	155.53	162.019	160.351	292.099	284.403	281.62
00:23:30	23.915	25.253	25.349	58.205	59.654	60.869	158.208	158.423	159.151	290.936	287.617	284.546
00:24:00	25.901	26.133	24.212	57.648	59.9	61.456	156.26	159.417	161.812	293.174	283.958	282.93
00:24:30	24.761	24.926	24.529	55.306	59.376	62.491	158.93	161.476	158.818	292.27	285.335	283.893
00:25:00	24.819	23.488	23.655	57.419	58.105	61.929	153.799	158.093	159.266	286.069	279.79	284.419
00:25:30	24.223	23.697	23.941	55.512	57.62	60.944	155.873	158.043	158.543	291.792	280.777	282.814
00:26:00	23.783	24.542	23.613	54.152	57.359	61.078	155.803	160.393	156.741	286.86	281.941	281.397
00:26:30	23.542	23.208	23.662	53.6	55.775	61.044	156.025	156.148	158.747	288.556	281.677	281.566
00:27:00	24.607	23.621	23.293	54.193	56.598	58.641	154.241	161.862	157.427	290.59	279.212	281.489
00:27:30	22.749	23.458	22.241	53.591	55.907	58.977	152.609	160.413	157.566	288.755	280.187	283.189
00:28:00	23.65	21.499	22.526	51.57	53.01	58.856	153.843	158.276	159.708	288.51	279.193	279.233
00:28:30	23.243	23.99	21.834	52.376	54.178	58.412	151.754	154.188	156.317	287.658	280.556	279.454
00:29:00	22.663	22.746	22.95	51.04	54.912	58.393	154.06	157.445	154.914	288.426	275.014	279.693
00:29:30	22.333	23.197	21.26	51.985	54.085	56.277	153.44	157.542	158.449	289.673	279.165	282.328
00:30:00	21.547	22.66	21.875	50.584	55.547	58.813	154.047	156.657	156.018	290.063	279.099	282.317
00:30:30	21.472	22.429	22.122	50.871	54.811	58.564	153.698	160.347	156.221	285.203	282.685	282.083
00:31:00	21.85	21.396	20.885	50.376	52.234	55.282	152.16	155.473	159.343	287.359	280.02	276.679
00:31:30	21.314	21.561	21.857	49.859	52.69	57.276	150.037	155.804	157.021	288.079	280.978	283.342
00:32:00	22.606	21.869	20.743	50.857	50.879	56.562	153.79	159.434	156.128	289.034	277.624	281.108
00:32:30	21.372	21.58	19.768	50.193	52.07	57.315	151.305	155.295	155.854	289.926	278.554	277.562
00:33:00	22.741	21.563	20.503	50.849	52.142	55.358	151.293	156.435	157.759	285.649	278.056	276.84
00:33:30	21.115	21.112	19.809	49.675	53.348	55.685	152.305	152.635	152.432	285.738	279.532	277.847
00:34:00	20.079	21.118	20.304	50.342	52.948	56.59	153.983	155.153	156.471	287.429	276.332	277.971
00:34:30	20.502	20.376	20.219	51.338	50.482	56.387	152.81	154.901	154.984	286.908	281.402	280.362
00:35:00	19.391	21.365	20.162	48.875	50.97	55.521	149.301	154.64	152.597	284.568	277.055	277.012
00:35:30	19.874	20.378	19.756	46.819	52.309	55.591	151.049	154.359	155.762	286.912	276.061	279.704
00:36:00	22.013	20.637	20.355	48.288	49.579	55.857	146.988	152.431	152.963	285.024	276.398	275.046
00:36:30	19.031	21.08	20.171	48.388	52.17	55.331	154.029	155.97	154.503	287.701	281.327	277.502
00:37:00	20.967	20.018	19.604	47.081	49.79	53.933	151.546	152.513	155.737	286.07	279.048	278.267
00:37:30	20.291	20.626	20.712	46.376	51.069	55.003	149.87	157.588	155.403	286.088	277.563	278.776
00:38:00	19.194	19.777	19.991	48.572	49.237	54.311	149.608	156.158	152.29	283.244	278.287	277.486
00:38:30	19.917	20.544	19.067	47.698	50.172	54.735	149.287	155.818	158.176	286.973	279.206	276.104
00:39:00	20.018	19.649	20.195	47.858	51.019	53.367	150.687	154.092	154.909	285.1	278.278	278.207
00:39:30	19.715	19.629	18.319	46.847	50.763	54.024	149.979	156.484	153.782	285.675	278.46	276.302
00:40:00	19.556	19.985	20.313	46.313	48.402	53.897	150.481	152.683	152.991	285.52	275.628	276.962
00:40:30	19.424	19.308	18.473	45.781	49.413	52.91	149.21	155.464	150.778	282.702	276.273	279.164
00:41:00	19.163	19.774	18.828	46.51	49.294	52.593	149.979	153.178	154.627	283.439	276.101	275.11
00:41:30	18.197	19.066	18.382	44.442	47.353	54.184	149.6	153.482	152.486	288.115	277.547	274.799
00:42:00	19.089	19.181	17.949	45.911	49.092	52.817	148.595	153.582	153.63	284.361	275.899	275.676
00:42:30	19.234	19.444	18.912	46.287	49.088	52.984	151.291	152.586	153.92	282.705	278.14	277.478
00:43:00	18.556	19.475	19.557	46.081	46.907	53.789	149.349	153.744	151.473	278.949	274.46	276.154
00:43:30	19.149	18.563	17.954	45.084	47.549	51.575	147.597	151.333	150.809	280.975	276.984	275.885
00:44:00	18.677	18.848	19.162	46.19	46.551	50.976	148.294	150.406	150.561	287.135	271.574	277.68
00:44:30	17.61	18.01	18.93	44.436	46.673	51.555	146.973	151.043	153.289	282.409	278.883	276.145
00:45:00	18.485	18.822	17.677	44.822	47.917	52.184	149.901	152.267	153.712	282.105	275.061	275.646
00:45:30	19.199	18.624	17.962	45.02	47.535	53.512	150.072	151.468	152.012	283.761	274.221	276.385
00:46:00	18.595	19.439	18.018	44.493	46.177	51.551	150.898	150.689	150.747	284.192	274.944	274.397
00:46:30	17.928	18.546	17.783	44.872	48.763	51.005	147.55	152.436	150.119	285.032	274.032	275.655
00:47:00	18.162	17.807	17.446	44.553	48.435	51.648	149.417	150.861	150.777	284.865	278.453	270.87
00:47:30	18.228	17.545	16.938	42.776	45.112	50.951	148.571	151.788	150.161	282.254	271.891	276.092
00:48:00	17.96	17.641	18.194	44.164	47.176	51.133	148.057	155.613	150.951	284.241	280.102	277.014
00:48:30	18.587	17.626	17.687	42.299	45	50.947	148.069	147.583	149.143	282.783	273.986	273.277
00:49:00	17.756	17.08	17.232	44.403	47.783	50.094	148.582	151.234	151.19	284.225	276.626	276.769
00:49:30	18.652	19.451	17.843	43.471	47.973	48.958	148.896	151.597	150.058	285.547	273.276	274.823
00:50:00	17.32	17.889	17.189	44.768	45.481	49.146	147.4	151.643	151.695	281.294	273.099	270.454
00:50:30	17.979	17.243	16.712	43.321	45.497	49.905	149.728	149.535	151.333	283.076	276.082	270.285
00:51:00	17.723	18.351	18.638	43.173	45.947	48.518	147.17	150.536	153.149	281.796	274.532	277.625
00:51:30	17.925	17.931	17.618	43.518	45.283	51.395	147.086	152.43	150.88	281.094	271.15	271.954
00:52:00	17.256	18.072	16.584	44.265	46.404	51.254	147.386	153.392	151.853	283.324	272.422	272.161
00:52:30	17.095	17.709	17.034	43.068	44.698	50.554	147.143	150.412	150.711	285.47	274.987	275.797
00:53:00	18.111	17.844	17.004	41.746	45.539	50.645	146.755	148.514	156.131	282.744	269.893	271.428
00:53:30	17.829	18.61	16.863	43.458	45.236	50.426	149.701	152.184	153.355	281.567	274.23	275.509
00:54:00	18.161	17.206	16.413	41.642	45.424	49.029	149.264	153.227	152.024	286.125	273.292	276.006
00:54:30	18.15	18.065	17.363	41.993	44.495	47.63	147.218	148.726	148.5	279.658	271.454	273.014
00:55:00	17.278	17.488	17.183	42.941	45.305	48.97	143.584	147.386	149.438	278.204	272.967	269.449
00:55:30	18.125	17.047	16.455	43.431	44.508	48.649	144.128	149.36	151.902	278.622	271.564	270.827
00:56:00	17.321	16.692	16.909	42.759	43.968	48.213	147.915	149.122	151.393	278.009	271.083	272.286
00:56:30	17.498	17.305	17.08	41.649	45.281	50.343	146.717	150.299	148.534	281.928	271.774	271.789
00:57:00	17.358	16.674	16.97	41.421	43.402	48.56	147.465	149.114	149.424	281.499	270.153	273.01
00:57:30	17.1	17.556	16.57	41.088	44.458	48.85	147.834	153.493	151.257	283.771	277.832	277.559
00:58:00	16.873	17.639	17.735	41.825	44.184	48.084	147.913	148.663	148.53	281.854	271.658	269.633
00:58:30	16.708	17.089	15.936	40.649	44.436	45.745	148.165	151.107	150.639	279.391	271.858	272.14
00:59:00	15.93	16.911	16.756	41.705	43.934	48.331	147.075	149.873	150.34	280.424	274.418	275.838
00:59:30	17.165	17.162	16.442	40.843	43.125	47.812	145.948	150.249	151.704	281.257	274.015	273.778
01:00:00	16.857	17.01	15.986	40.572	43.875	48.019	147.079	149.176	149.658	285.453	272.484	272.935
01:00:30	17.433	16.875	17.474	42.786	43.124	47.491	145.905	149.05	150.201	286.073	272.024	273.82
01:01:00	16.68	17.343	16.365	40.513	42.65	46.281	146.722	151.08	150.042	280.404	270.687	265.424
01:01:30	17.347	17.543	16.971	40.782	44.149	48.338	145.433	149.522	151.212	280.186	270.679	272.617
01:02:00	17.065	16.729	17.311	41.817	42.193	48.415	146.289	150.557	150.126	281.734	278.502	276.741
01:02:30	16.349	17.034	16.094	41.087	43.126	47.552	145.122	149.861	148.98	274.568	271.993	271.787
01:03:00	16.795	17.219	16.71	41.08	43.653	46.788	147.085	154.04	149.583	279.349	270.915	272.825
01:03:30	16.622	16.403	16.041	40.722	42.557	47.126	145.793	149.877	149.92	282.266	272.742	269.928
01:04:00	17.475	17.567	16.02	41.931	43.912	47.351	144.475	150.565	152.061	282.815	271.951	271.253
01:04:30	16.388	17.879	16.911	40.749	41.895	46.645	146.452	149.459	150.614	280.896	273.172	274.384
01:05:00	16.745	17.273	16.126	40.377	43.926	46.275	143.245	147.653	150.268	276.542	268.312	265.939
01:05:30	16.089	15.949	15.83	40.673	42.48	46.302	145.249	148.572	147.912	276.103	274.084	270.076
01:06:00	16.299	16.846	16.837	39.197	42.534	46.662	144.726	150.249	147.565	280.178	272.518	271.903
01:06:30	16.386	16.351	16.229	39.338	42.683	46.044	144.908	148.424	149.385	276.08	269.211	269.214
01:07:00	16.915	16.932	16.482	40.277	43.096	46.363	149.296	152.083	151.843	280.548	271.788	272.688
01:07:30	17.003	16.313	17.112	40.85	42.738	47.033	147.305	147.972	150.041	281.665	270.686	270.632
01:08:00	16.618	16.628	16.433	41.484	41.439	45.964	146.777	147.358	150.21	277.434	270.758	272.684
01:08:30	16.3	15.707	15.571	39.034	42.094	45.201	146.835	152.187	151.477	276.556	272.815	273.544
01:09:00	16.964	15.356	16.473	38.828	42.099	45.05	143.829	150.103	149.426	284.142	269.581	271.673
01:09:30	16.847	16.107	15.222	40.112	41.064	45.491	146.033	150.618	147.974	276.166	269.804	269.848
01:10:00	16.304	16.333	15.115	39.562	41.114	45.268	147.318	146.927	149.11	277.324	268.778	267.134
01:10:30	15.929	16.906	16.089	38.844	42.373	45.672	145.947	148.661	147.575	277.022	267.949	271.445
01:11:00	17.053	15.672	16.178	40.065	42.06	46.384	147.29	152.566	148.405	279.13	271.573	265.821
01:11:30	17.407	15.958	15.355	40.351	41.368	47.073	144.93	145.327	148.532	277.818	271.067	266.244
01:12:00	15.888	17.386	16.023	39.678	39.783	45.001	141.813	149.05	151.946	278.046	269.54	269.974
01:12:30	16.538	16.198	15.88	40.162	40.616	47.194	149.146	149.19	149.745	278.445	273.089	267.918
01:13:00	16.599	16.855	15.778	39.001	41.221	45.358	147.513	150.075	150.939	276.282	269.032	269.006
01:13:30	15.366	15.897	15.523	38.639	40.133	45.832	143.573	151.174	146.257	275.2	273.453	269.291
01:14:00	15.961	17.289	16.078	39.596	40.671	44.685	145.564	148.677	150.771	277.075	271.233	267.614
01:14:30	15.429	15.287	16.094	39.724	41.426	46.523	145.17	151.672	148.118	274.104	269.853	268.311
01:15:00	16.93	15.913	15.455	38.176	42.232	44.287	144.433	151.666	148.916	276.909	270.611	266.499
01:15:30	17.577	15.951	16.279	39.51	40.43	44.446	145.191	148.835	149.682	279.048	270.859	268.862
01:16:00	15.861	15.79	15.812	38.908	40.64	44.296	146.081	148.087	147.8	277.523	266.752	268.86
01:16:30	15.745	16.489	15.871	40.746	40.425	44.371	143.024	148.877	147.896	275.076	264.698	266.956
01:17:00	16.915	16.193	16.264	39.113	41.868	44.523	145.802	150.092	149.44	275.996	269.947	273.364
01:17:30	15.054	15.854	15.463	38.45	41.282	44.914	146.081	147.753	150.069	276.162	268.624	268.832
01:18:00	16.211	16.011	16.289	37.632	41.304	44.533	143.705	148.551	146.307	275.41	267.911	267.826
01:18:30	16.454	17.07	15.232	39.846	40.685	44.396	143.487	145.155	148.81	277.034	269.868	270.976
01:19:00	15.516	16.509	16.019	38.72	39.742	43.792	144.735	149.006	146.195	276.2	264.769	267.005
01:19:30	15.516	16.479	15.751	39.314	40.032	43.652	144.181	148.659	146.421	275.984	269.392	267.903
01:20:00	15.302	16.166	15.662	38.799	41.07	43.459	143.323	146.125	148.345	275.189	268.153	263.945
01:20:30	15.286	16.789	15.455	39.011	39.327	43.948	145.717	149.694	147.785	273.914	267.004	264.901
01:21:00	16.369	16.343	16.326	37.282	39.392	44.867	143.903	148.428	145.036	277.427	267.381	264.788
01:21:30	16.847	16.367	15.778	37.951	39.449	42.273	145.888	145.931	145.607	274.222	263.965	267.085
01:22:00	16.687	15.927	16.181	39.139	39.472	44.219	145.135	147.463	147.964	277.224	269.591	270.942
01:22:30	15.68	15.446	15.296	37.382	41.856	43.368	144.341	146.879	150.813	278.358	267.476	267.965
01:23:00	16.116	16.341	15.793	38.164	40.685	44.067	142.805	148.269	148.146	274.374	266.514	267.369
01:23:30	15.915	15.584	16.033	38.651	40.076	42.944	145.36	146.534	147.634	273.56	268.919	268.62
01:24:00	15.383	16.343	16.195	38.676	41.413	42.31	145.59	149.42	147.969	273.616	270.407	270.069
01:24:30	15.89	16.291	15.353	38.519	39.96	41.719	145.552	146.175	147.838	276.568	266.945	265.422
01:25:00	15.211	15.425	15.541	38.357	40.476	42.787	145.686	146.365	145.025	276.758	269.167	269.711
01:25:30	16.28	15.782	15.776	37.274	41.514	42.918	144.361	150.441	146.642	278.05	266.898	267.389
01:26:00	16.314	16.024	15.774	39.204	40.375	44.036	146.754	148.072	149.602	275.29	268.781	267.967
01:26:30	16.481	15.557	15.738	38.854	40.004	44.014	146.519	147.941	148.211	277.299	270.329	263.215
01:27:00	16.016	15.476	15.396	36.833	40.336	43.434	146.887	148.283	146.746	277.604	272.078	268.126
01:27:30	16.884	16.616	16.123	37.945	41.459	43.19	143.111	148.86	146.459	274.512	265.896	268.168
01:28:00	15.375	16.159	15.486	38.323	40.043	42.481	145.758	147.571	147.903	274.916	265.553	267.207
01:28:30	15.881	15.268	16.275	39.643	39.658	43.356	140.667	146.037	150.156	277.107	271.587	268.469
01:29:00	16.534	15.764	15.108	39.165	40.461	43.174	144.029	148.861	146.078	276.651	268.527	265.976
01:29:30	17.021	16.566	15.954	37.208	39.362	43.496	145.607	146.951	146.602	275.408	268.428	267.759
01:30:00	16.244	15.973	15.192	37.461	39.979	42.626	145.481	148.72	143.711	272.201	268.499	267.674
01:30:30	16.278	15.303	16.335	36.997	40.438	43.811	141.882	147.827	146.775	277.51	269	266.171
01:31:00	16.252	15.781	15.424	37.712	40.061	42.819	144.531	147.507	146.379	272.411	262.257	269.281
01:31:30	16.126	15.907	15.178	39.176	39.486	41.305	143.019	149.53	149.184	271.597	267.134	266.984
01:32:00	16.299	16.205	14.945	37.384	38.031	44.013	141.724	148.51	145.117	275.298	269.975	265.232
01:32:30	16.03	16.582	15.146	37.885	39.944	44.058	139.923	148.176	148.782	275.684	266.539	267.446
01:33:00	16.816	16.412	16.029	37.355	40.694	42.174	143.766	145.582	147.657	274.004	267.904	267.039
01:33:30	16.536	15.666	15.28	38.912	40.266	43.436	147.692	148.447	149.445	276.442	268.096	266.648
01:34:00	16.075	15.171	15.75	37.859	38.326	42.996	143.63	145.834	146.906	272.626	266.442	267.086
01:34:30	15.976	15.548	14.915	37.877	39.037	42.491	142.731	145.214	145.958	274.895	267.987	266.008
01:35:00	16.463	15.412	15.685	37.302	40.339	42.809	142.507	146.284	146.381	273.492	268.232	265.571
01:35:30	16.28	15.44	14.935	38.67	40.584	42.232	141.641	146.849	147.638	273.652	266.28	263.947
01:36:00	16.374	14.602	15.113	37.072	39.872	44.363	144.953	148.235	148.971	273.181	270.319	267.431
01:36:30	15.563	16.135	15.483	37.18	38.671	42.479	143.08	147.88	144.251	273.388	265.382	266.787
01:37:00	17.315	16.388	15.935	38.603	38.431	41.86	144.016	147.265	145.56	274.677	268.21	266.555
01:37:30	14.995	16.105	15.045	36.613	38.501	40.81	143.653	148.852	144.517	276.713	268.139	266.469
01:38:00	15.629	16.139	15.848	37.503	38.621	43.278	143.336	147.449	146.74	276.779	267.234	266.937
01:38:30	16.509	16.008	14.861	38.404	38.957	41.697	141.148	146.339	145.685	272.777	263.542	266.778
01:39:00	15.722	15.915	14.794	38.605	38.321	42.311	143.477	147.209	148.487	274.158	268.919	266.817
01:39:30	16.586	15.13	15.07	37.455	38.528	42.317	145.991	149.559	148.559	274.488	271.432	268.345
01:40:00	16.714	16.337	15.742	37.754	38.002	40.943	142.797	145.885	144.358	271.49	265.677	265.467
01:40:30	15.141	15.03	14.997	36.036	37.631	42.65	145.152	144.121	147.713	274.445	262.691	270.767
01:41:00	16.287	15.907	15.819	37.094	37.726	41.099	143.294	146.977	146.665	271.871	265.904	265.245
01:41:30	16.646	15.757	15.101	37.507	38.423	42.714	143.247	143.536	144.77	275.948	261.591	268.853
01:42:00	15.039	15.545	14.83	36.734	37.824	43.076	144.907	147.172	146.099	276.098	264.696	266.712
01:42:30	15.302	15.909	15.784	36.999	39.204	42.066	144.289	146.723	145.678	275.103	267.106	265.841
01:43:00	16.578	15.546	16.027	37.119	38.338	41.478	143.119	146.577	145.004	273.58	264.743	264.254
01:43:30	15.876	16.203	15.378	36.244	39.137	43.489	146.509	147.392	147.542	272.414	264.234	266.997
01:44:00	16.979	16.668	16.089	38.187	38.347	41.218	142.278	146.422	146.039	275.808	265.215	263.901
01:44:30	15.858	15.373	14.819	37.843	39.061	43.686	146.826	146.533	147.309	274.124	263.152	264.565
01:45:00	15.827	16.629	15.61	36.101	38.936	44.249	143.116	146.291	149.486	278.07	268.358	267.504
01:45:30	15.952	16.394	14.915	36.993	38.177	43.344	145.825	146.638	148.348	271.978	266.364	265.019
01:46:00	15.852	16.382	14.801	36.799	39.785	42.533	143.259	147.044	146.223	274.734	265.827	265.845
01:46:30	15.071	16.693	14.834	38.891	37.569	42.126	143.831	146.391	144.493	273.625	272.108	269.94
01:47:00	15.629	16.471	14.823	37.324	39.429	40.746	147.784	148.072	145.825	275.921	264.453	265.941
01:47:30	17.828	16.829	15.831	35.418	37.286	41.908	141.381	147.806	145.352	272.68	262.404	266.151
01:48:00	15.903	15.756	15.159	36.892	39.14	40.624	144.802	147.06	146.585	272.19	266.209	264.058
01:48:30	16.027	16.678	15.967	38.277	39.872	40.9	143.081	148.806	145.215	273.21	265.197	265.632
01:49:00	15.552	15.621	15.278	36.863	37.785	43.362	144.531	145.908	145.233	274.681	264.299	263.069
01:49:30	16.276	15.482	15.569	36.915	38.754	42.405	141.447	147.085	143.502	277.086	262.62	264.803
01:50:00	15.174	15.256	15.481	37.202	37.722	42.45	141.852	145.789	146.099	275.01	266.572	263.782
01:50:30	16.535	15.694	14.9	37.283	38.102	43.185	142.664	146.874	146.573	272.898	267.027	266.432
01:51:00	16.173	15.29	14.579	37.631	38.629	41.145	144.19	147.471	148.124	277.967	267.797	264.724
01:51:30	15.818	16.728	15.761	36.521	37.985	40.895	141.909	144.451	145.438	275.134	264.771	266.08
01:52:00	15.67	16.046	15.74	36.94	37.821	42.63	143.632	146.784	144.974	272.879	270.587	267.834
01:52:30	16.892	15.873	15.217	36.629	39.92	41.579	142.21	143.925	145.668	274.297	264.651	267.404
01:53:00	16.075	15.607	15.677	37.13	38.7	42.017	143.354	146.95	147.75	274.063	265.381	267.398
01:53:30	16.148	16.192	15.901	36.055	37.937	42.623	144.399	143.748	146.419	269.961	263.992	267.776
01:54:00	15.777	14.89	15.149	36.749	39.241	42.423	144.314	145.292	147.401	271.653	265.108	261.252
01:54:30	15.928	16.047	15.697	35.523	37.733	41.535	142.592	148.309	146.981	277.713	262.532	265.703
01:55:00	15.402	15.579	15.034	35.705	38.87	40.595	142.569	145.422	147.484	271.106	261.7	262.677
01:55:30	16.127	14.651	14.927	36.465	37.744	41.269	144.57	150.485	147.953	270.6	265.735	268.983
01:56:00	15.861	15.879	15.771	37.103	37.94	42.923	144.007	146.625	146.369	273.192	266.508	267.203
01:56:30	16.357	15.791	15.102	36.399	38.485	42.322	142.327	146.083	145.696	273.467	267.491	266.193
01:57:00	15.926	16.173	15.883	37.783	39.722	41.267	144.204	144.551	146.836	274.005	264.135	261.357
01:57:30	16.197	16.037	15.183	36.814	38.023	41.02	145.407	143.636	145.191	272.006	268.292	266.296
01:58:00	16.155	15.84	14.768	36.636	38.902	41.137	144.564	147.576	145.688	273.84	263.759	268.496
01:58:30	16.458	16.186	15.711	36.758	37.854	42.93	142.701	148.805	146.451	274.593	260.554	265.017
01:59:00	15.775	16.788	14.667	35.206	37	41.739	141.37	146.005	147.57	273.276	264.515	267.237
01:59:30	15.894	15.912	15.845	37.032	38.431	42.64	143.999	147.065	145.032	272.898	262.869	267.651
02:00:00	15.232	16.405	15.707	37.675	37.925	41.949	143.564	146.384	146.826	275.831	263.454	265.513