Time	25_1	25_2	25_3	50_1	50_2	50_3	100_1	100_2	100_3	150_1	150_2	150_3
00:00:00	64.317	68.599	65.784	127.607	124.607	120.516	239.952	254.193	255.279	373.677	365.151	376.627
00:00:30	60.599	63.652	61.688	123.061	117.622	110.023	227.936	246.797	247.387	363.667	356.36	365.076
00:01:00	56.764	60.026	59.77	115.947	110.298	107.791	225.205	239.617	234.46	354.219	343.913	350.135
00:01:30	52.756	55.245	54.76	108.722	106.416	104.458	212.57	227.952	227.443	341.473	330.732	343.169
00:02:00	51.441	54.361	52.102	105.953	102.716	100.733	205.841	218.984	219.366	335.53	326.72	333.259
00:02:30	49.239	52.648	48.987	101.254	99.95	99.602	196.368	210.86	209.081	326.073	324.63	324.903
00:03:00	47.036	49.709	47.149	100.25	97.531	93.292	191.838	207.627	200.557	322.712	318.628	325.234
00:03:30	46.254	47.983	46.744	96.64	95.961	90.698	185.257	200.57	196.688	320.817	317.647	318.822
00:04:00	44.687	45.685	43.298	92.569	92.241	88.663	179.364	192.142	193.969	314.44	309.149	315.081
00:04:30	42.88	46.27	42.04	91.87	90.082	87.262	176.635	193.909	188.796	317.376	310.294	317.299
00:05:00	41.825	44.458	41.252	89.497	89.056	85.584	171.781	185.409	184.524	313.06	306.493	313.234
00:05:30	40.684	43.615	40.297	85.991	85.342	82.459	168.614	182.98	184.068	312.952	303.777	311.83
00:06:00	38.577	42.357	38.015	85.296	84.235	81.173	162.972	179.838	179.705	306.856	300.593	310.118
00:06:30	38.049	41.406	38.495	85.37	83.858	78.43	165.993	177.4	178.471	310.375	298.108	306.717
00:07:00	37.037	40.912	38.248	84.052	80.215	77.061	165.753	176.236	178.446	304.138	299.248	306.571
00:07:30	37.22	38.85	36.696	83.648	80.36	74.716	159.769	173.263	173.654	299.808	294.141	305.128
00:08:00	35.897	37.948	35.888	81.373	77.86	74.595	159.206	172.199	172.498	302.908	297.457	304.636
00:08:30	33.756	37.752	34.666	78.11	76.178	73.81	157.186	170.308	171.626	303.29	297.908	301.574
00:09:00	35.332	36.444	33.45	78.155	74.909	72.93	158.348	167.921	169.289	298.616	290.763	304.829
00:09:30	32.845	36.587	33.006	76.88	74.971	70.079	154.59	168.885	167.814	302.167	293.921	300.182
00:10:00	31.538	36.781	32.336	75.572	74.561	70.383	153.093	166.189	166.857	298.696	292.429	297.203
00:10:30	32.487	34.67	30.66	75.779	73.915	69.083	152.116	163.721	166.451	296.076	289.687	297.933
00:11:00	30.793	34.202	31.26	72.887	71.583	67.107	153.172	162.183	161.641	298.773	287.029	294.112
00:11:30	29.943	34.095	30.761	70.646	72.188	67.807	151.037	162.597	165.799	295.802	289.044	297.426
00:12:00	29.621	33.318	30.422	71.761	70.811	66.604	150.108	162.869	161.647	295.539	289.275	297.45
00:12:30	28.694	31.168	29.705	70.044	67.483	62.662	149.594	163.786	165.556	293.39	292.131	292.329
00:13:00	28.348	30.738	27.244	70.667	69.393	65.034	147.156	159.053	162.961	294.98	289.098	288.835
00:13:30	27.783	30.14	29.052	69.552	67.681	64.668	146.819	160.118	162.329	292.196	289.011	291.061
00:14:00	26.927	30.174	28.43	66.592	66.011	61.373	147.989	158.359	156.721	291.037	287.131	290.69
00:14:30	26.548	31.427	28.5	67.647	66.395	63.622	143.321	160.594	160.46	293.299	282.313	291.24
00:15:00	26.207	28.328	27.532	66.235	67.013	62.226	145.625	159.076	159.794	295.303	284.882	291.631
00:15:30	26.031	29.048	26.396	66.426	63.736	62.112	144.493	157.589	157.425	295.911	284.632	292.175
00:16:00	25.044	27.144	26.828	65.778	65.329	60.793	144.708	156.556	154.234	292.088	282.252	289.208
00:16:30	25.612	29.08	26.209	65.599	65.288	60.598	147.432	156.931	156.043	288.041	282.897	294.668
00:17:00	25.071	26.77	25.265	62.711	64.784	59.229	145.747	157.676	156.014	290.291	283.775	289.672
00:17:30	25.183	27.247	25.685	63.003	61.96	59.399	146.981	156.474	156.912	288.846	281.692	287.797
00:18:00	23.288	26.486	24.736	60.944	63.465	59.436	143.534	156.141	157.993	291.332	282.451	290.507
00:18:30	24.523	25.87	25.187	62.688	60.944	58.525	141.988	150.502	154.675	291.488	282.148	290.312
00:19:00	23.583	26.333	25.515	61.113	61.374	57.252	143.211	154.796	154.42	288.669	280.079	291.299
00:19:30	23.031	25.73	24.313	60.628	61.355	55.788	141.98	154.796	155.517	289.463	284.184	289.741
00:20:00	22.641	25.85	23.103	62.226	60.422	55.662	138.916	154.115	153.584	289.963	279.882	291.564
00:20:30	22.817	26.002	23.479	60.184	58.837	56.553	144.28	155.59	154.895	288.154	279.854	284.4
00:21:00	22.656	23.758	23.801	57.849	57.927	56.976	138.348	152.337	155.012	288.526	283.384	286.988
00:21:30	22.277	24.589	22.456	60.55	56.693	55.265	143.479	152.066	152.526	289.222	281.536	286.845
00:22:00	21.647	24.645	23.009	59.823	56.695	54.274	140.427	152.212	153.132	286.468	282.431	284.766
00:22:30	21.209	23.06	22.282	57.868	58.24	54.804	139.014	154.879	155.426	290.396	277.99	284.986
00:23:00	20.615	23.164	22.977	56.44	57.436	55.816	139.785	150.263	151.939	284.293	278.132	285.935
00:23:30	21.128	24.055	21.709	58.175	57.875	53.953	138.587	151.211	154.903	285.83	276.781	284.954
00:24:00	20.966	22.627	21.323	56.65	56.875	53.992	139.587	150.788	151.986	285.668	277.234	279.479
00:24:30	19.952	21.181	20.929	57.127	56.777	53.112	139.85	150.828	152.184	290.097	280.689	284.386
00:25:00	20.132	22.988	20.498	54.754	54.874	51.92	138.507	150.833	151.236	286.099	277.168	283.714
00:25:30	20.217	22.476	20.192	55.215	56.57	52.47	136.099	147.303	150.041	287.567	277.239	280.589
00:26:00	19.249	21.493	20.056	55.028	54.49	53.351	136.065	149.152	151.522	285.543	276.394	281.891
00:26:30	19.245	21.845	19.598	52.95	55.691	52.081	135.053	152.68	151.888	281.71	276.441	284.188
00:27:00	19.581	21.2	19.393	53.361	54.472	51.683	139.792	146.648	151.111	285.489	275.986	280.164
00:27:30	18.632	21.877	19.853	53.401	54.339	48.348	136.944	146.888	149.736	285.106	275.554	282.216
00:28:00	18.661	21.487	18.993	54.226	53.215	49.732	137.869	148.21	150.326	284.361	279.199	282.272
00:28:30	18.576	20.912	19.112	54.304	52.892	51.118	136.578	148.245	144.928	278.766	275.484	280.638
00:29:00	18.892	20.674	18.749	53.441	52.465	50.16	135.621	148.096	150.143	287.968	282.338	280.608
00:29:30	18.1	20.208	19.631	52.567	52.362	48.976	134.789	145.077	148.454	280.909	270.546	277.817
00:30:00	18.844	20.175	19.143	53.585	52.432	48.814	135.403	146.996	148.57	287.707	277.075	280.139
00:30:30	19.383	20.107	18.884	52.208	54.421	50.255	136.512	148.096	150.211	284.261	276.305	282.49
00:31:00	18.178	20.834	19.055	51.723	53.547	47.834	136.837	149.242	148.165	278.593	277.158	281.432
00:31:30	18.504	19.911	18.275	52.128	51.973	48.804	135.666	147.202	148.32	283.385	276.29	282.202
00:32:00	17.502	19.828	18.49	51.172	51.221	48.372	135.167	146.726	145.965	286.662	273.267	281.481
00:32:30	17.447	19.238	18.537	49.646	50.283	47.47	131.126	144.758	146.77	282.694	273.883	280.848
00:33:00	17.172	19.188	18.191	50.038	50.26	49.018	134.798	145.747	147.658	279.975	275.212	278.728
00:33:30	17.217	19.532	17.939	48.67	50.628	47.883	135.325	144.401	146.629	284.201	273.745	278.544
00:34:00	16.314	19.268	17.362	51.094	50.462	48.141	132.903	147.792	148.14	282.711	272.904	281.327
00:34:30	17.072	18.663	17.887	49.274	50.672	45.947	136.041	146.989	147.223	281.27	278.066	277.386
00:35:00	16.82	18.561	18.198	49.679	50.932	45.795	132.528	147.885	148.402	281.91	272.326	279.26
00:35:30	16.974	19.074	17.843	48.944	52.462	45.369	134.174	145.937	148.335	284.373	272.307	281.398
00:36:00	16.682	19.074	17.575	49.313	49.03	47.29	136.876	144.805	144.011	279.651	269.708	275.44
00:36:30	16.68	18.427	17.199	49.236	49.502	46.858	136.016	144.119	146.918	282.757	273.281	276.892
00:37:00	16.646	18.705	18.194	49.115	49.06	45.978	131.075	146.798	146.37	282.339	271.598	279.953
00:37:30	16.81	19.398	16.863	48.256	49.491	45.082	134.66	145.637	148.165	283.867	276.036	279.876
00:38:00	16.67	18.692	17.095	48.544	49.203	44.983	135.004	144.533	146.044	278.447	274.877	279.963
00:38:30	16.637	17.512	17.54	48.607	46.87	46.14	133.656	145.509	147.72	278.697	272.765	279.916
00:39:00	16.793	18.379	16.694	47.799	48.172	44.42	134.572	144.492	147.71	281.206	269.281	278.657
00:39:30	15.948	18.391	16.423	47.916	46.454	45.625	133.488	146.108	146.891	282.29	276.343	276.931
00:40:00	16.987	18.687	16.808	49.111	48.209	44.599	133.759	143.353	145.485	278.218	275.114	279.507
00:40:30	16.191	17.999	16.381	46.494	47.666	44.474	132.646	147.854	146.272	280.079	273.768	274.387
00:41:00	15.659	17.674	16.87	46.774	48.343	45.868	132.916	142.735	145.624	279.68	270.169	280.109
00:41:30	16.348	17.32	16.402	46.813	46.815	45.338	133.035	146.456	144.902	278.997	271.156	273.332
00:42:00	16.295	17.911	15.709	47.775	46.829	42.029	134.366	145.32	145.046	277.088	272.227	276.431
00:42:30	16.599	17.767	15.947	45.141	47.083	44.381	133.274	144.388	145.901	281.487	271.588	277.09
00:43:00	14.956	17.288	16.436	45.607	45.398	43.142	131.547	142.052	144.754	275.825	271.573	278.609
00:43:30	16.478	16.988	16.756	46.381	45.716	41.289	131.632	143.58	145.864	278.712	269.297	278.829
00:44:00	16.007	16.185	16.031	46.277	48.499	43.383	133.629	145.584	145.168	281.589	272.305	276.746
00:44:30	14.728	17.263	15.483	46.877	45.2	43.52	133.914	143.842	141.172	275.989	271.351	272.666
00:45:00	16.381	18.32	15.529	45.064	45.207	42.806	130.992	144.419	144.515	280.376	267.533	275.208
00:45:30	14.996	17.266	15.738	46.364	45.721	43.724	131.971	142.547	143.213	277.432	269.763	276.509
00:46:00	15.781	17.15	15.823	44.813	46.73	43.318	133.142	143.194	144.384	275.769	270.32	274.492
00:46:30	15.59	16.585	15.205	45.034	45.733	44.081	133.7	145.122	145.232	278.766	271.713	273.038
00:47:00	15.299	17.397	16.058	44.08	46.035	43.034	131.875	144.154	144.803	277.391	269.55	273.839
00:47:30	15.356	16.765	16.126	44.291	45.027	43.324	132.071	143.833	144.44	277.366	272.234	274.487
00:48:00	15.305	16.575	16.134	45.861	44.569	41.556	131.485	143.962	144.853	278.332	271.376	276.798
00:48:30	15.403	16.7	16.662	45.363	44.984	41.988	131.788	142.638	143.54	278.502	266.5	270.303
00:49:00	14.109	16.725	14.402	43.893	45.348	41.526	131.804	144.989	143.03	280.267	266.52	274.266
00:49:30	15.501	16.735	14.832	44.105	45.503	40.932	131.592	143.266	144.43	279.019	268.375	272.055
00:50:00	14.843	15.569	15.866	44.545	45.762	42.22	131.041	141.511	146.049	274.851	267.238	272.431
00:50:30	14.368	16.13	15.413	44.474	45.669	41.366	134.811	144.364	145.01	273.562	269.761	273.871
00:51:00	15.471	16.345	15.264	42.935	43.817	41.807	131	140.723	145.297	275.903	266.737	276.875
00:51:30	14.161	15.747	15.456	44.538	46.066	41.742	129.061	140.82	142.054	278.553	268.171	274.086
00:52:00	14.155	15.706	14.841	43.169	43.841	40.268	131.235	143.777	146.094	276.968	265.449	275.232
00:52:30	14.759	15.272	15.408	43.199	45.17	41.413	132.199	142.358	144.463	276.696	269.788	276.458
00:53:00	13.768	16.496	15.1	43.961	42.184	39.911	127.725	142.098	143.889	276.146	266.254	273.378
00:53:30	15.498	16.337	15.431	44.176	45.464	41.346	130.958	138.863	143.487	275.356	273.07	272.771
00:54:00	15.303	16.462	14.761	41.008	44.238	41.196	128.084	143.911	141.714	275.476	268.573	275.899
00:54:30	13.29	15.55	15.33	41.034	42.27	42.603	129.544	141.27	141.87	275.113	269.05	273.913
00:55:00	13.968	15.039	15.104	40.448	43.146	40.14	129.107	139.049	142.668	275.265	265.297	270.619
00:55:30	15.192	14.947	15.065	41.41	43.605	40.796	129.824	141.256	143.482	277.556	263.88	270.076
00:56:00	14.267	15.877	14.522	39.533	43.205	41.448	130.289	140.889	143.842	274.538	267.961	271.35
00:56:30	14.025	15.574	14.447	40.061	43.579	39.634	130.424	140.935	145.68	276.628	267.57	272.281
00:57:00	14.845	15.268	15.22	38.35	42.612	42.986	128.895	140.314	142.578	274.669	265.668	275.096
00:57:30	14.367	16.077	15.159	40.544	43.235	39.588	130.531	143.013	144.696	277.728	267.64	270.98
00:58:00	13.888	15.1	14.58	41.193	41.766	40.391	131.612	142.432	142.084	275.719	267.206	274.269
00:58:30	14.334	15.222	15.108	39.517	42.59	41.256	131.376	142.162	140.532	272.496	264.239	274.12
00:59:00	14.431	15.676	15.338	39.807	42.421	40.191	130.174	140.524	141.128	274.139	269.08	273.634
00:59:30	14.146	15.805	14.397	39.865	41.37	41.2	128.49	139.33	144.019	276.579	263.218	271.026
01:00:00	14.64	15.379	14.88	38.692	43.03	41.815	129.688	137.753	144.44	276.397	265.405	271.742
01:00:30	14.359	15.011	15.824	39.241	43.054	40.377	132.107	143.47	142.69	276.175	267.435	272.519
01:01:00	14.124	15.563	14.392	38.805	41.324	40.983	127.925	140.871	141.391	274.701	261.941	273.358
01:01:30	13.952	15.563	15.095	38.236	43.347	39.759	127.732	139.984	145.047	273.271	271.127	270.792
01:02:00	13.505	15.286	14.642	38.989	43.227	39.487	131.192	142.462	140.846	277.645	268.839	273.53
01:02:30	14.232	14.771	14.213	38.173	43.309	40.199	130.116	141.139	142.006	276.085	260.008	272.63
01:03:00	14.791	16.073	15.518	37.46	42.462	40.366	130.216	138.694	142.324	273.491	271.203	269.483
01:03:30	14.534	15.371	14.774	38.718	42.133	39.479	129.799	141.629	142.308	273.719	268.837	270.578
01:04:00	14.297	15.202	14.761	38.97	42.79	40.246	128.121	139.952	141.467	275.555	266.963	271.604
01:04:30	14.092	15.621	13.885	38.412	43.416	39.505	130.334	139.943	143.268	272.929	268.937	269.542
01:05:00	14.207	15.229	14.397	37.45	40.826	40.015	127.139	139.652	142.793	276.359	264.809	268.715
01:05:30	13.869	15.389	14.625	38.576	42.448	39.562	130.635	138.269	142.619	275.543	264.565	270.473
01:06:00	14.094	14.573	14.056	38.306	40.768	39.33	129.644	139.772	142.319	273.167	263.852	268.772
01:06:30	13.102	14.633	14.707	36.605	41.194	38.067	127.445	139.448	142.102	269.988	263.74	271.051
01:07:00	15.465	15.527	14.862	37.915	42.169	37.619	130.212	136.64	143.798	273.36	266.591	271.47
01:07:30	14.204	14.155	15.378	37.925	41.22	37.443	128.066	141.267	141.59	274.62	262.273	269.214
01:08:00	14.588	15.747	14.319	38.207	40.492	39.11	127.004	138.429	137.122	269.552	263.642	269.604
01:08:30	13.309	15.612	14.044	38.289	41.53	38.777	128.763	140.742	141.716	273.292	263.067	269.704
01:09:00	14.787	15.58	14.752	36.791	40.402	36.676	127.128	139.011	140.424	273.311	261.757	269.51
01:09:30	14.153	15.965	14.633	36.441	40.513	39.503	129.272	140.347	142.85	271.679	260.913	266.706
01:10:00	13.519	14.676	14.577	36.694	40.765	37.537	128.986	138.819	143.486	274.032	265.318	272.259
01:10:30	13.168	14.819	13.617	36.883	40.154	38.892	126.976	137.479	140.652	273.38	263.995	269.446
01:11:00	12.845	15.686	14.368	36.18	41.112	37.377	128.788	137.479	142.119	276.457	267.519	270.241
01:11:30	13.996	15.36	14.025	37.133	42.121	37.816	128.341	140.609	141.061	273.499	262.958	269.062
01:12:00	13.84	15.32	12.864	36.289	40.605	37.564	128.462	137.022	142.255	273.2	265.576	267.568
01:12:30	13.783	15.063	13.24	35.645	39.958	38.004	127.804	140.044	142.473	274.449	264.06	269.575
01:13:00	13.803	14.912	13.185	35.775	40.14	37.383	127.651	139.567	140.946	274.885	264.805	270.882
01:13:30	13.199	15.18	13.761	34.631	40.144	38.511	128.335	140.214	139.339	276.972	266.363	266.019
01:14:00	13.585	14.975	13.596	35.816	38.927	38.995	125.41	139.398	138.467	274.191	262.699	267.948
01:14:30	14.062	15.332	14.251	35.297	39.89	37.629	127.909	137.887	142.053	274.531	260.84	269.103
01:15:00	13.957	14.867	14.611	36.034	39.607	37.956	126.93	137.986	141.035	270.336	264.647	269.188
01:15:30	13.715	15.311	14.309	35.49	39.676	37.048	128.064	138.456	139.274	274.064	264.843	267.738
01:16:00	14.403	14.769	14.542	35.146	39.098	37.92	127.05	140.694	138.396	271.259	262.642	266.042
01:16:30	13.672	14.14	14.668	34.6	38.822	37.733	128.503	138.745	139.003	272.542	263.165	267.405
01:17:00	13.784	14.103	14.092	34.458	40.596	37.547	129.952	140.704	141.918	269.535	263.61	266.113
01:17:30	13.552	14.362	14.131	35.039	39.429	35.328	127.504	136.705	140.863	271.82	261.754	266.469
01:18:00	13.896	15.056	14.145	35.854	38.614	36.516	125.563	139.798	137.766	270.899	261.638	267.36
01:18:30	13.187	14.751	13.709	34.874	39.119	38.048	127.851	140.236	141.208	269.418	260.752	267.609
01:19:00	13.05	15.142	14.011	34.251	39.109	37.078	127.28	137.073	139.554	270.329	260.235	266.916
01:19:30	14.372	14.507	14.33	34.712	40.716	36.266	127.484	139.191	140.558	268.992	264.001	267.568
01:20:00	14.767	15.111	13.822	36.119	39.12	37.024	129.585	135.087	138.849	269.296	267.5	270.979
01:20:30	14.1	14.832	14.793	35.269	41.03	38.658	128.596	137.432	141.303	274.261	264.075	265.946
01:21:00	13.714	14.225	14.052	34.507	39.881	35.899	125.711	134.803	138.137	273.957	262.022	266.501
01:21:30	13.594	14.665	14.149	35.601	39.267	37.991	127.386	139.071	139.256	269.186	263.781	264.469
01:22:00	13.655	14.183	14.287	35.134	38.297	38.057	128.368	138.338	143.461	270.496	260.136	269.594
01:22:30	12.727	14.518	14.141	34.81	39.925	37.702	124.951	138.018	138.542	269.09	263.005	265.425
01:23:00	13.132	14.411	14.653	35.794	38.752	36.708	126.821	138.752	141.589	274.002	264.731	268.669
01:23:30	13.088	14.843	13.638	35.877	39.571	36.888	127.774	138.194	138.851	270.997	264.056	266.753
01:24:00	14.139	15.013	14.137	35.473	41.119	37.176	125.741	138.915	141.086	271.341	266.412	269.764
01:24:30	14.357	14.676	13.94	35.916	38.822	37.154	124.945	136.402	137.88	269.617	262.37	265.515
01:25:00	13.897	14.651	14.307	35.19	39.057	37.392	127.249	138.71	139.963	272.33	261.436	265.437
01:25:30	13.909	14.922	15.007	34.879	39.606	37.556	127.477	138.481	137.836	267.899	260.589	271.5
01:26:00	13.19	14.326	14.623	34.815	38.942	36.419	127.477	139.144	139.884	273.276	262.939	266.402
01:26:30	13.186	14.498	13.782	35.641	37.674	36.965	127.999	138.284	141.587	273.16	261.379	268.785
01:27:00	13.72	15.301	13.68	35.67	39.042	38.899	127.682	137.934	138.867	274.428	265.89	263.032
01:27:30	13.292	14.535	13.499	34.321	39.12	36.417	125.319	137.385	139.526	271.501	263.034	267.091
01:28:00	13.691	14.463	13.796	35.341	39.124	36.246	123.927	135.494	138.091	275.377	264.687	268.828
01:28:30	13.954	14.683	13.803	36.473	40.064	36.865	126.506	136.971	140.504	272.915	262.79	267.532
01:29:00	13.34	15.065	14.015	35.287	37.244	36.083	126.431	135.67	141.41	271.193	262.42	265.886
01:29:30	13.281	14.654	14.2	35.182	39.274	35.839	127.679	137.623	139.9	271.425	261.747	267.353
01:30:00	12.669	14.748	13.099	34.263	39.939	35.655	128.041	136.702	137.781	271.046	259.041	269.74
01:30:30	12.989	14.83	13.529	33.764	39.475	36.179	127.497	136.737	140.097	269.958	260.295	266.692
01:31:00	13.254	14.441	13.406	34.008	37.844	36.761	127.85	139.434	137.708	265.838	261.765	270.882
01:31:30	12.526	14.61	14.505	35.101	39.946	37.23	127.657	137.868	139.289	269.178	261.997	267.844
01:32:00	14.013	14.478	13.372	35.113	39.639	36.83	124.773	137.023	137.726	268.366	263.5	267.984
01:32:30	13.811	14.99	14.665	35.552	38.23	36.099	126.623	136.865	138.334	268.258	261.24	270.9
01:33:00	13.735	14.222	14.05	33.688	39.002	34.617	126.867	138.717	139.877	271.335	265.344	263.342
01:33:30	13.629	14.355	14.423	34.259	37.314	35.814	124.722	137.155	138.882	268.61	264.54	268.292
01:34:00	13.32	14.584	14.245	34.841	38.59	35.621	127.022	134.847	135.004	269.559	260.447	265.411
01:34:30	13.072	14.501	14.254	35.209	38.603	36.932	125.326	137.952	138.713	270.46	261.97	263.653
01:35:00	12.959	14.573	13.062	34.663	38.487	35.596	125.108	136.72	140.05	271.848	259.291	266.977
01:35:30	13.887	13.685	15.037	34.478	39.217	35.152	127.237	136.295	139.798	274.033	262.974	266.514
01:36:00	13.191	13.966	13.802	33.371	38.498	35.235	127.397	137.094	142.513	269.943	261.826	266.745
01:36:30	13.25	15.503	13.448	34.032	37.686	36.12	124.991	138.509	137.054	272.626	260.818	267.013
01:37:00	13.225	13.986	12.641	34.12	38.335	36.775	124.771	139.455	139.886	267.532	263.68	262.746
01:37:30	13.754	14.495	13.619	33.868	38.199	35.726	127.539	139.046	139.725	268.553	263.129	264.786
01:38:00	13.207	14.769	13.358	35.372	38.98	35.107	125.304	138.545	139.507	268.168	264.675	268.433
01:38:30	13.885	14.785	14.02	34.646	36.891	35.665	127.464	139.266	140.322	270.987	260.358	265.318
01:39:00	13.562	15.456	14.279	33.3	38.217	36.073	126.983	137.897	137.731	272.292	263.963	265.031
01:39:30	13.801	15.481	13.334	33.684	37.545	35.534	128.784	137.281	138.542	269.593	261.376	267.009
01:40:00	13.154	14.732	13.817	33.716	37.858	35.993	123.257	137.022	137.396	270.964	255.356	270.955
01:40:30	12.921	14.473	13.174	34.327	37.096	36.342	125.743	134.558	137.769	272.759	265.399	263.522
01:41:00	13.09	15.332	14.3	34.521	39.995	36.748	126.907	134.791	139.901	272.513	257.544	263.847
01:41:30	13.367	14.341	14.068	33.87	38.773	35.884	126.875	135.383	139.804	266.754	262.665	269.995
01:42:00	14.246	14.78	13.51	34.527	39.251	36.142	126.154	135.15	138.568	266.889	259.921	264.752
01:42:30	13.778	14.329	13.255	33.795	37.929	35.326	125.283	135.486	138.072	266.492	264.622	264.937
01:43:00	13.209	14.62	14.022	33.827	39.891	36.171	124.911	134.724	139.155	272.479	264.115	261.358
01:43:30	13.212	14.093	14.615	34.391	37.809	34.829	128.293	136.817	139.846	271.193	260.768	266.186
01:44:00	13.241	14.534	13.109	34.94	38.731	35.774	125.094	136.792	140.155	268.815	258.642	262.83
01:44:30	13.933	14.463	13.311	32.947	37.541	35.383	125.036	135.774	139.141	266.779	262.222	264.275
01:45:00	13.167	14.054	13.783	34.455	38.688	35.892	124.773	137.808	139.513	271.686	260.794	263.439
01:45:30	13.588	14.608	13.819	34.242	36.758	34.966	126.887	139.151	139.545	269.061	263.334	267.235
01:46:00	12.984	13.997	13.252	34.705	38.85	35.376	125.683	134.684	139.055	269.959	261.02	265.964
01:46:30	13.201	14.808	14.651	36.491	38.218	34.901	128.437	137.379	139.347	267.641	261.984	267.16
01:47:00	13.589	13.976	13.937	33.855	38.088	36.285	126.478	136.793	138.863	270.93	262.722	267.803
01:47:30	14.231	14.128	14.247	33.637	37.764	34.877	126.786	137.431	136.031	267.606	259.322	262.875
01:48:00	12.682	15.053	12.828	34.305	38.4	34.655	124.964	135.371	137.362	269.21	260.658	268.807
01:48:30	13.536	14.321	13.947	33.899	39.916	35.899	125.56	138.003	138.724	269.192	259.238	263.197
01:49:00	13.868	14.588	12.918	33.95	37.067	35.085	127.275	136.897	141.37	271.598	260.022	261.564
01:49:30	13.228	13.983	13.695	33.781	38.535	35.466	128.812	137.366	137.808	269.416	259.48	262.08
01:50:00	13.899	14.275	14.053	34.414	37.113	36.658	123.905	136.073	140.63	269.064	261.829	264.172
01:50:30	13.248	13.343	13.322	33.872	37.524	36.29	125.31	136.616	141.858	271.473	261.809	269.284
01:51:00	12.66	15.488	13.594	33.985	38.553	35.011	126.066	138.187	138.719	269.17	260.65	264.094
01:51:30	13.637	14.734	13.638	33.048	38.27	35.69	125.02	136.671	139.467	268.206	258.39	259.937
01:52:00	14.049	14.762	14.1	34.391	38.351	35.485	126.915	137.666	138.858	267.605	259.204	264.229
01:52:30	14.765	15.217	13.856	35.53	37.708	35.015	122.08	137.179	136.871	269.747	264.112	264.305
01:53:00	13.961	14.569	14.39	34.145	37.967	35.199	122.935	135.676	138.777	265.76	260.52	264.086
01:53:30	13.661	14.698	13.305	32.569	37.268	34.873	127.301	135.07	138.598	271.92	260.69	264.689
01:54:00	13.575	14.706	14.739	34.654	37.651	34.164	126.053	133.792	140.07	266.799	259.297	263.299
01:54:30	13.938	15.009	14.354	33.426	37.327	35.339	125.494	137.012	135.59	264.372	260.855	262.689
01:55:00	13.618	14.883	13.667	33.309	37.555	35.426	124.773	133.526	137.044	266.321	257.865	264.232
01:55:30	13.125	15.182	13.268	33.556	39.742	36.205	126.148	136.801	137.038	269.47	259.815	264.942
01:56:00	13.286	14.81	13.622	34.362	37.693	35.603	124.617	136.4	136.606	266.429	260.047	267.277
01:56:30	13.515	14.296	13.474	32.515	38.111	34.759	127.86	136.995	136.476	268.486	261.571	264.816
01:57:00	13.358	15.021	13.746	34.374	38.109	35.631	125.5	135.556	137.238	266.635	260.08	263.897
01:57:30	14.056	14.722	13.524	34.811	38.985	34.515	125.522	136.695	138.552	267.354	258.598	262.948
01:58:00	13.361	14.592	13.513	33.708	36.861	35.781	125.926	136.409	138.946	268.372	259.737	264.037
01:58:30	13.98	14.84	13.528	33.387	38.054	35.862	125.061	138.292	134.712	271.613	257.959	263.594
01:59:00	13.564	13.801	14.08	34.414	37.749	35.82	126.704	134.72	139.977	267.663	261.692	262.536
01:59:30	14.502	14.676	14.238	34.083	37.853	36.879	124.951	137.922	137.851	271.639	259.033	262.469
02:00:00	14.207	14.242	14.211	34.117	39.24	34.131	125.022	136.45	138.805	269.617	261.433	263.52