Time	25_1	25_2	25_3	50_1	50_2	50_3	100_1	100_2	100_3	150_1	150_2	150_3
00:00:00	61.24	68.728	63.293	131.483	137.637	138.984	247.018	246.125	257.08	371.556	363.762	368.874
00:00:30	57.765	64.343	59.975	124.05	128.863	123.179	245.431	238.896	246.492	362.519	356.465	356.677
00:01:00	55.904	56.465	56.532	118.694	123.429	120.285	230.653	230.246	235.17	347.467	339.768	343.819
00:01:30	52.921	53.263	54.952	113.109	118.204	111.838	222.4	219.729	226.248	334.051	328.174	333.68
00:02:00	50.281	51.551	51.039	110.927	108.327	107.794	213.485	212.576	220.099	325.597	319.364	330.63
00:02:30	48.138	49.615	48.583	105.933	106.658	105.574	205.444	204.546	210.103	319.027	320.319	320.355
00:03:00	44.461	47.75	45.864	103.37	102.468	100.666	197.989	198.322	208.267	317.162	311.71	314.686
00:03:30	43.92	46.507	44.39	102.006	99.653	96.776	195.058	194.177	201.103	308.46	308.433	317.76
00:04:00	41.734	45.93	44.907	97.171	99.328	95.951	190.322	190.477	192.723	312.499	307.087	311.646
00:04:30	41.048	43.844	44.249	96.005	97.106	93.004	187.381	185.42	193.288	303.786	301.576	306.512
00:05:00	38.136	43.021	40.812	92.959	94.303	90.382	184.711	184.052	187.507	305.019	302.047	307.724
00:05:30	36.545	40.84	37.873	90.413	92.022	88.374	180.313	178.885	184.71	300.879	303.726	307.057
00:06:00	35.922	39.081	37.86	91.133	90.861	86.383	174.312	177.667	180.593	294.1	300.595	302.392
00:06:30	33.608	38.849	37.889	87.156	87.528	86.249	176.838	174.622	177.742	292.752	296.326	298.875
00:07:00	33.277	37.557	36.31	83.546	87.632	85.46	171.545	172.81	176.288	292.9	298.165	300.322
00:07:30	30.974	38.183	35.436	84.719	85.4	80.91	170.256	171.7	175.816	292.543	294.952	298.03
00:08:00	31.513	36.307	36.601	83.921	84.051	79.766	170.077	169.468	173.196	293.074	291.873	296.848
00:08:30	30.059	35.488	34.873	82.518	82.98	80.554	168.933	171.629	175.393	294.126	295.406	295.218
00:09:00	28.139	35.007	33.757	79.524	82.79	78.025	169.454	164.757	169.027	289.599	291.92	292.671
00:09:30	28.62	34.922	32.733	78.045	80.368	77.35	165.173	165.069	167.193	288.561	291.537	294.209
00:10:00	27.238	34.478	30.89	75.745	79.247	75.542	165.53	166.439	167.393	290.338	288.527	289.548
00:10:30	27.452	33.804	32.134	76.563	78.652	73.99	160.921	164.532	164.5	285.524	288.589	288.665
00:11:00	25.801	32.74	31.246	74.03	77.429	77.707	163.073	160.595	166.197	284.052	284.033	287.352
00:11:30	24.658	31.414	31.007	74.072	74.974	75.608	161.841	164.206	165.342	287.189	287.628	292.905
00:12:00	24.997	31.43	30.389	72.413	74.594	72.057	162.868	162.353	165.239	282.189	287.922	289.641
00:12:30	24.881	31.106	30.188	74.057	74.338	72.337	157.939	162.579	166.611	287.294	285.079	287.762
00:13:00	25.045	30.117	28.968	72.474	73.015	71.577	157.756	157.987	162.67	283.937	287.624	283.361
00:13:30	23.593	30.878	27.836	71.798	73.875	69.633	159.598	161.305	161.93	280.447	282.378	287.453
00:14:00	23.099	28.773	27.927	70.439	71.369	70.21	157.697	154.537	159.728	278.909	282.553	283.039
00:14:30	22.726	28.186	27.807	69.148	70.998	68.324	155.83	155.247	161.971	282.637	279.155	288.543
00:15:00	21.908	29.551	27.164	69.53	73.143	67.805	159.299	156.768	161.573	283.657	283.795	284.766
00:15:30	22.53	28	27.429	66.84	70.891	68.785	158.824	157.838	161.446	283.075	284.289	285.72
00:16:00	21.862	26.756	26.59	64.771	71.093	68.68	155.714	155.525	159.879	282.881	287.407	282.83
00:16:30	21.445	27.863	25.959	65.811	65.946	67.615	150.808	156.325	157.11	281.268	282.617	281.039
00:17:00	21.179	27.462	24.851	64.299	70.128	67.178	155.365	156.982	155.809	281.592	280.426	279.5
00:17:30	19.85	26.606	24.845	64.139	67.711	65.122	152.622	155.447	157.368	280.57	281.043	283.875
00:18:00	20.76	27.363	25.173	64.137	66.304	64.306	156.802	153.02	158.438	280.55	279.844	280.971
00:18:30	19.607	26.185	24.216	63.544	65.667	64.136	153.317	152.066	155.415	280.443	280.4	283.649
00:19:00	20.354	25.917	24.539	63.924	67.918	62.876	154.41	152.185	156.209	277.186	284.158	279.877
00:19:30	19.465	26.791	22.801	62.307	68.04	64.793	153.633	151.616	156.494	277.885	278.709	279.795
00:20:00	18.972	24.682	23.918	62.614	63.205	62.295	154.847	151.047	156.724	276.755	279.2	282.832
00:20:30	18.043	24.369	23.538	60.685	63.155	61.985	151.794	151.527	152.847	277.28	282.153	279.706
00:21:00	18.267	24.228	22.244	61.07	64.783	61.749	151.545	150.102	153.821	273.649	281.194	282.852
00:21:30	18.868	23.216	23.694	59.417	64.549	61.118	152.612	153.34	153.783	275.58	282.071	279.237
00:22:00	18.512	24.188	23.04	58.191	63.429	61.472	148.399	153.164	155.395	277.41	279.542	276.606
00:22:30	17.283	23.59	20.879	59.43	63.41	60.602	150.827	150.548	154.63	278.369	275.797	282.198
00:23:00	18.656	23.203	21.713	58.787	64.391	59.36	149.364	150.325	152.816	276.453	275.859	281.856
00:23:30	16.876	21.953	21.576	58.441	63.216	57.984	146.672	152.145	152.79	272.584	277.526	279.342
00:24:00	17.687	22.263	21.575	58.702	62.726	58.964	148.511	149.221	149.759	275.949	279.209	278.873
00:24:30	17.221	22.197	21.471	55.523	61.647	58.284	149.208	151.577	154.298	274.67	277.155	276.026
00:25:00	17.123	21.6	20.624	56.181	60.77	59.424	145.964	147.427	155.371	273.668	272.376	279.506
00:25:30	16.637	21.773	20.162	55.949	59.258	57.695	145.614	148.464	152.45	273.131	276.098	276.553
00:26:00	16.245	21.632	20.999	56.052	60.873	57.781	148.436	146.769	150.424	277.085	276.963	279.404
00:26:30	16.186	21.372	20.853	54.902	60.048	57.193	146.993	148.559	153.901	278.455	279.383	276.625
00:27:00	17.174	21.173	19.786	56.098	59.685	55.792	146.428	148.13	150.972	275.354	278.68	272.402
00:27:30	16.007	21.346	18.815	53.746	60.286	55.63	146.576	146.968	149.876	275.244	275.167	274.948
00:28:00	15.25	20.953	19.672	53.349	58.589	57.118	149.512	147.957	150.494	270.692	273.302	273.964
00:28:30	15.165	20.978	19.547	52.983	58.833	55.502	145.523	147.02	147.925	270.606	273.874	273.536
00:29:00	15.915	20.206	19.147	49.956	59.895	54.932	144.759	146.569	149.547	274.36	270.698	277.606
00:29:30	15.239	19.851	18.694	50.531	59.09	53.565	144.816	145.624	150.456	276.405	272.084	278.626
00:30:00	15.706	20.738	19.327	52.112	57.258	55.495	145.94	148.336	150.125	275.299	275.554	280.04
00:30:30	15.204	20.282	19.307	52.084	57.51	55.857	146.849	147.674	150.603	274.742	276.589	275.246
00:31:00	15.661	19.667	18.738	49.963	56.237	55.079	147.133	147.741	149.143	270.717	272.296	274.93
00:31:30	14.329	18.743	18.579	50.264	56.588	54.027	146.558	146.598	150.057	276.704	274.118	273.634
00:32:00	14.254	19.195	18.38	49.951	55.883	54.076	146.767	146.658	149.65	276.85	274.551	275.44
00:32:30	14.422	18.948	18.786	49.247	56.105	53.231	145.156	145.76	149.791	269.679	276.844	275.721
00:33:00	14.933	19.48	16.874	48.729	55.933	53.35	144.243	146.782	148.729	271.368	273.029	274.087
00:33:30	15.007	19.13	18.682	49.209	54.969	53.453	146.521	143.479	148.032	270.426	275.251	273.635
00:34:00	14.605	18.986	17.621	47.28	55.055	52.224	144.5	143.802	149.634	271.537	269.712	275.723
00:34:30	14.311	19.961	17.771	47.985	56.873	52.635	143.663	144.807	148.803	269.406	270.533	273.985
00:35:00	15.333	19.164	17.106	49.229	55.801	52.168	143.956	147.207	146.737	270.292	271.98	273.827
00:35:30	14.517	18.308	18.186	47.902	55.921	50.737	145.627	144.559	146.326	274.412	272.035	275.983
00:36:00	14.716	18.088	17.144	46.362	55.69	50.776	142.23	142.87	148.614	272.531	271.106	273.439
00:36:30	14.349	18.076	16.948	47.659	52.876	50.109	146.389	144.143	145.243	269.23	273.023	275.133
00:37:00	14.684	18.401	17.962	48.535	55.273	52.281	143.921	145.058	146.037	271.761	273.107	274.182
00:37:30	14.058	18.698	16.817	48.267	54.433	52.799	143.563	143.053	147.379	270.364	274.108	272.222
00:38:00	13.56	18.375	16.793	46.55	54.008	49.849	144.971	146.26	147.069	269.753	269.569	271.065
00:38:30	14.215	18.192	17.192	47.731	55.026	50.203	142.75	145.192	147.208	272.859	271.557	273.288
00:39:00	14.122	18.174	18.088	45.005	52.767	51.058	143.709	145.929	146.605	273.203	274.887	275.144
00:39:30	13.937	17.059	16.544	45.591	53.761	50.775	142.628	146.186	148.586	272.612	272.99	272.419
00:40:00	13.6	18.45	16.461	45.92	51.492	50.146	142.822	143.58	144.754	265.596	271.079	269.272
00:40:30	13.608	17.621	16.816	46.956	52.517	50.572	144.131	144.002	145.283	270.99	270.008	274.131
00:41:00	13.725	18.548	16.421	45.954	52.745	49.726	144.767	141.554	148.572	268.641	272.103	272.886
00:41:30	14.089	17.724	15.678	44.604	52.863	50.339	140.787	142.848	147.352	265.966	269.441	270.651
00:42:00	12.676	16.933	16.048	44.714	51.702	50.681	141.73	144.182	145.451	271.672	268.883	271.75
00:42:30	13.626	16.742	16.255	44.752	51.723	47.663	142.299	142.658	146.72	267.381	271.343	272.703
00:43:00	13.675	16.869	16.441	44.555	51.172	48.851	141.478	140.907	146.857	270.135	268.08	268.116
00:43:30	13.481	16.553	16.125	43.892	52.397	49.965	140.532	142.221	147.91	268.614	268.195	273.663
00:44:00	12.814	16.496	15.731	45.308	51.917	48.726	140.374	142.606	146.395	268.74	270.918	270.27
00:44:30	12.694	17.513	15.552	44.732	51.882	50.158	142.054	140.038	144.69	265.098	268.913	270.782
00:45:00	13.186	17.406	16.284	43.178	50.741	50.472	140.022	140.647	146.312	273.491	270.101	273.974
00:45:30	13.558	17.617	15.213	44.086	51.045	48.373	138.763	142.483	144.425	269.96	272.385	271.098
00:46:00	13.084	17.055	15.782	41.64	50.905	46.534	140.685	140.211	145.792	267.695	266.237	270.422
00:46:30	13.116	16.963	17.039	44.007	50.536	47.589	146.949	140.366	146.156	270.319	271.608	268.425
00:47:00	13.562	17.316	16.744	44.081	49.511	48.678	139.698	140.524	146.819	265.323	267.881	269.753
00:47:30	12.829	16.927	15.697	44.482	51.671	48.71	140.434	143.426	144.789	270.913	270.195	272.683
00:48:00	12.627	16.501	15.795	44.3	50.161	46.328	142.81	142.256	142.352	266.429	269.01	273.449
00:48:30	13.627	17.144	15.922	42.871	48.937	47.462	141.53	142.349	144.112	265.294	266.958	268.362
00:49:00	12.083	16.343	15.711	41.645	48.975	47.063	142.212	141.35	146.015	267.468	266.124	270.561
00:49:30	13.146	17.295	15.928	41.981	49.409	47.029	143.133	140.26	143.638	264.758	267.999	269.554
00:50:00	12.502	16.481	15.477	41.908	49.097	47.331	142.301	143.202	144.152	269.525	266.822	270.517
00:50:30	12.575	16.744	15.648	41.413	48.234	45.714	140.079	142.305	144.137	265.572	269.19	271.102
00:51:00	13.2	15.543	15.104	42.331	48.427	47.078	140.938	143.573	147.385	268.638	267.17	271.222
00:51:30	12.582	16.112	15.634	43.007	48.919	45.423	138.997	140.499	139.365	267.153	266.735	267.25
00:52:00	12.093	15.613	15.077	41.192	48.755	45.648	139.365	139.903	145.185	267.433	266.66	269.448
00:52:30	13.059	15.772	14.959	43.028	49.36	45.775	142.832	141.603	142.624	264.122	264.555	269.862
00:53:00	13.014	16.443	15.74	42.932	47.718	44.999	140.219	142.326	143.754	266.244	266.108	269.086
00:53:30	13.34	16.741	15.296	42.31	48.248	45.881	138.609	142.474	145.428	267.383	266.5	270.794
00:54:00	12.664	15.652	15.183	41.338	48.624	46.746	139.512	140.949	142.652	268.955	269.642	268.034
00:54:30	12.923	15.91	15.201	41.482	47.802	44.614	139.158	140.938	142.101	266.584	266.157	269.563
00:55:00	12.577	15.858	14.79	41.701	48.81	45.071	140.375	142.408	145.471	263.057	264.114	265.456
00:55:30	12.156	15.984	15.643	40.638	48.226	45.435	139.304	139.596	145.723	264.579	267.009	265.92
00:56:00	12.796	15.041	15.864	41.107	47.218	45.697	140.654	137.398	144.463	267.578	264.992	266.732
00:56:30	12.511	16.54	15.029	40.43	47.822	43.858	137.449	139.349	144.523	269.374	267.449	268.809
00:57:00	11.718	15.184	14.356	41.117	46.509	45.206	137.526	140	142.161	265.117	268.438	270.565
00:57:30	13.265	14.869	14.977	40.658	47.126	44.8	140.057	140.64	144.712	264.996	267.925	268.476
00:58:00	12.682	15.798	14.839	40.099	47.777	46.484	139.125	142.447	143.203	266.804	268.014	265.826
00:58:30	11.669	15.022	14.859	40.307	47.441	44.064	139.514	141.578	142.18	266.559	264.936	266.536
00:59:00	13.499	15.914	14.787	40.203	47.118	46.247	138.675	140.799	141.792	264.219	268.969	270.452
00:59:30	12.619	15.785	14.053	40.166	47.546	42.874	140.113	141.128	144.156	265.793	267.205	268.266
01:00:00	12.558	15.722	15.177	40.548	46.221	45.06	140.226	140.485	145.28	267.269	269.311	269.1
01:00:30	12.457	14.413	15.069	38.481	46.716	45.501	139.745	140.071	147.236	266.728	267.107	266.981
01:01:00	12.622	15.803	14.21	39.955	44.402	44.401	140.202	139.977	144.366	265.346	264.669	264.774
01:01:30	12.157	15.72	14.958	39.091	46.204	43.236	135.654	140.139	142.29	265.095	265.97	270.946
01:02:00	12.499	14.395	13.046	37.778	44.319	44.48	139.76	139.137	142.772	266.894	269.443	266.736
01:02:30	11.933	15.759	15.063	37.954	44.961	43.78	138.183	136.817	143.243	263.273	270.416	261.059
01:03:00	12.737	14.516	14.523	38.226	45.481	42.973	136.263	139.303	144.222	262.926	267.026	265.162
01:03:30	12.93	15.191	14.648	37.898	44.219	43.3	138.474	139.612	142.367	266.58	265.524	265.406
01:04:00	12.082	15.276	15.118	38.354	43.673	43.794	141.682	138.976	142.305	264.177	265.648	267.654
01:04:30	12.443	14.944	14.312	38.668	46.652	45.355	136.033	139.888	140.483	264.492	262.758	263.816
01:05:00	13.492	15.166	14.969	37.263	44.154	44.21	137.517	139.494	142.229	262.633	265.089	264.564
01:05:30	12.607	14.465	14.321	38.348	43.366	44.049	137.194	138.28	142.149	264.574	260.837	266.375
01:06:00	12.45	15.027	14.003	37.053	43.957	44.015	137.246	137.678	143.511	265.738	265.191	262.253
01:06:30	12.509	15.464	14.299	37.678	42.743	43.318	135.895	138.942	143.176	263.267	263.18	265.14
01:07:00	12.766	14.945	14.664	37.547	43.813	43.545	140.325	142.809	142.644	267.487	266.94	266.693
01:07:30	11.579	15.37	14.438	36.86	43.074	44.628	140.226	138.574	141.159	262.325	263.882	268.206
01:08:00	11.747	14.546	14.235	35.574	42.188	42.837	139.723	138.915	144.359	262.646	263.899	264.082
01:08:30	11.921	15	14.555	36.363	41.94	41.926	136.052	138.623	140.406	263.994	264.081	271.723
01:09:00	12.252	15.021	14.234	35.753	43.152	40.955	137.753	137.085	142.638	261.425	263.156	263.638
01:09:30	12.349	15.118	14.643	36.23	42.626	42.696	136.524	142.133	141.209	262.226	264.826	266.211
01:10:00	13.024	15.065	13.92	36.007	41.993	43.117	136.834	138.463	138.588	263.01	263.195	261.841
01:10:30	12.332	15.179	14.05	36.655	41.475	43.932	138.094	138.968	140.423	266.903	265.439	265.573
01:11:00	12.81	14.687	13.345	37.097	41.93	42.419	135.553	140.495	139.383	265.993	264.367	265.293
01:11:30	12.69	15.135	13.835	35.654	41.404	42.439	137.83	138.693	141.691	259.463	264.261	262.415
01:12:00	12.743	14.967	13.568	35.326	40.572	41.352	137.973	136.991	142.328	264.082	263.753	261.926
01:12:30	11.538	14.797	13.944	35.623	40.403	42.196	137.151	138.988	143.447	260.438	262.372	264.483
01:13:00	12.036	14.734	14.192	35.242	41.19	41.858	136.494	138.556	140.349	263.702	263.291	264.675
01:13:30	12.435	15.269	14.581	35.912	40.713	41.335	135.927	137.244	141.369	261.886	263.291	265.769
01:14:00	11.614	14.93	13.884	34.939	40.862	42.958	137.481	139.399	140.834	263.707	263.915	267.489
01:14:30	11.987	14.704	14.071	35.008	39.925	41.599	137.255	136.238	138.106	263.756	261.987	262.114
01:15:00	11.995	15.011	13.586	35.28	39.935	42.396	137.63	136.426	141.756	259.828	263.89	262.433
01:15:30	11.973	14.04	14.743	33.553	39.455	41.416	135.379	136.937	141.771	262.869	262.856	263.107
01:16:00	12.562	15.034	12.937	35.238	39.446	41.177	136.396	138.043	137.979	264.167	261.38	263.877
01:16:30	12.909	14.456	13.447	34.662	38.771	41.436	137.989	137.114	141.389	260.738	264.682	267.388
01:17:00	12.145	15.158	13.675	34.467	39.622	42.142	137.479	139.972	140.631	260.62	265.907	264.851
01:17:30	12.334	15.586	13.81	34.59	38.893	39.574	135.17	137.817	138.107	265.645	261.189	267.236
01:18:00	11.936	14.94	13.878	35.168	39.426	41.643	136.832	135.828	139.12	260.56	264.809	265.412
01:18:30	12.423	15.535	13.876	34.4	38.568	42.02	136.823	137.118	138.021	262.128	265.285	263.532
01:19:00	12.567	14.096	13.594	35.59	38.879	41.606	136.239	141.68	142.313	261.818	264.202	261.552
01:19:30	11.972	14.767	13.838	35.041	39.213	41.342	137.991	137.88	140.321	263.537	265.676	266.151
01:20:00	12.313	14.224	14.247	35.357	38.178	40.93	137.677	135.859	137.297	263.443	265.596	262.736
01:20:30	12.196	15.294	13.717	34.035	38.18	41.655	137.228	138.956	143.779	261.039	261.794	266.014
01:21:00	12.118	13.929	14.272	33.084	38.203	40.381	136.226	138.041	139.41	261.166	260.525	261.547
01:21:30	12.952	14.842	13.987	35.093	38.861	41.278	135.283	139.07	139.794	262.021	261.439	258.964
01:22:00	12.367	14.749	14.091	34.338	40.054	40.959	136.981	140.701	141.679	262.886	264.047	263.202
01:22:30	12.933	14.835	14.924	34.561	36.727	41.586	136.802	136.256	138.403	260.703	263.163	264.843
01:23:00	12.088	15.81	13.702	32.897	37.842	40.522	136.813	138.775	145.58	262.354	260.857	260.933
01:23:30	11.793	13.876	15.15	34.551	38.428	41.532	139.225	137.238	142.37	267.071	261.879	264.223
01:24:00	12.791	15.054	13.973	33.337	38.794	41.472	135.041	139.751	138.44	260	261.377	262.54
01:24:30	12.665	15.252	14.028	34.226	38.946	40.399	136.818	137.234	138.741	260.387	263.165	261.205
01:25:00	12.314	15.909	14.143	34.19	40.589	40.814	137.033	137.32	139.494	259.03	266.492	264.884
01:25:30	11.252	13.905	14.237	34.51	38.11	41.661	137.421	137.759	142.196	262.853	263.543	263.101
01:26:00	11.919	15.041	14.319	32.414	37.896	41.227	137.789	139.29	141.556	261.361	263.741	261.822
01:26:30	12.383	15.501	14.63	33.364	38.384	39.67	139.429	140.243	140.543	263.14	263.631	263.631
01:27:00	13.451	14.989	13.597	33.315	37.291	39.935	136.664	138.567	138.702	263.74	264.825	262.11
01:27:30	12.012	16.226	13.825	33.26	37.836	38.933	137.424	136.505	139.601	260.461	260.402	263.191
01:28:00	12.591	14.643	12.961	33.216	36.599	39.683	140.476	136.852	140.049	259.715	262.216	262.799
01:28:30	12.196	14.733	14.434	31.991	38.111	40.994	135.54	139.22	142.643	258.17	259.491	263.319
01:29:00	12.361	14.677	13.885	33.092	37.648	39.986	136.141	138.846	139.886	261.334	258.481	262.846
01:29:30	11.774	13.867	13.38	32.441	37.001	40.094	135.716	137.051	139.629	265.174	263.954	266.27
01:30:00	11.678	14.81	13.969	33.498	36.177	39.853	137.111	137.756	139.502	261.659	259.326	261.206
01:30:30	12.886	14.905	13.78	33.553	37.773	41.038	136.352	137.665	140.202	258.861	261.047	262.413
01:31:00	12.697	15.216	14.304	32.662	36.758	39.824	134.859	134.269	138.861	260.667	261.732	264.681
01:31:30	12.216	13.911	13.996	34.067	36.58	39.789	134.577	137.873	139.998	261.496	264.541	262.811
01:32:00	12.695	13.958	14.327	32.645	35.671	40.113	135.33	136.716	140.223	258.798	261.798	264.924
01:32:30	12.375	13.889	14.101	31.955	36.301	40.334	136.688	136.766	139.079	261.597	261.224	258.698
01:33:00	12.045	14.622	13.262	32.695	35.9	40.893	135.664	135.849	140.937	261.248	261.341	263.041
01:33:30	12.04	14.588	14.17	32.878	36.575	39.89	136.795	138.869	141.538	264.099	260.114	263.002
01:34:00	12.817	14.889	13.785	32.239	36.146	40.748	134.61	134.206	139.333	257.492	259.803	258.439
01:34:30	12.192	15.18	13.924	32.93	38.722	39.313	136.294	137.187	137.918	260.774	259.675	262.932
01:35:00	12.08	14.302	13.398	32.622	36.431	38.654	135.362	136.602	138.446	260.41	258.476	262.542
01:35:30	12.361	13.517	13.418	32.586	36.06	40.487	133.768	135.419	139.633	259.579	257.765	259.918
01:36:00	11.714	14.997	14.148	33.834	38.085	39.497	135.178	137.374	137.423	258.813	262.383	261.148
01:36:30	11.651	14.963	13.384	32.053	36.413	40.315	132.68	139.047	141.166	262.794	259.775	262.207
01:37:00	11.571	13.666	13.885	32.583	35.373	39.536	133.036	135.877	139.051	256.785	263.518	263.92
01:37:30	12.26	14.27	14.12	32.774	37.374	40.176	135.887	135.854	140.373	257.93	259.269	262.308
01:38:00	13.307	13.712	14.366	32.395	37.736	40.155	134.446	138.548	138.476	260.08	259.425	263.357
01:38:30	12.375	14.275	14.721	31.873	36.516	40.147	136.382	136.179	139.659	259.654	262.649	262.084
01:39:00	12.695	14.197	13.843	33.645	36.219	39.441	137.329	137.905	138.942	259.934	261.184	259.499
01:39:30	12.353	14.43	13.969	34.122	36.036	38.473	136.531	137.118	138.113	259.372	261.555	262.335
01:40:00	12.44	14.815	13.592	31.747	36.683	40.603	136.988	135.949	137.181	260.586	260.609	260.051
01:40:30	12.816	14.289	12.391	32.335	35.67	39.964	137.003	136.29	139.174	262.673	261.053	258.976
01:41:00	12.023	13.998	13.732	32.718	37.274	41.339	136.374	136.411	139.551	259.516	264.822	257.686
01:41:30	13.051	14.178	13.664	32.299	37.911	40.522	134.099	135.335	138.46	261.823	260.231	262.469
01:42:00	11.605	14.299	13.573	31.9	37.179	40.223	134.219	136.578	141.383	259.253	256.231	260.809
01:42:30	12.103	14.562	13.687	32.863	35.65	39.005	137.147	137.325	138.323	259.609	259.08	261.465
01:43:00	13.382	14.364	13.898	33.4	36.45	38.721	132.618	135.84	139.892	257.833	258.819	259.077
01:43:30	13.082	14.229	13.203	31.772	36.475	39.739	136.829	134.636	137.455	260.931	258.773	264.045
01:44:00	12.207	14.305	13.77	32.337	35.377	38.686	134.786	136.172	138.949	258.229	259.042	257.267
01:44:30	12.34	14.132	14.538	32.58	36.591	39.695	134.01	135.771	137.964	261.345	259.24	260.941
01:45:00	12.385	14.317	13.865	32.063	36.237	40.721	138.593	137.171	137.269	258.156	261.171	260.61
01:45:30	11.89	15.402	13.692	32.692	35.264	39.999	136.857	136.561	139.355	262.274	259.26	263.971
01:46:00	12.061	14.101	13.808	32.372	37.429	39.492	137.233	134.798	140.576	259.706	260.637	260.39
01:46:30	13.523	14.292	13.734	33.179	35.966	40.328	134.006	139.208	140.709	258.013	258.379	261.79
01:47:00	12.44	14.543	14.898	32.368	35.983	40.853	134.932	137.504	140.102	261.702	258.725	261.194
01:47:30	12.522	14.69	14.418	32.18	37.117	40.413	133.793	136.697	137.194	258.177	258.366	263.513
01:48:00	13.309	15.038	13.44	32.143	38.459	40.394	134.069	138.822	137.569	261.072	263.051	261.368
01:48:30	12.34	14.541	14.102	32.926	36.768	40.956	135.593	136.978	136.325	258.233	253.883	259.467
01:49:00	11.979	14.941	13.38	33.055	36.373	40.115	134.02	136.359	138.187	260.958	261.483	259.543
01:49:30	13.419	15.352	13.594	32.232	35.757	39.354	135.464	135.384	138.415	256.332	258.924	263.777
01:50:00	12.682	14.238	13.459	32.241	37.891	39.761	133.135	135.752	140.25	256.122	258.102	262.793
01:50:30	13.1	15.002	14.533	33.066	36.801	39.568	133.673	136.947	138.22	260.423	257.268	259.976
01:51:00	12.604	14.841	14.201	32.228	35.865	40.081	135.945	132.417	139.517	258.916	260.809	259.777
01:51:30	12.211	15.319	13.137	32.493	35.59	39.882	135.446	136.546	139.949	257.875	258.285	257.969
01:52:00	13.027	15.138	13.648	31.822	36.753	41.067	135.042	135.025	137.968	259.307	262.971	262.535
01:52:30	12.285	14.788	13.499	32.115	36.797	39.768	136.023	135.88	139.101	262.364	258.12	261.347
01:53:00	12.684	14.322	12.972	33.459	36.661	39.478	133.167	132.816	136.909	259.802	257.647	261.118
01:53:30	12.054	14.209	13.546	32.429	37.07	38.536	135.649	135.085	138.751	258.375	263.092	261.406
01:54:00	11.952	13.982	13.968	32.073	37.094	40.874	134.494	134.281	138.449	259.093	257.517	257.24
01:54:30	12.019	15.167	13.364	33.322	37.269	39.579	134.72	136.077	141.479	257.006	256.703	260.332
01:55:00	12.724	14.223	13.785	33.112	35.674	38.235	133.301	133.426	139.283	255.863	261.592	255.427
01:55:30	12.245	14.079	13.487	31.849	35.822	38.889	134.986	132.942	141.846	259.208	262.768	260.141
01:56:00	13.541	14.732	13.855	32.139	36.284	39.94	138.851	133.297	136.232	255.443	257.083	257.969
01:56:30	13.036	13.864	13.673	32.064	36.737	39.13	135.445	133.602	140.484	257.177	258.477	263.288
01:57:00	12.926	14.502	14.492	31.27	37.302	38.786	133.295	133.261	137.913	254.632	260.698	259.174
01:57:30	12.641	14.353	14.216	32.922	36.699	38.674	135.46	135.217	138.295	261.53	259.936	261.711
01:58:00	12.113	14.958	13.073	31.924	34.649	39.361	137.068	135.413	138.023	259.757	258.413	256.777
01:58:30	13.221	13.459	13.271	32.506	37.731	39.288	133.42	135.706	137.15	257.175	258.169	259.994
01:59:00	12.972	14.781	14.088	31.628	36.952	38.235	135.262	136.297	139.38	258.894	261.593	257.964
01:59:30	12.886	14.679	12.173	31.424	37.494	38.094	134.522	136.18	138.012	256.124	259.583	262.144
02:00:00	13.368	15.034	13.946	32.407	36.559	38.956	134.93	137.096	141.476	261.651	259.936	259.452