Time	25_1	25_2	25_3	50_1	50_2	50_3	100_1	100_2	100_3	150_1	150_2	150_3
00:00:00	91.22	92.842	93.245	176.753	158.792	154.083	344.654	357.553	332.589	502.004	506.821	504.881
00:00:30	87.185	86.867	85.668	170.416	154.146	146.975	336.662	349.092	328.255	484.844	486.673	488.154
00:01:00	81.504	85.736	83.619	163.343	153.541	143.888	329.823	342.054	311.262	476.856	478.061	479.243
00:01:30	77.291	80.946	81.707	160.346	149.469	140.804	322.234	325.733	299.085	470.821	465.652	470.846
00:02:00	77.38	78.217	76.985	154.835	144.85	145.512	307.828	326.164	295.998	461.03	461.324	463.407
00:02:30	75.767	76.816	77.14	152.811	142.306	145.033	303.426	316.778	292.4	461.679	458.395	456.121
00:03:00	72.724	72.506	72.904	146.742	136.315	139.506	289.654	309.573	282.021	449.596	446.887	454.432
00:03:30	70.345	72.579	70.591	144.127	133.076	137.004	285.34	304.77	276.747	449.359	448.048	447.512
00:04:00	69.95	70.954	68.152	142.305	130.375	137.378	279.517	297.133	277.595	445.142	443.159	447.074
00:04:30	68.682	67.582	67.611	139.849	127.309	136.293	274.079	291.442	272.297	442.537	437.094	443.299
00:05:00	65.2	66.888	66.927	132.132	130.638	129.644	270.309	288.824	269.118	441.551	436.609	439.298
00:05:30	62.431	64.646	66.884	132.348	129.349	127.879	266.445	284.544	270.181	434.433	434.158	435.926
00:06:00	61.261	60.673	64.308	130.859	131.903	127.393	268.725	280.493	263.54	430.18	435.11	433.777
00:06:30	59.041	58.896	62.054	128.726	124.007	126.214	266.337	277.716	259.55	428.252	424.105	432.007
00:07:00	57.162	57.793	62.062	126.507	126.671	122.921	261.932	275.902	264.18	434.738	429.036	431.302
00:07:30	56.971	55.866	62.352	124.903	126.154	121.49	261.146	274.071	263.771	429.446	428.125	429.992
00:08:00	56.974	56.99	59.174	122.593	124.277	120.63	256.654	273.178	258.896	425.005	424.992	426.889
00:08:30	53.609	55.678	60.637	122.6	122.694	119.862	256.104	273.732	258.631	424.841	427.362	425.568
00:09:00	53.418	52.175	56.882	119.574	120.371	116.164	254.647	271.918	256.114	427.279	427.377	426.212
00:09:30	53.354	54.74	57.151	117.553	120.544	117.367	254.949	268.936	257.542	432.6	427.24	430.428
00:10:00	51.505	52.663	55.855	118.289	120.528	116.267	251.501	266.464	249.78	427.007	419.423	425.452
00:10:30	50.557	51.846	56.466	118.669	115.625	114.254	250.358	268.3	249.601	422.126	418.848	416.806
00:11:00	52.215	50.957	55.844	114.553	115.538	112.252	252.471	269.709	253.111	420.193	424.276	418.971
00:11:30	51.037	49.005	53.754	114.332	112.571	112.511	249.904	268.34	252.988	417.339	415.342	417.749
00:12:00	47.903	49.49	53.721	112.664	115.322	109.941	251.401	262.389	252.55	412.511	413.458	418.872
00:12:30	47.757	49.534	52.634	114.311	111.314	110.06	249.289	262.677	248.631	419.405	416.89	418.291
00:13:00	48.51	48.888	51.841	111.816	112.767	112.064	245.899	263.497	253.379	421.33	418.776	413.322
00:13:30	47.343	48.214	53.273	112.981	110.977	109.446	246.056	260.95	246.586	419.054	415.768	417.664
00:14:00	48.424	47.779	51.315	110.869	110.851	107.094	244.24	263.901	249.624	424.203	414.599	420.353
00:14:30	47.328	46.95	51.457	111.084	109.692	105.983	242.105	257.803	250.395	420.026	416.776	412.714
00:15:00	46.248	44.39	50.268	109.383	106.597	107.173	244.344	255.261	243.498	418.02	408.257	414.457
00:15:30	44.804	45.25	49.95	107.161	105.821	103.073	240.935	260.258	245.365	417.59	411.988	414.022
00:16:00	44.738	43.635	47.666	108.164	105.886	103.377	238.169	257.882	245.988	420.399	411.424	417.651
00:16:30	44.068	45.026	47.802	108.089	105.315	101.858	238.666	259.517	242.518	411.023	408.387	414.521
00:17:00	43.134	44.796	48.247	107.024	105.343	104.542	236.603	257.826	240.397	417.155	409.433	412.219
00:17:30	43.398	43.057	48.43	106.819	104.326	102.182	239.711	255.139	241.334	413.752	409.371	410.755
00:18:00	42.443	42.903	46.47	104.961	104.539	101.809	239.647	257.095	243.207	412.912	406.981	409.502
00:18:30	42.154	43.825	46.171	103.649	104.701	100.343	240.45	258.743	245.085	416.358	413.779	411.129
00:19:00	42.879	41.38	45.725	104.333	100.852	99.286	239.997	256.394	244.342	415.395	408.161	415.844
00:19:30	41.474	40.942	45.068	102.857	102.138	100.632	239.124	257.887	240.649	409.87	412.895	410.993
00:20:00	41.664	41.576	44.449	103.434	99.298	96.869	239.614	255.453	240.29	411.042	406.619	409.05
00:20:30	41.351	41.192	44.125	101.847	100.512	99.104	238.332	249.864	237.032	408.593	406.05	406.161
00:21:00	39.152	41.95	43.783	102.783	98.744	98.743	238.748	251.694	237.599	411.496	405.743	407.665
00:21:30	41.552	40.853	43.307	100.736	98.104	99.015	240.566	255.511	239.125	406.224	405.675	408.672
00:22:00	40.312	39.791	42.922	101.377	95.319	97.036	232.378	248.836	238.52	409.139	404.934	409.911
00:22:30	41.435	37.292	43.612	99.071	97.419	95.6	236.081	251.588	239.713	411.358	406.121	406.826
00:23:00	39.97	40.194	42.652	98.581	96.227	97.209	231.978	251.749	234.818	410.193	404.214	411.742
00:23:30	39.824	39.603	42.062	99.022	95.971	93.931	232.693	247.505	236.188	404.642	402.384	405.035
00:24:00	37.944	38.421	41.081	100.271	96.454	96.674	231.747	252.057	234.296	411.058	405.109	410.018
00:24:30	38.611	38.579	41.973	99.697	95.716	96.785	233.863	251.201	234.982	407.678	404.554	406.705
00:25:00	38.087	38.509	41.764	98.851	95.257	93.314	236.256	250.135	236.648	411.769	409.546	413.357
00:25:30	38.08	38.599	42.214	96.178	94.382	93.063	234.217	250.559	233.657	409.084	399.96	406.346
00:26:00	37.462	38.482	40.732	95.216	92.954	93.836	230.453	246.997	233.354	406.109	403.308	398.776
00:26:30	36.863	37.372	41.857	98.34	94.078	92.789	236.637	251.96	238.109	404.635	407.996	407.158
00:27:00	36.924	37.885	40.543	95.909	93.596	91.894	231.085	248.667	234.432	407.088	409.399	408.887
00:27:30	35.882	37.451	39.816	95.058	90.945	91.838	231.953	249.529	231.894	404.907	404.504	404.307
00:28:00	37.027	36.979	40.739	95.722	94.089	91.89	232.254	248.084	233.545	403.643	399.482	404.28
00:28:30	36.886	38.714	39.837	97.127	91.665	92.14	231.009	246.427	237.507	407.03	399.711	401.947
00:29:00	35.275	36.665	38.752	95.476	90.49	92.598	230.908	251.943	234.62	408.319	403.397	402.549
00:29:30	36.891	36.343	40.135	94.186	91.698	91.02	231.616	247.913	232.803	405.66	403.894	400.476
00:30:00	37.262	36.47	39.388	94.499	92.768	91.856	229.053	248.864	230.657	405.813	403.557	409.055
00:30:30	35.385	35.288	38.17	95.784	89.963	90.327	231.964	247.978	232.197	399.764	401.166	410.224
00:31:00	35.158	35.316	38.629	93.277	90.177	91.621	230.164	248.488	236.524	404.824	404.58	406.407
00:31:30	35.389	34.779	39.323	94.165	89.536	91.473	230.978	249.713	232.33	405.873	403.312	404.842
00:32:00	34.53	34.756	37.979	92.551	87.038	90.297	229.257	248.321	231.132	408.014	397.358	400.383
00:32:30	34.327	34.911	36.379	92.024	86.5	88.382	230.581	243.673	232.964	403.454	395.537	401.703
00:33:00	33.771	34.097	37.952	91.405	86.587	87.494	227.822	248.312	234.677	400.252	403.982	400.094
00:33:30	35.083	33.943	36.369	89.75	87.587	89.234	230.649	245.536	229.659	402.432	400.913	402.131
00:34:00	35.344	32.729	37.569	91.57	90.801	88.163	231.713	244.965	228.16	405.111	403.583	400.589
00:34:30	34.654	33.96	37.793	92.38	87.555	88.099	230.676	248.307	234.045	404.57	402.362	405.002
00:35:00	34.827	34.696	37.449	89.774	88.45	89.457	228.125	248.41	232.332	403.658	399.608	399.511
00:35:30	35.421	35.2	35.4	91.06	86.423	90.067	228.335	245.506	227.807	398.146	394.699	398.853
00:36:00	34.727	33.982	37.605	91.959	87.512	88.241	229.851	248.613	230.616	402.998	397.529	406.133
00:36:30	34.259	34.245	35.031	89.253	86.605	88.974	226.323	245.617	228.305	404.535	398.054	398.718
00:37:00	33.508	33.703	36.071	89.347	86.467	87.426	230.973	243.099	231.877	401.359	400.428	403.199
00:37:30	35.159	33.712	36.151	86.187	82.901	90.011	229.411	243.191	230.119	398.44	399.087	404.225
00:38:00	32.602	34.248	36.045	88.085	86.393	87.669	230.473	247.044	232.401	404.084	396.975	398.961
00:38:30	33.17	34.509	36.027	88.889	85.579	88.551	230.164	245.989	231.401	407.431	400.377	401.739
00:39:00	33.549	34.367	36.368	87.918	84.796	87.149	226.047	246.091	231.446	403.775	401.181	402.613
00:39:30	32.831	33.451	34.85	86.574	84.604	87.065	225.266	245.55	225.81	401.599	400.92	400.432
00:40:00	32.314	32.444	35.346	86.184	82.895	85.986	222.717	245.329	227.233	403.492	398.758	402.035
00:40:30	33.263	32.771	35.413	85.246	85.168	85.325	230.509	243.432	227.152	402.51	398.863	402.002
00:41:00	33.812	33.129	34.312	85.574	84.426	86.979	225.31	243.86	226.332	398.64	393.144	398.564
00:41:30	32.636	33.493	34.804	86.465	82.727	86.697	225.899	243.435	224.076	400.466	395.908	401.486
00:42:00	31.885	32.119	33.82	84.417	83.712	85.309	224.593	244.987	226.814	400.026	396.997	398.574
00:42:30	32.665	31.648	34.921	84.955	85.58	84.493	227.891	243.242	228.659	400.095	398.239	396.313
00:43:00	31.881	32.349	33.595	83.537	83.008	83.711	223.986	242.673	226.236	399.699	394.201	396.761
00:43:30	32.816	32.118	35.671	83.95	81.912	85.953	229.33	242.592	226.852	402.934	395.81	401.093
00:44:00	32.56	32.432	35.335	85.412	83.15	84.661	226.647	249.23	230.828	400.549	395.691	406.471
00:44:30	33.267	30.958	33.794	84.343	82.295	83.369	225.919	242.437	226.443	401.233	400.132	405.23
00:45:00	32.628	32.759	35.927	85.118	82.677	83.281	226.963	242.205	226.283	398.267	401.927	399.656
00:45:30	32.007	32.619	34.606	86.303	83.411	84.785	228.637	242.936	227.708	401.107	399.353	402.728
00:46:00	31.895	32.21	35.163	84.186	81.208	84.099	226.171	239.948	226.326	397.191	397.496	402.363
00:46:30	31.928	31.202	34.837	83.939	78.366	84.161	228.115	242.275	229.051	397.237	393.325	398.964
00:47:00	30.986	31.63	35.254	83.539	81.646	84.368	228.255	241.864	228.815	395.811	398.033	395.829
00:47:30	30.892	31.702	34.238	82.115	79.566	83.633	226.075	242.1	227.015	399.351	397.29	397.419
00:48:00	30.105	30.168	33.591	83.608	80.074	84.067	223.207	242.704	229.613	398.349	399.191	404.371
00:48:30	32.364	33.334	33.621	83.108	79.343	84.128	226.446	239.591	227.822	403.763	395.072	403.234
00:49:00	32.617	32.65	34.372	81.791	80.564	83.389	227.176	242.377	229.545	405.02	397.98	396.591
00:49:30	31.729	32.068	34.087	84.51	80.673	82.347	227.186	240.217	228.366	398.05	393.636	395.674
00:50:00	31.437	30.281	34.677	83.923	81.029	83.244	227.777	245.039	226.609	403.946	399.794	396.417
00:50:30	31.205	31.175	33.292	82.912	79.417	84.064	224.942	242.163	223.859	398.173	395.066	396.992
00:51:00	29.874	31.807	33.107	81.765	79.384	83.145	224.204	247.374	224.756	404.604	397.987	398.56
00:51:30	31.777	30.825	32.51	81.066	79.759	81.271	225.471	242.292	225.287	396.665	393.056	396.253
00:52:00	30.417	31.076	33.417	83.596	79.282	82.22	226.317	243.838	220.314	395.118	395.991	397.834
00:52:30	32.077	30.554	31.689	82.513	78.761	81.336	223.905	240.762	226.583	391.275	394.514	397.532
00:53:00	31.685	31.622	32.306	83.46	79.845	80.409	226.123	242.544	225.082	396.652	395.916	394.878
00:53:30	31.218	32.64	34.053	82.329	78.293	81.236	225.589	241.606	225.788	401.46	391.216	394.961
00:54:00	30.332	30.808	32.348	81.097	77.95	80.469	226.042	246.009	224.618	404.289	397.631	394.598
00:54:30	29.854	30.414	31.884	81.56	80.011	81.088	220.691	243.105	226.164	399.72	392.395	395.005
00:55:00	31.283	30.837	33.339	81.156	78.776	82.098	224.735	241.183	220.414	399.616	397.838	398.05
00:55:30	30.563	30.158	31.799	81.603	78.062	78.934	224.103	243.407	225.997	399.058	394.967	398.261
00:56:00	30.943	30.037	32.027	81.106	78.075	79.056	224.399	239.21	226.781	395.025	392.446	392.067
00:56:30	30.637	30.854	32.918	80.625	77.506	81.064	227.115	243.112	227.779	397.954	394.244	392.89
00:57:00	30.435	30.908	31.315	82.243	77.74	80.106	223.435	239.549	224.422	400.686	394.429	393.961
00:57:30	29.754	30.914	31.668	79.98	77.536	79.841	222.983	239.882	233.991	392.476	391.412	391.807
00:58:00	31.464	30.752	31.97	81.266	76.244	81.055	225.148	242.537	226.399	399.396	400.227	397.174
00:58:30	30.378	29.896	32.775	79.68	74.814	82.215	227.683	246.622	230.747	398.96	396.719	396.279
00:59:00	30.161	31.053	32.117	80.057	77.987	81.041	225.469	245.16	226.597	395.018	399.463	395.647
00:59:30	30.077	29.913	30.815	80.718	76.296	79.605	224.074	236.604	228.956	397.239	391.538	397.502
01:00:00	29.244	30.217	31.521	80.128	77.84	80.42	224.043	242.444	226.082	398.471	398.672	391.726
01:00:30	30.26	29.825	31.063	79.626	76.433	81.811	223.34	242.592	230.701	402.124	396.631	400.515
01:01:00	30.311	30.409	32.169	79.614	78.426	81.84	220.123	244.78	225.53	396.885	394.632	394.55
01:01:30	29.555	30.126	31.607	80.35	74.399	80.298	226.502	243.423	229.726	401.078	392.672	400.488
01:02:00	30.149	28.445	32.005	78.19	74.882	77.709	224.067	243.048	222.145	396.539	396.865	395.2
01:02:30	31.37	30.702	31.172	78.007	75.655	80.621	225.149	241.063	228.738	398.146	398.14	400.351
01:03:00	31.341	30.625	31.859	81.025	76.024	78.656	221.845	240.456	221.109	397.613	391.42	396.009
01:03:30	29.621	29.328	31.202	77.533	75.829	80.63	221.198	238.766	226.271	393.064	391.793	395.042
01:04:00	29.148	29.364	32.735	80.126	75.016	79.399	224.546	238.823	222.769	396.237	393.231	398.199
01:04:30	30.668	29.568	31.859	77.183	76.086	78.301	226.282	240.633	232.777	401.311	393.194	398.873
01:05:00	30.435	30.181	31.287	79.111	76.408	79.132	220.889	241.517	223.801	396.626	395.688	398.349
01:05:30	29.746	28.783	31.311	78.165	76.662	78.206	226.133	241.591	228.834	398.556	396.191	396.337
01:06:00	29.819	28.606	31.225	77.927	75.955	79.856	224.723	239.504	228.325	402.58	394.739	393.161
01:06:30	29.386	28.748	31.165	79.348	75.718	79.267	225.303	241.401	225.841	396.137	393.964	393.474
01:07:00	28.813	28.579	30.719	77.447	73.691	79.024	223.176	236.893	220.943	392.088	392.38	396.834
01:07:30	30.167	30.171	30.825	77.03	73.663	79.451	225.335	241.926	228.129	395.616	397.407	396.518
01:08:00	28.503	29.242	30.615	77.386	73.956	78.997	220.948	239.613	224.868	396.717	392.363	393.386
01:08:30	31.237	30.151	31.359	80.241	73.444	77.98	225.918	240.246	230.162	396.852	398.22	398.806
01:09:00	29.534	29.346	29.663	77.11	73.317	78.842	222.218	239.905	223.556	395.898	393.743	397.908
01:09:30	29.682	29.701	30.36	76.905	75.451	78.329	221.503	242.531	227.886	395.839	393.802	394.853
01:10:00	30.357	29.692	30.529	76.405	76.165	77.056	222.256	238.71	220.519	393.492	392.523	392.361
01:10:30	30.28	28.041	30.684	77.289	74.552	77.558	220.966	242.189	227.463	401.738	392.516	398.777
01:11:00	29.54	29.947	29.574	76.352	74.755	77.922	220.808	239.947	219.989	393.924	391.549	389.631
01:11:30	29.439	29.711	29.405	76.22	73.3	78.625	222.712	241.621	223.292	397.044	393.862	397.243
01:12:00	29.944	29.437	30.67	77.936	74.014	76.279	223.402	244.088	229.752	393.65	394.398	393.881
01:12:30	30.389	29.742	30.239	75.913	74.427	78.411	225.66	241.578	223.115	401.568	398.023	393.336
01:13:00	29.76	29.424	30.446	77.031	75.64	78.528	223.042	242.723	236.897	402.802	397.645	396.881
01:13:30	29.327	27.965	31.345	76.563	72.164	76.03	223.817	236.066	225.352	395.671	392.442	394.645
01:14:00	29.475	29.369	30.809	77.843	72.034	76.56	220.404	238.055	224.006	389.143	390.66	389.446
01:14:30	28.745	28.319	31.027	76.517	72.509	77.342	220.089	238.94	223.035	395.871	391.814	394.978
01:15:00	30.392	29.072	30.132	75.986	73.201	76.666	223.084	236.983	229.862	395.553	389.377	394.536
01:15:30	30.25	30.589	30.119	77.849	73.372	75.658	221.179	239.709	220.601	398.033	391.338	395.574
01:16:00	29.617	28.306	31.304	75.27	72.502	75.748	220.808	239.294	220.975	394.312	389.036	390.548
01:16:30	30.021	30.215	30.905	73.98	74.073	78.586	220.759	239.317	221.841	392.913	390.557	392.817
01:17:00	29.318	28.814	30.171	75.405	71.785	76.697	224.626	238.589	231.544	387.721	389.172	391.615
01:17:30	29.203	28.416	29.943	75.087	73.15	76.105	221.51	237.32	222.792	395.865	394.547	396.529
01:18:00	27.95	29.344	29.506	75.566	72.059	76.642	221.616	240.19	229.364	391.687	393.298	393.845
01:18:30	28.942	28.881	30.101	74.915	73.972	75.849	220.807	241.493	223.96	389.957	388.875	394.084
01:19:00	28.973	28.507	29.774	75.478	73.063	75.694	222.098	241.212	227.279	393.327	391.314	394.067
01:19:30	29.056	29.023	29.668	74.978	72.409	75.379	220.984	238.549	220.515	390.208	389.846	391.716
01:20:00	29.112	28.887	29.803	75.596	73.172	75.361	220.786	236.195	221.332	395.342	388.489	390.052
01:20:30	28.739	29.375	30.672	76.976	72.947	75.478	218.245	240.679	218.063	392.051	388.194	391.388
01:21:00	29.693	28.14	30.833	76.379	71.914	75.253	222.18	237.19	225.674	396.729	390.117	389.814
01:21:30	28.683	28.372	30.9	74.992	72.298	75.574	220.351	237.667	219.089	396.213	386.626	390.098
01:22:00	28.646	27.92	30.024	75.181	73.099	75.707	221.976	240.934	225.652	391.747	389.147	387.843
01:22:30	28.918	27.901	30.132	73.128	71.991	75.161	220.159	236.214	219.865	398.322	392.123	392.13
01:23:00	28.814	28.559	31.705	75.288	72.214	74.625	218.069	235.118	226.329	395.527	389.862	387.534
01:23:30	29.017	28.019	31.416	74.906	71.757	75.634	219.895	235.931	225.285	393.785	388.335	392.012
01:24:00	29.849	28.534	30.583	73.826	71.344	74.578	220.913	240.049	224.905	393.55	391.972	391.417
01:24:30	29.12	28.207	30.484	73.795	71.505	75.37	221.033	238.951	220.612	395.355	386.904	389.672
01:25:00	29.632	28.328	29.558	72.883	71.317	73.323	220.049	240.441	228.623	392.158	390.002	391.866
01:25:30	28.464	29.362	30.04	74.157	71.927	75.121	223.081	239.891	220.839	392.339	387.2	395.974
01:26:00	28.953	27.345	29.83	73.323	71.624	75.968	221.838	238.327	228.432	391.041	386.685	388.313
01:26:30	28.547	25.994	28.892	72.386	71.437	75.595	220.339	235.007	217.819	390.408	390.938	390.3
01:27:00	28.82	29.425	29.815	75.841	72.054	74.967	220.112	241.141	226.049	395.588	391.933	390.658
01:27:30	29.079	28.716	28.836	73.92	71.517	72.59	217.545	238.237	218.276	392.391	391.829	393.387
01:28:00	28.256	27.029	30.005	74.338	71.448	74.2	222.814	235.727	221.962	390.656	390.122	385.774
01:28:30	29.801	27.187	28.785	72.937	71.478	73.456	222.491	238.521	219.613	395.468	384.318	393.942
01:29:00	28.406	28.774	30.793	74.833	72.689	77.051	222.941	240.023	224.546	390.881	388.32	390.716
01:29:30	28.47	28.429	29.675	74.122	72.134	73.19	218.943	235.861	222.554	393.62	390.625	388.228
01:30:00	29.782	27.891	29.569	72.434	69.21	75.055	224.061	238.058	224.707	400.404	387.249	384.923
01:30:30	27.782	27.493	29.803	73.834	70.485	72.976	218.61	236.884	221.096	396.438	387.812	385.911
01:31:00	29.515	28.58	29.857	74.096	71.873	73.133	221.123	236.239	221.617	388.51	390.649	391.317
01:31:30	27.757	28.12	30.421	75.496	70.575	73.657	220.888	235.742	225.437	388.869	391.069	390.037
01:32:00	28.797	28.378	29.396	73.709	71.073	73.732	220.757	232.779	224.205	389.819	388.955	392.087
01:32:30	27.675	29.495	29.5	73.674	70.77	72.478	221.893	238.806	221.173	390.373	388.816	393.41
01:33:00	30.154	27.39	28.566	74.439	70.34	74.472	219.924	236.829	225.681	390.619	389.772	391.054
01:33:30	28.439	28.048	29.287	72.185	69.734	74.234	220.105	237.376	218.651	388.285	385.726	386.864
01:34:00	28.266	28.512	28.678	72.108	70.764	74.628	222.884	240.254	229.485	394.665	390.532	389.033
01:34:30	27.96	28.208	29.528	74.448	70.213	73.771	221.131	237.527	221.654	394.779	390.428	389.539
01:35:00	29.438	27.379	29.664	72.243	69.598	72.551	221.241	239.123	225.911	387.9	391.692	385.572
01:35:30	28.62	28.201	29.848	73.631	71.336	73.141	218.166	239.71	219.365	390.637	388.888	387.505
01:36:00	27.832	28.085	29.533	75.139	69.782	72.054	219.786	233.169	224.474	383.691	382.265	388.935
01:36:30	29.08	29.115	29.421	73.538	69.672	73.932	221.247	236.97	221.136	391.002	386.962	389.566
01:37:00	29.537	28.081	29.207	73.364	70.924	76.284	220.954	240.57	228.502	395.138	389.318	387.875
01:37:30	28.636	27.798	30.51	73.251	71.043	72.709	222.016	237.126	221.093	392.732	391.633	394.083
01:38:00	27.461	27.844	28.523	72.904	69.774	72.57	217.665	236.971	219.62	389.329	387.462	383.529
01:38:30	29.826	29.3	29.019	73.072	68.425	72.127	221.773	235.673	218.67	390.107	389.186	387.671
01:39:00	29.202	27.505	28.874	72.726	69.893	74.336	223.451	235.382	225.512	388.147	385.084	390.703
01:39:30	28.461	28.286	29.072	75.47	69.47	71.752	218.663	236.679	222.225	396.155	390.539	394.727
01:40:00	28.021	27.624	28.889	74.931	70.876	73.488	222.381	240.977	224.369	395.249	388.507	389.421
01:40:30	28.172	28.055	29.871	73.805	69.941	71.906	221.047	235.398	221.136	390.53	383.537	386.731
01:41:00	27.939	28.414	29.122	72.527	70.829	73.973	219.75	237.781	227.405	388.079	386.892	383.281
01:41:30	28.105	28.198	29.278	72.268	69.394	73.138	221.934	237.962	221.059	391.714	389.584	388.134
01:42:00	27.092	28.697	28.731	74.009	68.696	73.198	218.94	242.118	218.372	387.396	384.772	387.54
01:42:30	28.781	27.719	28.584	74.013	70.4	73.304	219.304	238.427	220.451	394.676	384.376	388.192
01:43:00	29.398	28.168	28.877	73.343	69.1	73.568	222.468	237.105	228.541	396.414	391.774	385.106
01:43:30	28.396	28.19	30.239	74.279	70.729	72.314	220.335	235.606	222.858	394.113	394.42	393.05
01:44:00	28.81	29.394	30.675	74.055	70.441	71.205	221.392	238.749	226.651	388.604	390.45	389.373
01:44:30	27.619	28.524	29.551	73.452	68.144	71.809	220.964	238.166	217.934	388.703	394.787	388.312
01:45:00	28.91	27.951	30.465	72.708	68.869	71.722	217.804	236.916	221.911	391.663	386.747	385.007
01:45:30	28.78	28.601	29.921	72.961	69.183	74.158	217.381	240.704	217.194	388.37	386.872	385.498
01:46:00	28.257	27.861	30.088	73.997	67.49	73.368	223.549	238.537	229.215	391.883	389.034	392.566
01:46:30	27.66	26.923	29.268	74.172	68.836	73.672	219.698	238.109	218.996	390.309	388.574	390.838
01:47:00	28.143	28.382	28.804	72.196	68.525	71.849	218.627	237.711	222.517	390.63	384.584	383.607
01:47:30	27.79	28.064	29.049	72.158	68.31	72.93	220.369	237.067	220.813	389.638	390.24	391.056
01:48:00	27.274	28.206	28.891	72.728	69.339	72.705	221.831	235.276	224.375	388.411	385.957	390.291
01:48:30	28.465	28.217	29.635	71.637	67.792	71.789	219.541	234.712	217.031	383.729	387.142	386.15
01:49:00	28.44	27.686	29.892	72.512	68.329	73.354	220.006	238.841	226.287	395.909	388.209	389.604
01:49:30	28.243	27.52	28.525	71.048	69.141	73.644	224.142	235.061	220.459	390.016	385.109	383.393
01:50:00	28.801	28.04	29.978	74.659	67.245	72.574	220.262	235.419	226.077	390.846	388.755	385.939
01:50:30	29.325	28.083	29.457	73.687	69.255	72.62	219.755	239.554	223.699	392.484	390.06	385.258
01:51:00	28.682	28.087	30.017	74.403	69.287	74.196	217.862	237.401	227.335	388.044	385.881	391.394
01:51:30	28.591	28.332	29.906	73.878	68.839	74.385	219.087	233.942	219.702	393.919	391.639	386.982
01:52:00	28.979	27.72	28.588	72.943	66.85	70.859	221.502	238.698	227.975	392.624	389.258	389.816
01:52:30	28.187	28.423	29.914	74.365	67.15	73.817	218.174	238.594	218.847	393.63	390.701	389.739
01:53:00	28.382	28.054	29.818	71.365	68.771	73.799	223.124	235.926	224.02	390.251	383.324	387.189
01:53:30	28.716	27.784	28.046	73.305	70.919	73.213	220.832	233.896	219.562	397.32	388.295	389.22
01:54:00	28.602	26.915	30.188	73.436	69.012	70.658	221.042	238.298	226.63	388.707	385.765	388.701
01:54:30	27.462	27.796	28.759	75.334	69.004	72.87	217.632	239.329	221.397	391.25	390.888	386.574
01:55:00	28.727	27.805	28.686	72.212	68.259	70.116	219.33	235.662	222.193	387.521	390.443	385.107
01:55:30	27.856	27.231	29.575	72.517	68.731	71.548	220.458	236.887	219.7	390.651	385.108	388.203
01:56:00	28.342	28.522	30.454	71.14	68.086	72.672	223.659	237.236	227.945	392.676	390.128	390.069
01:56:30	28.952	26.789	27.959	74.089	68.25	71.228	220.105	231.561	219.667	385.508	388.968	388.087
01:57:00	26.909	27.485	28.981	72.683	68.569	72.145	218.776	236.131	223.988	390.831	385.493	386.977
01:57:30	28.821	27.586	30.12	70.84	69.462	68.882	220.486	237.862	218.256	388.719	389.479	388.165
01:58:00	28.065	27.897	30.025	73.568	68.393	72.417	220.24	238.002	218.496	389.284	384.765	380.967
01:58:30	27.338	27.49	29.802	71.276	67.67	70.752	218.22	239.693	223.161	391.049	380.877	383.5
01:59:00	27.519	27.424	28.494	71.427	67.228	72.19	218.458	235.454	218.458	387.185	387.251	386.48
01:59:30	26.944	27.694	29.22	72.116	69.298	72.092	221.152	237.364	219.073	393.539	389.665	386.07
02:00:00	28.427	27.274	29.911	71.907	69.613	72.917	222.919	236.313	229.383	389.086	386.212	386.949