Time	25_1	25_2	25_3	50_1	50_2	50_3	100_1	100_2	100_3	150_1	150_2	150_3
00:00:00	82.163	89.782	92.415	185.589	182.475	184.828	347.62	341.56	333.681	501.18	499.61	492.762
00:00:30	81.702	84.14	86.805	173.436	169.855	173.418	331.129	331.779	329.655	494.226	484.259	477.629
00:01:00	76.204	81.777	85.852	166.867	163.076	167.179	324.111	319.919	320.403	479.345	476.592	472.178
00:01:30	74.637	77.776	81.161	163.875	161.722	162.698	314.233	309.796	307.246	469.15	464.441	465.132
00:02:00	71.483	76.796	80.022	162.528	158.493	160.452	300.448	303.145	296.563	465.391	456.52	453.82
00:02:30	69.698	75.663	75.402	159.284	155.187	156.236	298.131	296.433	293.696	464.728	459.164	447.121
00:03:00	67.343	73.17	74.383	155.642	152.732	151.5	288.554	292.6	284.861	451.461	446.69	444.514
00:03:30	66.079	69.139	72.923	152.932	149.268	149.115	283.193	289.33	280.892	453.853	441.936	444.665
00:04:00	63.773	70.312	72.893	153.361	149.102	142.682	282.487	286.675	279.086	443.964	443.452	441.615
00:04:30	60.993	69.254	69.408	148.498	145.009	137.531	274.897	283.089	272.799	445.256	440.386	437.738
00:05:00	61.592	66.73	67.559	146.087	136.083	135.252	273.171	279.11	268.215	445.371	441.809	432.299
00:05:30	57.918	65.279	67.266	143.672	137.427	132.644	271.357	277.875	266.226	443.756	432.154	430.732
00:06:00	56.775	65.058	66.843	140.904	134.577	131.148	267.686	277.288	262.531	435.039	432.111	431.472
00:06:30	57.6	63.257	64.698	135.215	130.237	129.51	263.853	268.763	260.662	433.664	426.706	426.425
00:07:00	56.975	61.915	62.853	131.923	128.214	126.445	262.82	271.028	259.053	435.755	432.246	426.475
00:07:30	55.919	60.993	62.11	127.423	122.172	127.233	261.198	266.898	258.451	434.361	430.202	423.448
00:08:00	53.871	60.718	61.338	128.203	123.016	123.017	261.171	264.849	255.601	432.827	426.661	426.848
00:08:30	53.925	60.801	61.88	127.387	123.062	122.408	259.509	266.819	255.734	430.898	425.712	423.106
00:09:00	54.233	58.74	60.063	126.93	123.423	121.981	255.82	261.621	253.802	432.261	423.703	422.454
00:09:30	53.759	57.66	60.698	126.958	120.687	119.739	259.736	260.701	254.248	429.638	428.027	421.194
00:10:00	51.744	57.731	58.422	124.824	118.928	118.473	258.913	259.885	253.036	430.635	423.267	420.444
00:10:30	49.424	55.928	57.061	122.96	119.551	119.126	252.71	254.584	249.588	425.443	416.958	416.507
00:11:00	50.478	54.104	56.117	120.779	118.121	117.894	254.901	258.529	250.594	425.149	420.1	416.757
00:11:30	49.483	56.045	55.833	122.079	115.52	116.604	249.798	257.459	251.531	429.656	423.326	417.406
00:12:00	48.467	53.453	54.49	117.137	114.373	114.041	245.456	251.528	247.973	423.173	417.988	417.678
00:12:30	48.331	52.365	55.661	118.013	114.876	114.475	251.254	257.33	246.271	423.388	423.716	416.981
00:13:00	47.667	53.323	55.953	115.346	113.185	114.254	246.965	257.891	245.663	425.264	421.729	417.714
00:13:30	48.497	51.646	52.824	116.987	116.144	115.08	250.767	255.273	247.023	421.606	414.956	415.095
00:14:00	46.103	52.417	52.114	116.536	114.584	113.839	249.587	252.295	247.827	429.494	415.993	413.197
00:14:30	46.606	51.43	52.57	113.955	113.303	113.616	246.507	254.002	242.52	421.678	420.475	413.47
00:15:00	44.756	50.278	52.805	115.498	113.283	109.617	245.8	249.492	242.165	419.187	412.05	412.49
00:15:30	45.694	48.977	49.727	112.401	112	111.607	244.713	247.621	243.408	420.916	412.561	412.785
00:16:00	44.995	47.414	50.65	110.602	111.371	110.2	244.3	253.207	244.817	423.823	417.45	411.524
00:16:30	44.94	46.561	48.418	113.092	108.282	106.29	241.325	247.106	244.542	416.014	412.814	412.806
00:17:00	42.829	45.265	46.509	111.093	109.894	109.261	244.955	245.881	237.804	414.825	413.557	410.598
00:17:30	43.548	44.571	46.333	112.474	107.948	106.221	245.016	247.85	241.962	419.398	407.199	413.789
00:18:00	42.479	46.102	45.592	111.276	106.811	108.21	244.752	245.227	241.748	415.946	417.274	415.149
00:18:30	43.315	43.78	45.605	109.066	106.166	107.259	241.403	248.546	242.397	419.032	413.513	416.316
00:19:00	41.524	43.016	44.168	108.194	106.636	106.518	244.359	247.1	239.314	419.047	408.644	409.943
00:19:30	42.756	41.832	42.832	108.836	105.75	105.147	238.737	244.586	238.7	415.779	410.539	409.06
00:20:00	40.874	39.619	42.156	109.408	105.843	107.153	237.347	248.096	240.807	417.36	411.745	410.084
00:20:30	39.639	38.861	42.997	105.006	103.648	106.153	238.813	245.934	238.417	411.509	405.919	407.804
00:21:00	41.355	39.028	40.605	105.262	107.147	105.082	237.674	246.414	239.667	416.899	410.851	404.128
00:21:30	40.009	38.687	42.061	105.785	103.357	105.058	239.992	246.235	236.611	414.891	410.979	404.695
00:22:00	40.578	37.411	41.246	103.975	103.564	103.49	236.519	244.823	237.337	414.965	404.975	404.037
00:22:30	39.993	39.34	40.402	104.72	104.486	104.294	238.36	243.354	233.708	417.003	407.862	407.547
00:23:00	38.558	37.262	39.722	105.628	102.843	101.976	238.368	244.32	238.061	406.202	406.212	407.743
00:23:30	39.438	37.08	39.584	105.42	105.823	103.337	234.461	244.897	235.936	416.365	402.282	407.248
00:24:00	38.686	37.875	38.993	101.699	102.519	100.387	237.713	241.381	232.205	412.833	405.847	406.296
00:24:30	39.282	37.001	39.122	102.599	101.361	102.898	233.892	242.131	237.795	413.133	406.603	406.368
00:25:00	38.773	38.165	37.51	99.631	99.906	102.302	237.82	240.83	236.081	414.862	405.07	407.758
00:25:30	37.644	36.133	37.346	100.659	101.691	102.039	235.638	242.752	230.24	413.018	406.127	408.592
00:26:00	36.676	35.318	38.65	98.005	100.367	99.781	235.16	245.152	237.047	403.034	403.613	402.569
00:26:30	38.394	36.056	37.088	100.86	100.769	98.187	235.821	245.266	234.395	416.935	406.598	406.461
00:27:00	37.222	35.569	35.207	99.878	99.886	97.392	231.422	236.879	235.99	410.763	408.877	403.922
00:27:30	35.789	33.88	36.287	100.298	100.03	98.78	236.023	240.397	234.569	410.765	404.01	405.375
00:28:00	37.54	34.467	37.176	97.468	99.24	98.676	234.191	238.737	234.965	408.31	407.059	404.639
00:28:30	35.958	34.156	34.868	99.596	97.708	101.072	235.287	241.688	233.408	414.88	406.697	401.985
00:29:00	36.37	34.586	35.919	97.754	97.905	99.569	232.629	243.395	235.678	417.561	409.041	397.924
00:29:30	36.256	34.294	35.449	98.813	97.364	99.004	234.293	241.82	232.03	413.543	403.993	401.129
00:30:00	35.791	33.681	35.723	99.187	99.329	99.448	236.763	243.37	236.025	412.403	406.773	404.266
00:30:30	34.482	34.354	35.175	98.831	97.837	98.206	234.311	243.291	232.969	412.353	403.467	404.334
00:31:00	36.07	33.503	34.447	98.594	97.012	97.114	233.319	238.524	235.898	413.226	401.754	402.586
00:31:30	36.065	34.095	33.599	97.502	95.897	97.394	234.845	239.607	235.141	410.002	402.677	399.696
00:32:00	35.074	33.526	34.736	97.751	95.675	97.082	231.622	239.487	232.082	408.379	403.876	401.621
00:32:30	35.323	32.438	35.007	95.653	99.115	96.093	236.068	236.781	231.161	407.767	404.24	401.313
00:33:00	34.915	33.324	33.729	96.238	98.242	96.037	233.106	241.83	230.376	414.347	405.735	404.257
00:33:30	35.055	32.596	34.708	96.867	95.566	96.052	234.921	241.638	233.608	412.146	403.66	403.936
00:34:00	34.819	32.649	35.033	94.184	93.603	95.252	234.307	239.492	230.024	415.321	399.232	404.577
00:34:30	35.069	31.862	32.872	97.125	95.978	95.14	232.524	238.838	235.148	413.827	407.499	405.587
00:35:00	32.755	32.228	34.436	95.629	94.686	94.006	234.621	237.854	231.227	409.459	400.856	401.023
00:35:30	33.568	31.456	33.472	92.555	95.542	92.88	229.675	235.773	232.835	409.461	400.596	393.416
00:36:00	33.449	32.257	35.018	94.856	94.809	93.591	231.332	235.411	231.356	407.439	398.071	400.246
00:36:30	33.501	31.11	32.748	94.53	95.169	93.061	228.23	236.561	233.049	406.196	401.523	402.83
00:37:00	33.074	31.178	33.285	94.48	94.197	93.418	230.952	234.795	230.025	412.412	401.373	404
00:37:30	34.232	30.722	33.172	94.268	93.489	94.752	230.73	237.514	232.35	414.622	407.029	404.038
00:38:00	33.304	31.395	32.955	94.627	93.198	95.09	234.325	237.221	232.38	412.766	398.495	406.165
00:38:30	32.818	31.089	32.069	90.827	91.886	93.698	232.569	233.58	233.949	412.047	402.545	399.443
00:39:00	32.817	31.915	33.697	93.782	92.67	92.929	229.764	234.114	232.297	410.441	399.86	400.708
00:39:30	32.936	32.186	33.484	93.922	91.665	94.135	230.615	237.02	230.898	409.282	404.192	397.271
00:40:00	32.095	32.225	32.884	92.431	90.439	92.958	232.028	236.649	229.222	406.294	396.958	399.19
00:40:30	33.146	31.394	32.506	93.739	91.218	93.218	231.046	237.01	231.181	410.046	400.883	397.59
00:41:00	32.764	31.478	32.689	92.913	92.376	95.202	230.745	236.443	231.67	407.907	397.813	400.239
00:41:30	33.16	30.073	32.352	93.14	88.853	90.895	231.167	233.208	231.264	405.161	402.005	396.666
00:42:00	32.122	29.043	32.551	92.758	87.054	90.89	231.316	237.762	229.363	407.332	399.851	398.028
00:42:30	32.797	31.36	33.285	91.713	90.193	90.576	228.005	234.538	228.942	405.915	397.732	398.728
00:43:00	32.4	30.285	32.394	92.422	86.885	92.062	230.117	232.932	228.72	406.667	393.077	399.621
00:43:30	33.24	30.582	31.119	92.684	87.738	92.943	230.483	233.488	228.554	409.79	400.257	401.409
00:44:00	32.209	30.148	31.632	91.081	89.578	91.881	229.232	238.397	230.587	407.414	403.12	397.63
00:44:30	31.179	31.018	31.857	90.411	88.503	92.081	226.813	234.402	226.074	407.321	399.326	398.153
00:45:00	32.82	29.285	31.831	91.254	88.574	90.385	229.539	235.596	228.684	408.082	398.161	396.134
00:45:30	31.44	29.338	31.306	92.338	85.986	91.424	232.26	237.816	227.601	409.798	399.859	398.989
00:46:00	30.938	29.67	32.032	89.167	85.763	90.831	227.575	232.98	226.559	401.928	401.976	400.31
00:46:30	32.103	29.014	31.684	89.804	86.71	90.007	229.634	230.518	228.177	406.91	395.132	396.242
00:47:00	31.414	29.963	32.857	91.627	84.454	92.872	225.759	229.063	228.166	403.445	397.819	398.389
00:47:30	31.27	30.209	33.293	89.796	84.874	92.27	229.289	234.394	229.35	405.796	404.015	400.594
00:48:00	32.157	30.061	31.784	90.059	84.194	91.361	231.013	236.998	229.741	412.098	402.626	400.304
00:48:30	32.495	30.742	31.341	88.864	82.448	88.379	229.028	234.103	228.808	406.112	397.945	397.894
00:49:00	30.833	29.134	31.04	91.552	84.442	91.413	230.086	233.816	230.729	411.825	402.7	402.358
00:49:30	31.475	28.552	30	89.555	84.406	91.317	227.989	235.668	230.432	407.252	397.743	395.336
00:50:00	31.33	30.179	31.545	88.888	84.533	91.156	227.878	233.912	230.888	408.709	403.066	396.685
00:50:30	29.614	29.73	30.069	88.756	86.486	89.209	226.029	232.72	230.094	404.743	403.097	400.304
00:51:00	30.411	28.316	30.548	89.722	83.461	88.203	228.566	230.466	229.984	403.894	395.818	396.74
00:51:30	30.962	28.638	30.651	88.771	83.852	87.59	230.588	234.343	228.362	401.471	395.875	396.289
00:52:00	30.9	29.26	31.507	91.193	84.387	88.204	229.684	234.121	229.414	407.179	399.722	399.207
00:52:30	30.276	29.645	30.024	89.259	84.306	90.418	227.149	235.078	230.384	403.493	400.314	391.572
00:53:00	30.491	29.741	30.91	88.365	82.466	88.875	226.511	236.573	229.689	407.747	403.903	400.804
00:53:30	30.515	26.88	30.66	87.521	82.522	88.889	227.596	230.268	228.775	403.432	395.065	399.803
00:54:00	30.653	29.06	31.848	86.289	83.409	88.456	226.837	231.678	227.141	400.881	396.171	399.444
00:54:30	31.035	30.025	30.743	88.266	82.907	87.736	227.741	234.301	228.016	406.147	396.126	396.226
00:55:00	30.593	28.431	30.769	89.998	84.054	87.449	226.024	233.973	229.711	407.16	402.596	397.734
00:55:30	32.875	29.124	30.352	84.441	83.868	88.766	226.82	230.992	231.145	405.809	395.595	394.235
00:56:00	29.699	28.436	31.569	85.924	84.759	85.065	227.981	235.926	229.785	399.532	395.933	396.657
00:56:30	29.781	28.425	29.778	88.914	83.693	86.397	226.179	235.721	227.69	401.847	396.833	394.594
00:57:00	29.408	29.506	30.257	88.771	83.894	86.619	229.526	235.571	229.938	400.982	397.661	398.7
00:57:30	29.57	29.336	30.181	88.518	83.492	87.402	227.709	234.23	228.872	400.863	390.715	398.777
00:58:00	29.546	28.907	30.711	88.946	83.35	87.952	226.847	233.533	226.347	403.415	401.953	394.235
00:58:30	29.512	29.804	30.651	87.63	83.597	85.732	226.157	234.158	223.93	404.762	398.694	400.064
00:59:00	29.304	29.105	30.458	87.696	83.616	85.996	227.407	227.928	227.477	404.472	398.018	398.377
00:59:30	28.709	27.498	29.247	86.789	82.555	87.452	225.344	234.893	228.795	400.506	401.472	395.595
01:00:00	29.526	28.045	31.002	86.877	83.416	86.686	228.026	230.822	230.208	405.602	399.739	397.312
01:00:30	30.097	27.455	29.279	86.005	82.718	88.436	225.354	231.845	226.43	402.972	400.51	399.895
01:01:00	28.909	28.537	31.049	85.804	83.999	86.501	225.832	234.363	227.971	403.606	394.646	400.422
01:01:30	28.854	29.452	28.517	86.599	81.858	86.365	227.508	233.083	228.014	408.05	398.002	396.141
01:02:00	29.044	28.604	30.699	85.547	85.666	86.388	225.846	233.077	227.455	409.202	401.023	396.547
01:02:30	30.085	27.567	30.645	85.051	82.433	86.618	228.017	231.242	228.181	403.101	401.763	393.805
01:03:00	29.111	27.89	29.876	86.192	81.904	86.594	226.689	231.07	226.303	402.154	399.397	393.968
01:03:30	30.363	27.635	30.508	86.416	83.688	86.13	224.357	230.187	227.354	398.254	393.627	394.022
01:04:00	30.279	29.159	29.473	84.326	82.559	86.385	226.635	231.633	226.945	402.353	402.19	395.81
01:04:30	29.204	28.863	29.892	86.404	81.237	85.655	224.215	233.674	229.811	401.932	395.459	392.938
01:05:00	29.596	28.139	29.684	86.21	81.331	86.142	227.53	230.145	224.394	408.243	397.037	394.314
01:05:30	28.628	28.82	30.161	83.975	82.815	85.862	227.314	231.552	227.356	399.528	391.592	393.04
01:06:00	29.327	28.179	28.929	85.049	81.054	84.516	228.267	229.968	226.105	407.247	403.894	393.981
01:06:30	29.086	26.788	29.714	86.295	83.171	83.263	221.8	232.235	229.939	400.211	399.855	389.909
01:07:00	29.207	26.837	29.825	84.761	81.537	84.43	223.255	231.639	225.231	402.181	395.992	394.343
01:07:30	28.186	27.936	29.672	82.858	81.351	87.345	223.082	231.902	227.382	402.72	395.41	399.578
01:08:00	30.105	27.342	29.731	85.463	82.035	84.386	224.726	229.155	228.303	398.98	392.881	396.997
01:08:30	28.923	28.025	30.448	84.213	82.454	85.736	230.295	230.91	226.257	409.281	394.336	401.613
01:09:00	29.842	27.445	28.156	85.557	79.762	85.011	225.294	238.175	226.781	404.632	396.187	393.766
01:09:30	29.422	27.423	30.468	87.152	80.502	86.7	226.742	230.335	224.233	402.271	398.512	393.428
01:10:00	27.872	27.9	29.143	85.137	79.679	88.336	226.476	230.48	220.276	398.894	399.22	394.046
01:10:30	29.019	27.891	28.075	86.087	81.98	85.307	228.301	230.063	221.258	400.712	394.492	393.064
01:11:00	28.862	28.41	30.003	83.348	82.456	85.614	223.336	229.144	226.571	403.072	393.128	389.02
01:11:30	30.606	27.551	30.444	84.491	81.06	85.979	224.184	230.856	227.961	401.278	394.875	395.013
01:12:00	28.725	28.083	30.325	83.117	81.37	86.434	224.026	232.864	226.846	402.097	399.153	395.792
01:12:30	27.338	28.644	29.446	85.381	80.505	84.618	227.801	231.499	228.291	405.924	393.11	396.336
01:13:00	28.578	28.755	29.901	83.751	80.077	86.151	227.258	229.161	223.894	407.147	397.005	399.074
01:13:30	29.716	27.38	28.052	84.604	81.619	84.096	226.185	231.415	223.544	399.862	398.775	393.65
01:14:00	27.569	28.223	28.981	82.122	81.329	84.992	219.995	226.141	224.589	400.463	396.867	391.931
01:14:30	27.624	26.979	29.045	81.086	79.807	84.34	226.674	232.435	226.032	401.495	394.846	392.209
01:15:00	28.993	27.747	30.035	82.642	80.09	82.411	223.415	231.85	230.974	397.38	397.717	393.297
01:15:30	28.341	28.461	27.887	85.001	81.644	82.51	226.093	230.942	222.61	399.394	398.75	389.692
01:16:00	27.612	26.584	28.803	81.664	80.374	85.686	224.262	227.343	223.975	396.451	395.332	388.001
01:16:30	28.978	27.824	28.488	80.78	80.635	83.64	225.335	229.319	225.239	399.51	389.666	393.132
01:17:00	29.172	27.454	28.539	80.575	79.89	84.032	226.1	227.531	224.269	397.864	396.357	391.285
01:17:30	28.396	27.959	29.286	80.303	80.232	83.989	224.365	232.785	222.875	398.189	387.45	393.473
01:18:00	29.195	27.588	28.709	81.995	80.425	84.113	226.014	232.733	224.065	402.522	388.727	392.893
01:18:30	29.01	27.07	29.042	81.646	80.174	83.307	222.834	227.417	224.827	400.262	391.983	390.748
01:19:00	27.95	26.728	28.085	81.25	78.928	83.055	224.37	231.176	226.138	396.429	393.531	389.291
01:19:30	29.441	27.337	28.506	79.117	79.277	83.262	221.234	231.642	227.957	400.734	392.053	396.326
01:20:00	28.805	27.428	28.155	79.893	78.539	85.152	222.644	230.987	224.367	402.259	392.621	391.459
01:20:30	28.775	27.447	29.478	80.601	80.164	82.949	221.546	231.846	227.095	399.137	393.711	392.883
01:21:00	28.746	27.749	28.719	80.445	79.589	84.329	224.192	229.711	224.503	401.301	390.483	390.911
01:21:30	29.31	26.946	28.188	79.891	78.565	82.597	223.272	229.08	222.291	398.929	385.843	389.566
01:22:00	27.936	27.624	27.815	80.398	78.081	83.289	225.158	232.167	224.694	399.653	391.684	391.497
01:22:30	28.732	28.222	28.306	81.951	78.422	82.591	224.724	229.636	224.113	400.324	386.512	390.884
01:23:00	28.206	27.025	28.452	80.326	77.153	82.839	225.761	227.144	224.357	398.634	393.551	391.339
01:23:30	27.53	27.138	28.651	79.964	79.859	81.047	224.178	230.809	224.507	396.889	391.893	391.028
01:24:00	27.31	27.657	28.34	79.065	79.639	82.902	223.075	230.4	223.943	398.689	395.925	389.115
01:24:30	28.73	27.108	29.263	78.427	76.163	82.268	222.281	231.042	226.066	404.016	390.83	388.5
01:25:00	27.923	27	28.041	78.364	77.012	81.475	224.479	228.31	225.648	400.837	393.937	393.069
01:25:30	28.693	26.993	27.626	78.599	78.12	83.612	223.009	229.815	222.976	401.835	393.97	391.32
01:26:00	28.992	27.764	28.69	76.599	78.206	82.707	223.332	229.276	226.802	399.284	391.578	394.883
01:26:30	28.937	27.353	28.052	82.355	77.906	81.192	225.796	227.914	227.238	401.359	393.591	391.183
01:27:00	27.437	27.202	27.847	79.396	79.186	81.502	225.485	229.979	225.856	401.193	393.794	394.01
01:27:30	28.441	27.855	27.736	79.237	77.159	80.718	223.357	228.052	225.582	399.473	390.826	386.813
01:28:00	28.293	27.822	29.004	78.525	77.366	80.801	226.928	225.919	225.396	401.219	393.946	388.721
01:28:30	28.62	28.567	27.591	77.882	76.91	83.007	224.995	229.706	225.693	397.454	395.572	393.439
01:29:00	27.324	26.472	29.618	77.389	77.548	81.78	225.079	229.304	223.86	398.574	393.32	386.25
01:29:30	27.762	26.844	29.091	79.091	78.064	81.711	225.061	227.468	222.567	398.384	389.966	392.476
01:30:00	27.898	27.127	28.307	79.747	77.835	81.434	224.303	229.669	222.157	398.663	393.089	390.093
01:30:30	27.607	26.642	28.757	78.649	76.668	79.716	221.511	225.221	224.049	398.857	391.917	387.256
01:31:00	29.418	26.772	28.599	78.267	75.162	79.494	220.886	228.465	227.502	395.633	392.471	386.399
01:31:30	28.074	26.984	28.755	79.551	76.981	81.406	222.168	229.443	222.838	396.67	390.89	392.727
01:32:00	28.409	27.258	28.171	80.945	75.593	80.629	219.527	228.377	222.484	394.013	386.072	389.229
01:32:30	29.374	25.48	28.163	77.65	75.55	81.255	219.631	227.432	223.936	394.974	391.429	390.071
01:33:00	27.351	27.101	27.89	77.383	76.639	80.728	220.723	225.479	223.47	402.273	388.876	392.322
01:33:30	28.005	27.619	28.817	78.306	76.883	81.092	225.127	230.097	223.96	392.684	389.571	389.176
01:34:00	28.428	26.793	28.664	77.502	76.342	82.39	222.096	230.813	224.021	397.338	387.682	389.797
01:34:30	29.296	26.274	28.643	80.126	77.958	81.714	223.592	233.645	225.57	394.177	387.052	394.549
01:35:00	28.531	26.129	27.461	77.521	77.167	80.878	224.344	229.941	221.112	395.042	393.215	388.988
01:35:30	28.758	27.088	28.345	79.301	79.226	81.73	220.593	231.646	222.847	398.663	393.604	392.578
01:36:00	28.813	26.903	28.438	77.847	74.371	79.306	222.005	229.523	220.521	395.728	387.136	384.028
01:36:30	25.94	27.381	27.595	79.229	76.87	80.59	224.743	232.407	222.826	400.065	389.283	392.265
01:37:00	28.311	26.93	27.678	80.615	74.888	82.022	227.113	228.376	224.4	400.903	393.698	390.78
01:37:30	28.35	26.865	27.699	78.396	77.696	80.804	223.044	231.419	227.963	404.383	392.271	386.611
01:38:00	27.639	26.569	27.698	77.556	74.755	82.891	224.464	227.522	223.457	393.055	389.545	386.884
01:38:30	28.634	26.247	28.31	77.871	76.892	79.93	222.83	233.163	223.679	396.111	388.016	385.404
01:39:00	29.023	27.471	27.551	76.093	76.701	80.388	222.507	230.346	223.839	394.275	389.455	389.835
01:39:30	28.558	26.422	27.254	77.265	76.915	80.327	223.159	233.661	225.896	402.446	391.403	384.877
01:40:00	27.753	26.621	28.189	78.198	77.535	79.852	221.398	227.719	224.839	398.313	392.21	390.905
01:40:30	28.611	27.578	27.637	78.778	76.019	79.912	221.645	226.979	226.376	399.911	391.087	383.635
01:41:00	28.187	27.756	27.844	79.383	76.676	81.332	220.576	229.389	221.667	399.872	389.638	386.924
01:41:30	28.149	26.184	29.117	78.065	77.491	80.253	220.505	229.117	223.282	399.766	391.855	389.555
01:42:00	28.474	27.357	27.688	79.088	76.658	80.46	222.918	224.356	225.294	393.92	384.921	389.758
01:42:30	27.998	26.884	28.091	78.28	76.806	81.573	222.951	227.389	221.028	399.917	389.122	384.246
01:43:00	28.646	27.873	28.921	79.695	75.475	80.79	222.895	229.491	228.147	403.827	394.653	387.491
01:43:30	27.783	27.877	27.645	78.097	74.385	79.764	218.77	227.917	221.145	399.657	396.062	384.981
01:44:00	28.389	26.943	27.998	78.118	77.658	79.46	223.276	228.63	225.132	396.061	390.166	385.339
01:44:30	28.433	26.495	28.825	77.633	76.765	79.325	225.08	229.178	224.657	398.492	393.701	389.857
01:45:00	27.065	26.53	28.897	74.863	76.538	79.377	226.757	231.204	224.084	395.572	389.447	391.021
01:45:30	28.109	27.486	28.313	79.196	76.35	79.934	222.586	223.426	225.43	404.183	389.405	391.309
01:46:00	27.066	26.419	29.365	77.102	75.39	81.767	222.817	226.837	225.564	393.783	388.905	387.746
01:46:30	27.992	26.65	28.717	78.192	75.645	81.341	226.131	228.298	221.243	396.998	391.801	388.095
01:47:00	28.072	26.564	28.601	78.666	76.125	76.703	221.058	226.967	224.273	394.351	386.127	388.033
01:47:30	28.23	27.274	27.432	78.918	75.032	80.338	224.148	226.195	225.033	395.019	391.101	392.022
01:48:00	27.527	25.466	28.51	78.993	76.113	78.741	220.399	227.205	223.485	397.421	390.483	388.21
01:48:30	27.752	26.365	28.582	77.614	75.833	78.76	222.117	225.943	223.1	390.655	386.399	377.711
01:49:00	27.456	27.212	29.153	77.819	76.536	79.127	224.001	227.006	225.951	399.327	396.85	392.225
01:49:30	29.007	26.528	28.216	79.082	76.147	79.509	221.392	228.231	224.996	398.566	389.841	387.108
01:50:00	27.535	26.54	26.493	78.366	75.814	79.005	225.193	224.324	222.576	396.679	388.95	385.327
01:50:30	28.381	27.481	28.401	76.202	75.475	78.571	224.32	226.308	228.702	399.997	390.661	389.073
01:51:00	28.323	27.229	27.877	77.47	75.011	81.104	222.043	227.868	226.868	396.353	389.432	391.15
01:51:30	27.772	27.823	29.774	77.341	75.793	80.787	224.854	225.799	223.755	398.097	395.451	386.463
01:52:00	28.251	26.703	28.457	79.113	74.891	80.416	222.488	225.986	220.029	393.071	389.913	382.741
01:52:30	27.969	26.957	28.339	76.785	75.555	80.91	221.898	227.79	227.348	392.958	391.591	392.946
01:53:00	27.29	26.165	26.877	75.732	77.548	78.981	224.244	227.042	218.801	396.83	393.095	390.488
01:53:30	26.365	27.442	29.237	76.993	73.228	79.848	220.113	225.318	223.525	400.197	394.746	389.389
01:54:00	27.204	26.882	26.711	78.696	74.718	78.613	221.559	227.468	220.611	395.415	392.332	387.922
01:54:30	27.716	27.588	29.058	76.357	75.487	80.269	219.279	226.671	219.736	397.302	393.429	387.004
01:55:00	26.651	26.469	28.255	75.035	74.632	77.951	221.65	227.226	220.667	397.836	388.594	390.797
01:55:30	29.413	26.752	27.93	78.111	77.084	78.128	223.918	227.995	219.292	402.902	389.809	389.462
01:56:00	28.801	26.851	27.927	78.126	76.946	80.735	220.546	226.408	225.684	397.203	387.411	389.611
01:56:30	28.589	26.521	28.231	78.159	77.637	80.681	221.782	226.55	221.14	399.393	392.082	383.876
01:57:00	28.165	26.203	28.658	77.702	75.905	79.434	222.789	227.404	220.63	398.132	388.987	387.543
01:57:30	28.498	25.99	29.567	76.708	76.15	78.432	223.238	225.256	224.69	397.818	389.238	389.073
01:58:00	27.678	25.515	27.525	76.487	75.748	79.204	222.123	228.45	223.76	400.063	392.185	383.471
01:58:30	28.157	26.526	27.874	77.817	77.323	77.997	225.307	225.547	225.039	397.356	387.983	391.23
01:59:00	28.256	26.98	27.462	77.003	74.147	77.427	219.485	225.547	223.923	396.41	386.98	378.451
01:59:30	27.323	27.68	28.458	77.591	75.479	79.138	224.889	228.86	223.219	400.372	391.734	386.833
02:00:00	27.29	26.247	26.882	75.776	74.804	77.88	228.224	227.199	223.747	399.119	389.834	390.171