Time	2	5	10	15	20	25	30	35	40	50	60	75
00:00:00	225.09	221.435	221.52	228.761	222.993	218.559	220.262	219.752	216.215	207.138	200.13	211.713
00:00:30	236.74	223.85	222.793	228.813	223.517	220.058	231.634	222.415	236.811	222.395	204.538	214.081
00:01:00	214.474	207.784	207.814	215.766	210.511	205.415	207.251	208.503	207.452	201.458	195.25	201.447
00:01:30	209.386	199.745	196.761	205.456	207.581	201.184	203.445	202.795	196.299	193.032	188.214	194.866
00:02:00	202.641	191.453	190.528	196.217	204.48	194.189	198.409	191.467	190.841	184.469	183.501	188.192
00:02:30	197.642	186.375	188.602	195.393	195.826	192.255	195.2	190.467	182.028	174.186	179.518	179.914
00:03:00	192.023	179.321	185.087	191.272	192.935	190.38	187.206	184.27	181.288	173.882	176.195	177.911
00:03:30	185.88	176.159	178.092	184.167	187.792	185.928	180.676	176.531	175.606	166.498	168.23	168.428
00:04:00	181.094	171.574	173.075	179.845	184.637	174.921	176.047	171.465	169.499	161.975	161.03	163.128
00:04:30	174.789	170.589	168.578	174.527	177.055	172.899	167.628	169.395	163.633	162.23	155.466	158.226
00:05:00	171.988	167.399	166.935	171.783	173.165	168.133	167.013	164.013	162.794	161.987	149.326	156.096
00:05:30	169.759	162.76	163.344	166.372	169.52	161.06	161.945	156.807	160.731	154.295	147.198	155.412
00:06:00	167.147	160.587	156.294	165.237	167.527	156.544	154.815	152.87	152.792	151.46	141.723	151.035
00:06:30	161.853	160.217	158.725	157.004	162.704	151.453	151.605	149.685	147.821	145.242	142.39	149.682
00:07:00	159.387	158.708	154.814	156.403	159.621	148.663	149.183	145.532	143.642	142.08	140.772	139.833
00:07:30	157.702	156.764	150.855	156.678	159.873	148.265	143.624	141.67	140.429	137.822	136.357	139.849
00:08:00	156.3	153.382	152.327	154.051	155.931	143.668	143.18	138.165	138.39	131.818	131.426	137.494
00:08:30	153.024	154.057	150.081	153.701	154.273	141.251	137.744	137.911	136.124	135.474	130.927	133.606
00:09:00	152.474	154.629	149.237	148.57	151.401	138.758	137.707	138.202	132.984	130.052	129.412	129.38
00:09:30	150.859	148.624	144.869	147.401	147.44	138.904	135.271	131.761	129.58	129.093	126.164	125.577
00:10:00	149.885	150.954	145.288	145.206	148.689	134.025	136.044	132.08	129.036	128.902	126.001	123.981
00:10:30	148.039	148.86	141.709	143.909	148.437	136.888	130.282	131.522	127.885	124.242	123.737	121.976
00:11:00	148.217	149.016	144.558	143.013	146.359	133.013	131.347	128.822	125.34	121.702	124.024	121.606
00:11:30	148.092	149.264	143.302	142.888	143.007	133.725	129.372	129.546	123.642	120.932	120.57	120.409
00:12:00	148.589	148.829	143.963	141.392	144.737	132.698	128.732	129.753	124.889	119.047	124.572	118.741
00:12:30	147.302	146.532	142.63	140.299	143.385	128.527	129.945	125.5	122.233	120.061	122.529	116.949
00:13:00	145.986	146.133	142.655	137.428	141.441	128.288	123.799	124.58	122.176	117.679	121.311	114.911
00:13:30	147.125	147.896	138.764	138.352	143.663	128.499	124.186	125.636	120.65	115.916	120.781	115.514
00:14:00	145.372	144.856	139.823	137.624	141.634	124.8	126.225	120.019	120.306	114.962	116.301	113.29
00:14:30	144.758	144.266	138.676	139.119	142.067	125.302	121.294	117.623	115.805	116.519	117.212	112.834
00:15:00	143.326	143.343	138.514	137.108	137.721	124.831	122.453	122.668	117.385	111.645	117.156	108.056
00:15:30	144.739	139.439	135.024	138.691	137.312	123.246	120.388	119.681	115.346	111.968	117.76	110.133
00:16:00	138.797	143.465	141.042	136.172	139.791	123.083	121.789	119.281	114.677	113.814	115.763	107.08
00:16:30	142.934	141.991	137.388	136.598	139.67	121.016	118.622	119.365	114.153	111.604	115.729	107.62
00:17:00	140.041	141.249	137.668	136.366	135.768	119.518	119.583	119.5	114.51	112.454	115.251	108.179
00:17:30	143.667	142.312	137.659	137	138.448	121.849	116.221	118.876	112.668	109.808	115.412	107.026
00:18:00	145.232	141.853	137.798	137.895	135.204	121.104	117.207	118.436	112.722	109.137	113.362	104.967
00:18:30	141.206	139.928	135.797	133.41	133.309	121.902	118.287	118.657	112.693	108.795	114.496	105.143
00:19:00	141.615	142.947	134.445	136.062	132.944	119.12	115.813	117.045	111.318	110.167	113.682	105.734
00:19:30	140.719	141.154	136.066	134.535	136.141	119.873	117.218	116.231	111.211	106.106	113.189	105.079
00:20:00	138.939	140.071	133.721	131.35	134.103	119.311	115.771	114.636	111.126	106.308	112.952	103.622
00:20:30	140	140.418	136.483	134.836	136.373	119.965	116.986	115.992	108.996	106.669	113.954	103.017
00:21:00	140.715	139.474	135.743	131.895	132.508	119.884	117.916	114.016	109.241	106.402	112.524	103.899
00:21:30	141.399	140.049	134.178	132.578	133.118	115.736	114.632	112.892	108.213	106.348	112.854	102.923
00:22:00	138.385	137.224	134.583	131.916	132.952	118.214	115.414	113.407	109.746	105.541	110.289	102.086
00:22:30	138.438	139.173	133.722	132.837	132.934	116.134	113.536	111.777	108.571	105.746	109.076	104.443
00:23:00	136.647	137.21	131.389	128.3	133.915	117.122	114.776	112.461	107.885	106.709	111.488	101.605
00:23:30	139.954	135.28	133.902	129.379	133.771	117.292	114.127	113.763	107.16	104.227	109.752	100.788
00:24:00	138.159	135.969	133.366	127.529	131.679	115.555	113.18	112.324	107.531	103.55	108.51	100.322
00:24:30	136.38	134.038	131.192	128.662	129.109	117.959	112.12	109.485	107.015	102.823	107.738	99.024
00:25:00	137.099	136.897	132.191	130.808	130.314	117.974	112.479	113.419	106.921	102.164	109.785	97.896
00:25:30	132.977	135.152	131.471	131.262	131.968	115.286	108.739	110.719	109.064	101.743	106.019	96.584
00:26:00	136.309	136.74	131	129.822	129.539	111.858	111.88	111.276	106.06	100.994	110.634	98.982
00:26:30	136.94	135.324	133.812	129.38	130.4	115.869	112.64	111.746	108.07	102.347	107.918	99.09
00:27:00	135.755	135.535	130.511	132.225	129.296	114.477	108.974	111.532	108.773	102.268	105.854	96.905
00:27:30	137.067	135.595	130.329	130.447	130.455	113.177	111.367	108.952	107.174	102.702	108.004	100.044
00:28:00	137.672	138.281	132.061	127.27	131.84	115.002	111.75	110.782	107.074	101.897	106.688	97.053
00:28:30	136.905	137.819	130.292	126.141	129.977	116.021	110.731	110.318	105.569	101.835	107.967	98.139
00:29:00	135.84	135.332	130.022	131.697	132.269	111.762	110.789	110.245	106.845	102.467	108.061	96.257
00:29:30	134.601	136.652	131.857	127.778	128.296	111.511	112.468	112.061	104.059	100.262	106.834	96.524
00:30:00	135.463	136.104	130.276	126.353	128.978	114.899	110.319	109.667	104.901	103.062	107.079	96.233
00:30:30	135.341	134.112	129.141	127.683	127.191	114.413	113.289	107.602	103.96	100.316	107.48	96.524
00:31:00	134.483	134.664	131.122	125.748	129.234	113.822	108.722	108.033	103.47	97.931	107.71	96.696
00:31:30	133.473	131.082	128.249	129.68	129.037	112.654	112.106	108.316	103.009	100.647	107.304	94.541
00:32:00	134.794	132.586	126.8	126.267	130.978	112.272	110.261	108.765	103.312	102.823	106.109	96.139
00:32:30	133.65	133.545	127.29	125.83	127.404	110.596	107.275	110.02	105.316	98.112	103.843	92.81
00:33:00	133.609	135.109	129.269	125.373	129.585	114.016	108.384	106.631	103.643	101.171	106.482	96.119
00:33:30	135.844	134.608	129.594	128.458	128.901	113.187	111.053	109.229	104.803	99.763	106.447	96.045
00:34:00	133.748	132.801	130.169	127.871	128.675	112.494	109.776	109.316	101.885	100.096	105.575	95.735
00:34:30	132.328	132.63	126.056	124.445	126.858	113.066	109.449	109.519	104.808	98.82	105.944	93.374
00:35:00	134.105	130.754	127.841	125.754	127.709	113.702	108.944	107.27	103.454	100.945	105.587	94.876
00:35:30	133.463	132.34	128.83	129.079	128.947	111.225	109.338	108.182	102.735	100.461	105.624	94.927
00:36:00	131.579	132.13	127.737	126.264	130.126	109.528	108.477	106.636	103.812	99.235	106.244	93.724
00:36:30	132.569	132.444	128.018	124.152	127.068	109.811	108.52	107.108	101.408	99.819	104.528	92.123
00:37:00	134.247	132.796	126.561	126.98	127.277	109.081	109.288	107.671	102.237	98.165	105.285	92.642
00:37:30	135.773	131.733	126.064	125.602	126.716	114.256	109.185	108.137	103.338	100.011	105.31	92.499
00:38:00	134.998	131.015	127.862	125.207	126.478	110.318	108.416	108.267	103.043	100.465	105.884	93.82
00:38:30	132.563	129.43	130.106	127.141	125.507	110.69	108.282	108.949	102.364	99.731	101.317	94.607
00:39:00	133.087	131.295	127.273	122.5	127.862	111.238	108.756	105.899	103.444	98.091	102.254	92.988
00:39:30	131.697	130.257	126.619	126.741	129.111	110.584	108.454	105.913	103.072	98.964	104.643	95.667
00:40:00	132.604	130.698	126.378	125.115	124.867	111.953	107.947	108.528	102.866	99.883	102.806	92.826
00:40:30	131.082	134.803	131.758	124.94	127.288	110.238	108.486	106.342	103.425	98.784	102.474	92.254
00:41:00	129.71	130.393	128.383	128.543	123.624	113.094	109.454	103.724	100.172	99.207	103.092	93.325
00:41:30	132.088	130.958	125.932	125.063	125.745	111.692	107.536	107.079	100.839	96.514	101.28	91.715
00:42:00	129.865	131.834	128.775	123.668	126.628	110.823	108.89	105.149	100.49	97.214	104.311	91.8
00:42:30	130.165	129.201	128.171	125.9	126.037	110.038	106.37	104.504	102.965	98.37	102.373	90.973
00:43:00	130.742	129.124	126.144	124.512	126.293	109.838	105.636	105.444	100.79	97.173	103.148	91.711
00:43:30	131.67	132.475	127.022	123.663	126.626	108.826	107.405	105.634	101.398	99.126	102.448	93.19
00:44:00	131.051	129.271	128.659	126.147	125.5	112.296	108.78	103.946	101.429	99.632	101.009	89.795
00:44:30	129.66	130.944	127.892	124.227	124.467	111.052	107.788	104.989	102.469	95.209	102.242	91.403
00:45:00	130.724	130.07	125.78	123.417	126.419	108.429	106.826	103.934	102.653	99.784	100.952	92.15
00:45:30	133.686	130.855	126.937	123.241	127.709	110.11	108.306	106.271	100.262	97.514	102.685	92.725
00:46:00	130.355	130.016	127.707	124.114	124.399	109.092	106.276	108.156	101.049	96.477	104.284	91.815
00:46:30	129.656	130.071	125.577	123.768	127.012	110.795	107.19	104.766	100.992	97.346	103.243	92.957
00:47:00	129.594	128.306	125.972	123.207	124.574	107.843	108.528	107.988	101.084	97.368	101.836	91.816
00:47:30	128.594	129.05	126.797	124.575	125.266	108.263	106.533	104.537	100.691	96.426	102.251	91.749
00:48:00	130.653	130.311	122.099	125.189	127.651	109.278	106.804	104.711	100.536	95.855	100.704	92.428
00:48:30	132.766	132.241	127.232	125.361	125.986	109.817	107.439	104.629	102.622	96.612	102.943	90.457
00:49:00	129.171	131.419	127.906	123.857	123.037	109.264	107.463	107.945	99.963	98.659	101.345	92.461
00:49:30	131.446	132.625	126.116	124.642	124.854	109.255	107.759	105.826	99.856	96.038	101.856	93.76
00:50:00	130.318	131.855	126.052	124.168	123.873	108.604	104.008	104.537	100.442	94.426	102.37	90.679
00:50:30	130.184	127.514	125.359	123.48	123.418	107.096	106.292	104.927	99.882	96.895	101.849	91.39
00:51:00	129.95	127.386	126.204	123.617	124.17	106.461	107.693	102.467	98.912	96.424	102.779	90.304
00:51:30	129.35	128.029	125.758	123.654	125.484	106.284	103.843	104.832	102.31	95.332	101.053	89.788
00:52:00	130.586	128.898	123.854	123.071	125.022	107.254	107.216	103.673	101.537	94.551	102.134	92.199
00:52:30	129.237	130.098	125.328	120.302	125.728	108.204	107.84	105.292	99.208	97.117	100.856	89.379
00:53:00	128.691	129.743	128.303	121.947	125.491	108.134	105.736	105.323	100.324	97.038	100.821	91.265
00:53:30	128.318	130.783	124.465	124.91	125.662	107.879	103.647	104.985	99.04	95.261	102.011	89.116
00:54:00	131.507	129.496	126.345	124.068	122.776	106.182	105.802	103.371	98.659	96.941	102.56	88.891
00:54:30	128.804	128.819	125.502	122.861	126.069	107.536	105.265	104.604	98.813	94.991	102.696	90.63
00:55:00	127.885	129.278	124.536	120.473	123.318	108.137	104.974	102.633	101.545	95.274	99.763	89.975
00:55:30	125.628	128.655	121.911	123.62	122.197	106.331	105.236	102.981	95.868	95.115	101.037	90.838
00:56:00	126.955	127.888	124.442	122.074	122.165	108.028	105.095	105.828	100.504	97.432	100.364	90.818
00:56:30	130.96	127.941	125.033	120.443	121.371	108.772	107.185	103.498	99.861	94.981	100.686	90.516
00:57:00	130.432	127.571	123.734	122.555	122.606	107.414	106.501	102.928	98.49	96.885	101.597	88.478
00:57:30	128.145	127.943	124.099	120.733	122.309	105.052	104.638	104.46	97.801	94.925	100.13	91.434
00:58:00	128.857	128.709	123.67	121.622	121.958	106.774	104.341	106.064	99.825	93.939	99.289	88.486
00:58:30	126.795	126.786	123.4	122.978	120.522	105.654	104.221	103.501	97.31	94.684	100.245	88.501
00:59:00	128.854	128.232	126.596	121.6	123.536	106.287	103.687	101.907	97.349	94.484	100.49	93.135
00:59:30	126.268	128.386	124.222	123.23	121.834	108.343	104.823	101.234	97.811	95.883	99.242	89.902
01:00:00	127.68	127.925	125.464	121.329	124.197	106.828	105.312	104.115	99.399	94.6	100.021	89.637
01:00:30	129.07	127.144	124.273	122.211	122.618	105.498	106.165	102.825	100.47	93.628	102.055	90.637
01:01:00	127.799	124.894	124.208	122.965	120.23	105.699	106.306	102.485	98.609	94.664	99.187	89.387
01:01:30	127.449	126.043	122.892	117.912	121.945	106.376	103.678	101.73	97.619	93.262	99.964	88.929
01:02:00	127.579	127.171	123.303	121.613	123.354	105.259	104.501	103.824	97.371	94.225	99.512	91.886
01:02:30	127.642	128.332	124.993	124.548	123.319	110.785	103.98	103.031	99.112	93.002	102.516	87.48
01:03:00	127.99	127.614	123.658	120.427	121.611	106.036	103.8	103.626	97.449	93.989	100.458	87.964
01:03:30	128.229	127.179	122.239	122.046	122.199	107.862	105.885	98.745	98.873	93.348	100.51	88.822
01:04:00	127.017	128.553	124.778	123.847	122.402	106.576	104.397	105.325	98.121	93.474	98.202	89.348
01:04:30	129.255	127.749	122.882	121.537	121.303	107.628	105.403	103.738	98.971	98.353	100.211	89.802
01:05:00	127.154	125.751	123.306	119.122	119.455	105.843	103.901	102.658	97.479	93.443	99.338	89.017
01:05:30	125.986	127.35	122.407	121.171	122.666	105.17	105.26	101.945	97.528	95.923	99.79	88.85
01:06:00	125.677	124.85	122.737	121.479	122.595	106.94	102.426	104.434	97.34	93.985	99.242	88.275
01:06:30	126.515	126.029	124.51	119.644	122.939	107.727	103.958	100.773	97.177	93.136	100.197	89.599
01:07:00	127.678	127.906	121.307	120.116	120.779	108.893	101.632	102.022	97.167	96.107	100.177	88.759
01:07:30	126.114	125.813	124.072	118.686	119.99	105.19	104.243	101.466	96.883	94.536	97.011	86.549
01:08:00	126.73	125.333	125.571	119.152	125.452	108.312	104.866	103.766	96.871	91.858	98.532	88.439
01:08:30	127.978	126.866	123.368	119.176	121.707	105.729	104.749	101.335	97.704	92.771	98.025	89.048
01:09:00	126.233	125.071	121.678	119.063	120.435	103.841	105.252	103.303	100.344	92.461	99.708	86.205
01:09:30	127.058	126.583	123.28	121.993	122.45	106.66	104.472	103.258	97.095	95.294	99.432	91.356
01:10:00	126.727	124.52	123.368	121.367	120.993	105.278	104.384	100.948	98.107	92.884	98.209	86.347
01:10:30	125.038	124.875	124.827	121.338	118.616	104.575	103.338	101.704	97.407	92.475	100.146	88.694
01:11:00	127.643	123.87	122.55	121.378	121.432	108.475	101.916	100.576	98.124	94.162	99.321	89.899
01:11:30	127.469	124.521	123.22	120.857	122.688	105.652	104.359	102.419	96.324	94.539	96.955	89.229
01:12:00	125.579	123.092	122.945	120.703	119.589	106.165	102.035	101.423	97.414	91.841	97.932	88.624
01:12:30	124.358	124.679	120.638	119.057	123.834	105.382	101.198	99.707	94.927	95.316	96.685	85.804
01:13:00	126.8	125.537	121.256	117.13	121.282	105.08	103.967	98.851	96.614	94.366	97.4	86.628
01:13:30	128.351	127.304	121.654	117.895	122.225	106.74	104.87	104.402	95.975	93.022	96.812	87.999
01:14:00	125.277	123.358	121.212	121.442	121.353	104.523	103.96	102.884	96.758	92.968	97.973	90.254
01:14:30	125.888	126.259	120.718	121.298	124.236	106.751	103.684	101.401	97.001	92.583	97.357	90.141
01:15:00	125.883	125.287	122.203	119.731	119.654	106.919	103.821	101.28	94.949	92.047	97.248	86.536
01:15:30	127.055	123.307	120.538	120.267	122.405	103.757	103.874	103.837	97.615	94.543	98.684	88.035
01:16:00	127.584	122.026	120.832	119.41	121.847	105.305	101.692	102.339	97.027	92.604	99.313	85.804
01:16:30	125.071	124.628	123.033	118.754	119.771	104.095	102.354	100.985	96.896	92.756	96.858	88.672
01:17:00	124.554	126.888	121.128	120.177	119.656	106.052	101.552	101.965	95.741	93.67	96.537	88.582
01:17:30	126.366	125.775	122.119	117.091	121.571	106.818	101.174	101.046	95.154	93.591	97.096	88.413
01:18:00	125.488	124.115	120.773	118.1	121.302	108.307	103.363	103.066	94.9	92.23	96.204	87.712
01:18:30	126.469	124.634	121.169	119.809	120.168	106.08	101.296	102.012	97.419	94.889	98.781	86.34
01:19:00	126.779	122.87	120.44	121.005	120.091	105.098	103.784	101.207	97.943	91.409	97.248	85.677
01:19:30	125.627	125.072	119.911	117.898	120.446	103.867	100.64	99.945	95.843	93.019	95.172	85.202
01:20:00	127.044	124.315	122.376	118.897	119.92	108.445	102.553	99.218	97.461	93.311	95.655	88.401
01:20:30	124.472	125.335	122.093	119.613	119.775	106.676	100.977	103.218	97.361	92.397	97.896	89.099
01:21:00	126.231	122.663	118.568	120.154	121.175	105.046	102.989	99.432	96.89	91.224	97.864	86.753
01:21:30	123.167	123.063	121.12	118.808	119.217	102.797	101.264	98.483	94.33	91.81	95.835	88.076
01:22:00	127.116	124.415	121.028	120.637	119.548	103.379	102.857	101.977	98.182	92.236	98.632	85.49
01:22:30	125.873	121.764	120.445	120.369	121.856	103.592	101.35	100.953	97.823	92.03	96.511	85.891
01:23:00	126.538	123.045	121.118	119.188	122.212	103.642	101.471	103.383	96.005	90.58	101.043	86.092
01:23:30	125.432	123.99	118.86	115.957	118.102	106.623	101.209	101.598	96.525	92.773	97.833	87.046
01:24:00	123.88	120.025	120.543	116.73	117.701	105.539	100.911	100.125	95.652	92.044	94.834	84.74
01:24:30	125.261	125.435	123.689	118.079	119.579	105.037	102.719	101.699	95.889	94.089	98.683	88.606
01:25:00	126.005	124.409	122.245	117.427	119.567	101.238	101.764	102.893	97.638	92.455	96.938	86.226
01:25:30	124.158	122.398	122.702	117.896	117.524	104.086	102.147	99.656	96.183	91.329	98.737	87.325
01:26:00	126.201	124.102	121.223	120.177	120.799	103.547	101.86	100.167	93.834	91.99	97.343	87.047
01:26:30	125.07	122.901	120.681	118.753	119.419	102.952	103.902	100.886	95.123	90.482	95.353	86.205
01:27:00	124.61	121.635	119.918	119.605	118.318	103.682	101.23	101.293	96.526	91.699	97.473	87.498
01:27:30	120.872	122.91	120.034	116.54	119.59	104.372	101.911	98.193	93.532	90.818	96.954	86.185
01:28:00	125.334	125.207	123.021	117.259	120.419	105.136	102.616	101.483	94.868	92.756	96.003	84.821
01:28:30	122.308	122.171	122.278	119.339	118.367	102.554	102.155	97.869	94.598	91.34	95.544	85.286
01:29:00	123.54	122.767	119.845	114.125	118.97	102.939	102.401	99.874	95.895	91.051	96.596	88.102
01:29:30	126.187	124.57	120.062	119.593	119.097	103.943	101.538	100.432	98.915	91.255	97.035	87.388
01:30:00	126.615	123.875	120.076	119.727	118.905	103.5	100.304	101.047	95.916	92.489	97.046	85.508
01:30:30	122.405	122.378	120.494	117.338	120.203	103.445	101.576	100.523	95.208	92.095	98.688	86.867
01:31:00	122.288	121.885	120.612	118.925	121.045	105.194	102.005	99.85	94.469	91.348	95.141	86.58
01:31:30	125.423	122.007	117.396	120.589	118.205	106.103	101.44	99.753	95.239	91.683	97.227	87.348
01:32:00	125.392	121.795	119.21	119.11	119.059	104.082	100.582	100.299	97.247	92.829	96.929	86.966
01:32:30	126.49	120.799	121.498	116.602	117.202	102.431	101.044	99.626	95.085	92.032	96.256	85.895
01:33:00	125.007	121.713	117.87	117.573	118.529	105.639	102.242	99.215	96.247	91.706	98.623	87.064
01:33:30	124.718	123.486	123.012	115.884	118.199	102.573	102.236	99.885	97.953	90.793	95.422	86.991
01:34:00	124.62	125.081	119.843	118.418	120.192	104.513	101.661	100.344	96.813	91.824	97.804	87.553
01:34:30	122.254	122.627	118.92	116.665	117.962	102.163	100.49	99.555	94.142	91.692	97.377	86.384
01:35:00	126.093	119.487	116.736	118.033	120.769	105.462	100.489	98.885	95.348	93.963	95.506	88.672
01:35:30	125.793	122.606	118.286	117.785	121.27	104.992	101.129	98.81	93.066	92.875	95.955	84.906
01:36:00	123.329	120.823	119.067	117.583	119.551	104.388	99.522	98.487	95.735	88.329	96.676	85.673
01:36:30	124.102	122.291	119.831	117.412	119.383	105.097	100.988	101.41	96.066	91.417	97.473	86.78
01:37:00	122.662	122.432	120.445	117.446	119.573	104.773	102.027	98.82	95.974	92.7	96.582	86.974
01:37:30	123.576	121.553	120.223	117.512	118.586	104.571	102.311	99.428	93.666	90.629	96.702	87.477
01:38:00	124.381	123.012	119.683	118.728	120.375	103.112	101.472	99.929	97.509	91.777	95.806	85.617
01:38:30	124.409	119.06	120.06	120.311	118.938	104.239	100.928	100.403	97.001	93.227	98.6	86.258
01:39:00	126.58	124.24	119.759	116.322	118.414	104.183	101.098	100.734	95.914	89.831	95.376	86.389
01:39:30	121.377	119.05	118.265	117.778	119.083	102.203	99.172	98.404	95.552	88.23	95.804	84.158
01:40:00	123.359	121.059	119.012	120.003	116.925	104.55	101.944	100.473	96.045	90.724	95.672	87.068
01:40:30	123.257	121.384	122.21	115.34	117.478	103.153	100.896	99.514	94.896	89.29	94.162	85.574
01:41:00	124.187	121.854	116.203	117.878	113.685	101.376	101.491	96.184	93.538	89.668	95.968	85.982
01:41:30	123.113	122.515	119.822	116.933	119.071	104.611	102.693	99.149	96.419	89.818	96.043	86.871
01:42:00	123.827	120.774	121.15	116.183	116.886	102.034	100.84	101.311	94.941	91.814	95.609	85.574
01:42:30	123.264	120.92	119.959	116.145	116.912	101.943	99.926	99.771	93.077	90.15	96.209	85.475
01:43:00	122.585	122.41	120.096	118.763	116.577	101.768	98.113	100.383	95.88	89.258	95.907	87.697
01:43:30	120.673	118.58	117.59	116.633	119.293	103.279	100.878	100.506	93.622	89.207	94.324	87.427
01:44:00	122.87	119.94	120.045	116.073	118.653	102.025	100.781	99.858	94.697	90.693	94.107	87.379
01:44:30	124.407	121.717	120.604	115.414	117.605	102.953	100.11	99.41	94.064	90.969	95.254	86.804
01:45:00	122.002	123.176	118.789	119.779	117.451	103.21	101.947	100.275	94.792	90.596	95.848	87.561
01:45:30	122.952	121.738	117.071	119.283	119.119	103.368	99.527	98.744	93.972	89.833	93.861	85.843
01:46:00	121.975	120.728	120.075	117.666	118.355	102.227	97.042	98.647	93.137	89.431	93.886	87.655
01:46:30	122.141	121.493	117.37	118.915	117.695	103.022	99.018	98.596	94.095	89.725	94.899	86.281
01:47:00	124.15	122.287	120.07	114.974	118.249	102.492	101.521	99.111	95.006	89.479	95.003	85.916
01:47:30	121.769	117.166	115.665	115.973	116.403	102.479	99.523	98.95	93.43	88.886	96.348	86.384
01:48:00	122.587	120.585	119.332	118.148	119.813	101.597	100.801	100.634	91.687	90.517	93.355	86.477
01:48:30	122.442	121.792	117.953	115.156	115.179	100.108	102.095	99.578	96.177	90.049	94.643	85.98
01:49:00	126.306	120.728	115.016	116.511	113.99	100.859	100.51	100.512	96.074	90.382	95.56	85.852
01:49:30	124.386	119.202	117.195	116.986	117.796	104.374	100.471	97.307	95.288	89.091	95.542	86.034
01:50:00	120.934	119.687	116.568	117.108	116.605	103.216	99.92	99.066	92.506	88.12	93.109	84.559
01:50:30	122.82	119.722	119.559	116.124	115.401	101.362	101.329	99.205	94.42	92.127	95.247	86.453
01:51:00	123.347	120.88	117.793	115.614	119.445	101.085	96.921	98.126	92.113	90.974	94.012	87.178
01:51:30	121.286	121.106	116.615	115.593	114.368	102.008	97.535	97.835	93.758	89.501	94.362	83.818
01:52:00	123.852	121.199	118.925	116.241	120.618	104.817	100.532	99.105	95.163	88.744	96.526	85.146
01:52:30	122.005	121.104	115.384	115.908	116.299	102.495	97.803	97.638	94.526	89.808	94.732	86.484
01:53:00	120.918	118.222	115.057	114.935	117.778	101.45	100.398	97.923	93.812	91.823	95.033	84.975
01:53:30	119.479	120.513	118.733	115.52	116.662	103.627	99.064	98.946	94.127	90.082	95.805	84.267
01:54:00	121.465	118.684	118.568	114.374	115.596	101.845	100.226	99.517	93.59	88.478	95.107	83.617
01:54:30	124.764	119.183	117.933	114.395	117.27	102.35	100.533	98.137	94.508	88.763	95.201	83.563
01:55:00	122.368	117.906	118.78	115.434	116.405	100.474	101.175	98.017	94.017	87.597	94.939	85.319
01:55:30	120.283	121.804	117.75	115.807	118.688	103.829	99.866	97.714	93.968	89.686	98.318	86.087
01:56:00	124.55	120.95	116.436	115.558	114.225	100.998	98.101	98.975	92.176	89.758	94.87	84.297
01:56:30	123.54	121.264	119.512	116.556	117.826	101.957	98.965	97.406	93.643	88.601	95.563	83.792
01:57:00	118.532	118.364	118.641	114.811	116.806	104.056	99.321	97.982	94.485	91.147	92.636	83.997
01:57:30	122.658	118.895	115.829	115.853	115.924	101.036	99.683	98.919	94.569	88.905	94.799	84.874
01:58:00	123.616	122.105	118.018	113.858	114.863	100.824	102.134	98.827	95.52	89.465	94.996	86.054
01:58:30	123.507	118.491	118.458	115.965	117.021	101.351	100.905	97.906	95.279	90.741	94.73	83.197
01:59:00	122.173	118.816	115.484	115.194	114.216	101.662	101.333	99.363	94.009	88.242	93.275	84.224
01:59:30	122.885	116.595	118.335	116.372	115.332	101.648	98.323	97.252	94.368	89.828	95.051	86.093
02:00:00	124.187	119.245	114.228	114.141	118.627	101.69	99.927	97.874	93.259	89.186	94.903	85.103
02:00:30	119.726	117.756	115.976	116.621	116.513	101.675	101.432	98.086	93.177	89.559	92.48	84.709
02:01:00	123.093	117.252	116.017	114.596	115.522	100.78	98.758	97.711	95.129	87.94	95.472	84.367
02:01:30	120.605	119.145	117.778	115.008	116.125	101.696	100.358	98.715	93.361	87.359	95.199	84.171
02:02:00	120.978	118.417	117.314	115.9	116.367	103.306	98.295	98.912	93.529	89.816	92.189	84.247
02:02:30	118.797	118.68	116.952	114.342	117.212	101.073	98.895	97.452	92.071	87.814	96.277	85.049
02:03:00	121.508	117.469	116.503	115.49	113.349	101.295	97.787	99.88	91.54	90.316	93.894	84.166
02:03:30	121.546	120.492	116.754	116.302	116.88	101.367	99.399	98.536	94.243	89.58	95.038	85.007
02:04:00	121.325	120.322	116.208	115.916	115.563	101.202	100.948	97.641	92.216	89.906	96.647	84.393
02:04:30	121.077	118.737	116.968	112.433	113.797	101.754	99.182	99.437	92.766	88.969	95.405	83.808
02:05:00	120.697	117.603	115.666	116.671	116.446	102.391	98.434	97.665	92.027	90.351	93.779	84.678
02:05:30	120.22	116.009	115.567	114.636	114.807	101.213	97.636	97.708	93.728	89.07	94.29	85.54
02:06:00	120.133	117.784	115.554	115.415	115.489	103.913	98.955	96.954	92.371	90.564	95.243	83.285
02:06:30	119.095	117.346	114.745	116.08	116.063	101.336	99.297	96.361	94.792	88.405	93.978	84.427
02:07:00	119.532	118.831	117.393	113.864	114.455	100.564	99.582	100.364	92.466	87.999	94.686	86.689
02:07:30	121.656	118.708	119.482	115.005	115.188	100.849	99.693	98.524	93.4	89.481	94.31	84.241
02:08:00	119.842	119.447	115.531	114.663	118.215	101.288	100.239	98.358	93.633	88.52	94.442	85.554
02:08:30	120.269	116.545	116.964	112.488	115.073	99.385	99.825	96.913	92.329	89.217	93.793	84.014
02:09:00	120.541	118.702	114.529	112.133	117.047	100.659	100.482	95.205	94.817	86.55	92.639	84.509
02:09:30	120.222	115.157	113.801	114.915	116.833	101.993	99.555	97.52	93.295	87.614	93.793	82.555
02:10:00	119.514	118.393	115.133	112.893	115.572	99.733	100.695	99.101	92.616	89.057	95.009	83.515
02:10:30	120.174	119.902	116.623	117.427	116.133	100.072	97.257	98.911	91.307	91.68	96.875	85.489
02:11:00	118.55	117.55	116.916	115.565	117.816	102.119	100.002	97.63	92.978	89.487	93.646	84.264
02:11:30	118.147	115.79	114.34	115.156	114.689	100.52	97.908	97.559	95.24	86.646	93.304	85.806
02:12:00	119.617	117.668	116.511	116.674	114.969	100.365	97.524	97.989	92.144	89.244	93.985	85.235
02:12:30	119.026	118.325	115.233	113.849	116.464	99.329	98.589	95.289	91.529	90.156	94.851	81.919
02:13:00	122.197	116.957	116.733	116.225	115.141	99.818	99.964	95.849	92.366	87.608	93.033	82.051
02:13:30	118.105	116.497	115.336	115.205	116.652	101.68	98.991	97.068	92.259	87.201	93.068	84.459
02:14:00	119.58	116.977	116.977	116.28	115.96	100.635	99.155	96.692	93.345	88.896	94.567	85.242
02:14:30	120.715	117.334	114.494	113.285	116.161	99.322	98.004	99.012	93.469	90.217	94.5	83.831
02:15:00	117.762	117.827	116.401	113.592	116.296	102.489	98.611	98.649	93.179	89.192	92.255	83.479
02:15:30	117.659	117.254	117.568	112.793	116.821	101.444	100.776	97.416	93.973	85.939	93.153	84.415
02:16:00	121.317	116.787	115.042	114.566	114.995	99.823	99.145	98.043	92.856	88.796	91.8	83.495
02:16:30	118.48	116.071	117.533	111.054	115.331	101.767	99.086	96.131	92.247	89.254	90.75	85.318
02:17:00	120.101	118.125	116.196	113.771	116.332	100.964	97.904	94.359	93.542	89.943	93.422	81.914
02:17:30	121.281	120.776	115.879	112.232	114.877	100.402	98.673	96.719	93.251	87.031	94.623	85.497
02:18:00	117.518	118.041	115.199	113.841	114.49	101.074	99.195	97.199	93.769	87.212	94.518	83.257
02:18:30	118.692	114.06	115.239	112.869	114.497	101.012	100.343	97.481	92.458	87.706	91.714	84.11
02:19:00	117.54	118.074	115.483	112.244	114.08	101.554	98.018	97.225	92.484	88.398	92.975	82.372
02:19:30	118.933	117.673	113.232	114.878	114.072	99.97	98.08	96.926	92.978	87.308	92.141	83.074
02:20:00	121.575	116.825	117.313	113.646	116.603	101.005	98.862	98.433	95.384	88.093	94.128	83.381
02:20:30	120.421	117.506	117.031	113.23	113.785	101.645	99.554	95.938	92.397	88.636	93.7	83.966
02:21:00	119.9	116.207	115.917	114.919	115.693	101.183	100.799	96.613	93.66	86.767	93.325	84.342
02:21:30	118.378	116.412	114.795	112.158	113.222	101.271	97.422	93.507	91.404	86.087	93.013	82.086
02:22:00	118.091	118.198	115.127	112.405	114.846	100.369	99.041	97.869	90.747	87.717	94.295	85.376
02:22:30	117.58	117.396	114.63	112.937	112.327	101.388	98.496	96.557	92.897	88.65	91.942	83.339
02:23:00	120.867	117.804	115.701	112.498	113.201	102.729	99.491	97.722	93.366	89.534	93.631	84.15
02:23:30	119.304	114.95	116.558	113.523	113.961	99.422	97.705	95.417	89.034	86.702	92.649	83.948
02:24:00	119.467	118.45	116.292	112.653	114.309	102.024	99.69	99.017	92.628	88.371	94.438	83.291
02:24:30	118.88	114.871	114.719	113.62	114.336	99.972	96.784	98.387	92.404	85.792	93.897	83.623
02:25:00	117.482	116.563	112.734	114.758	112.17	101.561	96.773	96.615	92.794	87.603	90.848	83.397
02:25:30	119.996	116.637	115.205	115.25	118.415	100.024	97.544	98.06	92.984	86.696	92.194	83.624
02:26:00	120.411	113.795	115.917	115.891	113.159	98.446	98.848	95.631	93.15	87.771	91.84	84.296
02:26:30	118.05	117.21	116.171	113.53	116.064	100.857	96.698	98.764	93.965	86.777	92.33	83.408
02:27:00	119.067	115.332	116.637	113.964	111.381	98.94	95.658	95.495	94.167	87.293	91.838	84.605
02:27:30	114.543	117.088	114.817	112.5	113.007	100.145	96.77	95.916	92.16	88.366	94.54	80.697
02:28:00	119.184	116.661	116.654	113.121	113.228	100.829	97.762	95.239	92.206	88.311	93.859	83.464
02:28:30	118.486	116.626	114.74	113.168	113.703	100.721	95.934	94.578	91.251	87.474	94.534	83.777
02:29:00	117.684	116.545	114.686	111.736	114.871	100.83	97.086	95.881	91.459	87.138	94.356	84.205
02:29:30	117.762	116.15	115.346	114.246	115.616	99.984	96.361	96.525	93.201	88.376	94.404	81.888
02:30:00	118.767	117.96	115.401	109.971	113.573	101.105	97.484	98.001	92.976	88.922	92.359	82.014
02:30:30	119.416	117.489	117.207	111.16	112.707	99.601	98.09	95.974	92.48	87.445	88.992	82.765
02:31:00	119.391	118.111	114.237	114.248	114.889	99.082	96.969	96.413	93.091	86.208	92.768	81.005
02:31:30	119.065	116.124	117.102	114.095	116.141	99.929	96.683	97.494	92.677	86.563	92.51	84.678
02:32:00	117.394	115.293	113.407	113.965	112.808	100.113	97.603	97.077	91.811	88.243	92.56	82.223
02:32:30	118.346	117.673	116.014	116.274	115.254	102.196	97.941	95.5	90.876	86.241	92.794	82.825
02:33:00	117.471	116.05	115.077	111.243	114.229	100.991	97.549	95.348	92.372	85.631	93.612	82.288
02:33:30	115.809	116.942	112.543	114.271	112.29	98.21	95.518	95.639	91.731	85.943	90.058	80.168
02:34:00	117.677	113.699	113.255	110.991	111.492	101.615	95.802	95.974	91.637	86.545	92.512	83.735
02:34:30	116.881	117.276	114.19	112.085	111.723	100.672	97.223	93.938	91.647	86.566	91.876	82.423
02:35:00	119.607	115.994	113.729	111.065	112.739	101.881	97.457	95.856	90.992	86.844	93.76	80.795
02:35:30	116.702	112.233	113.335	112.145	114.126	100.905	97.527	97.381	91.106	86.201	92.82	82.1
02:36:00	116.999	115.866	116.071	112.146	112.657	99.924	97.056	94.42	93.536	85.297	93.697	81.751
02:36:30	116.947	114.233	112.074	112.898	112.68	98.611	95.02	96.398	92.173	86.371	92.196	84.096
02:37:00	119.857	116.95	114.303	114.564	112.801	100.346	96.761	98.232	92.241	87.816	93.962	82.457
02:37:30	117.632	114.923	115.082	113.351	113.853	99.328	95.543	93.165	90.604	87.992	93.711	80.836
02:38:00	120.455	115.162	114.333	110.465	113.487	100.402	98.874	96.264	91.5	86.811	92.342	82.68
02:38:30	114.987	116.367	113.895	111.682	113.86	99.959	99.595	95.101	92.372	86.106	90.923	80.964
02:39:00	117.365	114.469	111.531	113.885	112.135	100.955	96.704	97.371	90.823	85.984	91.824	83.466
02:39:30	116.654	116.44	112.396	110.554	112.356	100.795	98.066	94.785	91.463	86.813	91.532	82.234
02:40:00	116.511	116.453	115.175	111.174	113.756	99.545	97.442	96.749	92.51	86.764	92.649	83.614
02:40:30	117.888	114.266	114.369	114.139	112.526	98.747	98.156	94.607	91.985	85.824	93.053	81.649
02:41:00	117.052	113.674	112.08	111.888	112.295	98.983	97.65	93.645	91.304	83.99	91.265	81.615
02:41:30	118.462	113.501	113.788	112.089	114.443	100.098	98.836	98.244	88.55	86.371	92.388	82.545
02:42:00	114.567	115.78	113.688	112.636	112.552	97.313	96.464	98.091	90.923	85.649	92.077	81.428
02:42:30	118.405	114.216	113.954	111.301	112.395	98.452	95.679	96.184	93.896	86.268	92.622	80.08
02:43:00	117.191	114.173	113.453	112.553	113.242	97.928	94.758	94.169	91.386	84.72	90.996	82.078
02:43:30	117.642	113.765	112.998	110.849	114.736	100.094	96.703	96.25	89.96	86.053	90.944	82.373
02:44:00	116.963	113.389	111.511	111.065	111.732	98.88	94.787	96.24	90.998	86.503	91.498	82.466
02:44:30	116.278	114.775	112.025	111.648	115.07	102.279	97.063	95.554	90.572	86.718	92.556	81.383
02:45:00	116.203	114.597	110.985	109.164	111.394	97.579	95.937	95.58	91.444	88.428	90.085	81.059
02:45:30	115.7	111.413	112.301	110.927	114.697	100.635	96.537	94.315	91.647	86.537	91.376	82.474
02:46:00	114.17	116.086	113.568	109.425	112.417	101.288	97.525	95.112	91.663	85.321	92.666	80.677
02:46:30	117.418	114.945	111.614	111.742	109.02	100.636	97.376	94.062	92.618	86.764	92.348	81.038
02:47:00	116.725	115.869	114.046	114.679	112.641	97.974	95.302	94.831	91.061	84.462	92.23	82.289
02:47:30	116.942	117.013	113.559	112.775	113.891	99.139	97.748	98.073	90.398	84.224	93.653	82.911
02:48:00	116.058	114.19	114.818	110.453	112.472	98.617	97.628	98.322	90.69	85.507	92.225	81.463
02:48:30	115.503	114.548	115.138	112.139	112.354	99.771	96.741	94.954	89.835	86.657	91.81	84.302
02:49:00	116.5	115.426	113.955	110.794	111.412	99.267	98.456	97.272	90.923	84.746	91.454	82.838
02:49:30	116.561	114.733	110.69	111.659	109.909	96.75	95.768	93.97	91.912	85.831	94.406	82.016
02:50:00	115.527	113.952	112.036	110.272	112.953	99.529	99.004	95.991	91.088	85.066	91.524	82.517
02:50:30	115.437	111.794	110.683	108.053	111.742	97.948	96.67	95.236	88.743	86.002	91.7	81.649
02:51:00	117.818	113.817	113.896	112.102	113.111	98.872	96.971	96.365	91.833	84.827	91.515	80.753
02:51:30	113.352	113.517	113.393	109.136	111.955	96.978	96.602	93.548	90.516	86.695	90.767	80.475
02:52:00	117.289	114.924	113.38	111.362	112.524	97.6	97.836	95.298	91.014	85.99	91.61	81.688
02:52:30	115.396	111.111	111.579	111.545	113.187	97.553	94.147	93.608	91.24	84.617	90.566	82.748
02:53:00	117.074	113.874	113.103	111.935	109.808	98.756	99.337	97.087	91.95	85.965	90.995	81.969
02:53:30	114.877	114.81	113.793	110.153	112.523	97.007	98.547	95.789	92.191	85.292	92.126	83.755
02:54:00	116.635	116.247	112.693	110.201	113.671	96.477	95.193	97.137	91.947	85.233	89.603	80.638
02:54:30	115.748	113.099	112.691	108.209	112.409	97.604	97.114	93.989	89.425	84.518	91.014	80.404
02:55:00	116.825	112.305	111.559	112.594	112.544	99.613	95.341	95.098	90.442	86.848	89.556	81.178
02:55:30	116.065	111.216	114.073	109.189	111.247	99.782	97.293	94.711	92.293	84.721	92.342	84.202
02:56:00	115.387	114.409	111.266	110.457	113.347	97.116	95.804	94.45	90.017	86.503	90.234	80.599
02:56:30	115.653	112.495	112.647	111.838	112.954	97.265	96.051	94.821	89.916	86.786	89.424	81.856
02:57:00	113.577	113.98	113.539	111.619	112.594	99.368	95.999	93.499	92.648	85.391	91.489	80.529
02:57:30	117.044	116.229	112.748	110.062	114.081	98.169	96.581	96.834	90.38	86.383	91.394	83.49
02:58:00	114.265	111.217	113.581	111.704	111.054	100.971	96.785	95.077	90.448	84.587	91.808	80.123
02:58:30	117.269	114.211	113.732	111.981	110.225	97.566	94.28	94.045	92.355	85.497	91.27	80.69
02:59:00	116.185	114.223	110.706	109.167	112.026	98.773	95.971	94.476	88.726	84.256	91.867	81.013
02:59:30	116.821	116.297	110.206	107.437	111.227	97.824	95.932	95.276	90.597	86.266	91.241	81.776
03:00:00	114.668	111.274	112.891	111.133	111.436	96.494	96.967	96.038	91.598	86.99	91.029	80.535
03:00:30	115.556	113.745	113.525	112.167	110.739	99.012	99.15	96.777	91.069	88.244	89.641	82.5
03:01:00	115.736	111.092	110.879	109.165	110.734	98.213	95.885	93.875	88.996	87.31	88.399	79.454
03:01:30	114.76	110.774	110.963	111.839	112.84	99.049	95.142	94.458	90.928	87.348	92.924	81.65
03:02:00	114.635	114.024	110.604	109.584	110.726	97.524	96.308	94.083	88.932	86.672	91.282	79.94
03:02:30	114.974	112.287	111.202	108.979	111.903	98.022	95.722	91.908	90.88	83.805	90.431	80.393
03:03:00	114.173	114.028	112.171	109.199	110.972	96.927	95.056	95.464	89.95	84.59	90.531	80.429
03:03:30	114.83	113.337	112.204	111.709	113.57	96.281	95.216	94.127	91.669	84.489	90.243	82.769
03:04:00	112.879	114.413	113.944	110.356	110.82	97.441	97.357	94.936	90.294	85.628	92.109	80.221
03:04:30	113.697	112.34	110.46	108.827	109.833	96.882	95.743	96.221	91.659	85.994	89.033	81.714
03:05:00	115.418	113.651	110.67	110.922	112.612	99.601	95.642	93.959	89.244	87.218	90.95	81.527
03:05:30	113.598	111.946	110.899	110.046	113.534	96.829	96.331	95.764	89.701	86.682	90.814	79.975
03:06:00	113.862	111.2	113.905	109.039	110.933	96.88	96.132	94.956	91.108	86.36	90.05	79.184
03:06:30	114.265	110.605	111.824	111.53	112.789	96.822	93.953	96.067	89.513	86.058	90.281	82.093
03:07:00	115.475	113.258	111.121	110.797	108.514	96.014	93.793	94.797	92.139	86.539	90.146	80.547
03:07:30	112.741	112.137	110.022	110.029	114.404	97.264	97.232	95.901	89.715	85.684	88.132	79.709
03:08:00	113.909	112.279	112.526	108.725	112.96	100.183	97.858	95.723	87.795	83.547	89.71	81.459
03:08:30	113.315	113.943	110.932	107.154	110.393	99.514	95.224	94.856	91.27	84.303	89.327	83.243
03:09:00	115.741	110.109	112.347	107.552	111.771	97.259	96.798	93.613	89.159	84.174	89.442	84.255
03:09:30	113.531	114.433	110.674	109.754	109.779	95.861	93.757	95.422	89.096	86.333	91.179	79.468
03:10:00	114.577	110.912	110.07	108.791	112.322	98.611	94.96	93.976	89.892	84.636	90.275	77.742
03:10:30	114.188	113.398	111.031	110.095	114.465	96.582	93.845	91.985	90.546	83.47	89.831	78.451
03:11:00	113.494	111.649	111.553	111.316	111.845	97.888	93.906	93.183	88.362	86.062	89.146	80.329
03:11:30	112.895	113.169	107.505	107.078	110.842	97.289	95.076	91.482	88.759	84.882	89.13	81.376
03:12:00	114.042	111.679	109.034	105.781	112.068	95.563	94.692	93.783	90.747	85.795	88.725	78.442
03:12:30	116.739	108.8	110.053	110.328	111.474	96.925	94.755	94.725	90.372	84.035	88.787	79.96
03:13:00	114.771	109.784	109.99	107.35	110.389	97.415	93.422	94.136	91.974	84.224	89.339	78.211
03:13:30	113.534	112.295	111.503	109.209	111.634	100.245	96.734	94.367	90.116	86.587	90.913	80.777
03:14:00	116.979	110.62	111.336	107.643	109.494	99.207	95.414	93.061	88.369	86.985	91.964	80.22
03:14:30	111.567	110.522	111.112	110.417	110.559	97.128	94.007	93.769	92.075	85.579	92.42	81.732
03:15:00	114.562	113.765	111.222	110.938	112.369	96.885	96.044	91.897	87.935	88.062	91.981	81.284
03:15:30	115.328	109.91	110.933	110.236	112.496	96.988	97.748	94.235	87.531	83.721	89.684	80.286
03:16:00	113.824	111.798	110.791	107.877	108.502	96.972	94.262	92.99	91.278	86.428	87.433	79.194
03:16:30	112.422	111.819	107.979	111.59	111.313	97.642	94.76	91.853	89.914	84.098	90.974	80.662
03:17:00	115.313	112.902	109.409	109.813	109.689	98.367	95.161	96.774	88.717	85.221	91.842	79.001
03:17:30	111.8	112.058	111.409	108.709	109.63	97.266	95.679	92.265	89.723	82.812	89.019	81.882
03:18:00	113.049	111.104	109.036	108.526	111.221	96.405	96.612	92.497	87.288	85.556	90.388	79.136
03:18:30	114.435	111.6	111.435	106.296	110.931	97.723	94.791	95.222	90.22	86.101	92.833	80.239
03:19:00	114.514	111.714	110.462	109.402	110.335	98.647	95.044	95.624	91.34	84.438	90.678	78.985
03:19:30	112.44	110.457	108.322	109.355	111.682	97.554	92.519	93.676	91.248	85.309	90.03	81.979
03:20:00	110.882	111.11	110.676	109.384	111.507	97.53	94.806	93.866	88.389	86.058	89.867	79.737
03:20:30	114.519	111.444	110.664	109.232	108.361	98.801	95.801	93.967	90.407	84.084	86.884	81.366
03:21:00	113.332	111.459	110.315	109.083	110.941	97.635	96.158	96.028	89.469	84.575	88.519	81.177
03:21:30	114.069	110.091	109.059	108.239	110.56	96.711	94.713	93.195	89.504	85.407	90.172	77.273
03:22:00	111.914	111.909	106.578	106.747	109.714	93.838	92.908	93.624	90.518	85.929	89.35	79.71
03:22:30	112.268	112.162	110.555	108.719	108.927	94.564	95.519	95.481	90.216	83.29	89.604	80.701
03:23:00	112.264	112.08	107.889	108.919	109.665	93.992	94.72	95.045	89.14	85.438	90.17	80.131
03:23:30	112.088	111.456	110.092	107.088	110.869	96.338	92.787	92.324	89.506	84.305	89.09	79.675
03:24:00	114.376	108.725	108.117	108.556	107.63	94.444	94.805	92.591	87.809	83.744	89.085	79.281
03:24:30	113.367	109.513	110.558	111.535	110.183	97.979	96.213	93.018	89.346	84.727	90.107	78.738
03:25:00	113.947	109.428	109.131	107.687	112.251	96.706	93.306	92.919	88.222	85.876	88.943	78.615
03:25:30	114.853	107.879	109.454	107.533	109.833	97.396	92.926	92.705	89.116	84.083	88.491	80.563
03:26:00	113.185	110.708	109.063	109.455	110.83	97.486	95.654	93.429	90.354	83.673	87.237	79.606
03:26:30	111.021	110.83	109.488	105.942	109.109	95.905	94.477	92.363	90.204	83.664	88.674	80.197
03:27:00	113.657	109.272	110.082	107.887	108.182	97.883	94.893	95.511	89.299	83.188	89.1	80.958
03:27:30	112.096	110.629	109.826	106.889	109.706	96.365	94	93.725	89.617	84.484	90.658	81.259
03:28:00	113.231	109.86	107.387	107.915	108.29	97.835	94.721	92.205	88.548	83.785	88.935	77.2
03:28:30	112.381	108.821	110.473	108.288	107.986	96.232	93.433	93.295	89	84.73	91.583	77.548
03:29:00	111.955	107.589	109.886	107.395	110.903	95.951	94.134	93.607	89.599	84.227	89.241	79.399
03:29:30	113.454	108.621	107.49	107.394	108.37	94.597	91.788	91.292	86.411	84.301	88.127	78.227
03:30:00	112.915	110.527	109.007	109.175	110.978	96.094	93.367	96.11	90.133	84.004	90.743	81.182
03:30:30	116.165	109.768	109.999	108.191	109.539	95.278	94.844	94.468	89.255	86.624	89.924	78.966
03:31:00	113.58	109.861	109.762	106.656	109.605	94.486	93.951	92.97	88.659	83.74	89.264	78.415
03:31:30	112.047	109.946	108.712	108.074	109.78	95.727	92.451	91.346	86.075	83.137	87.29	77.378
03:32:00	110.524	106.626	111.362	106.686	108.958	97.265	93.872	93.865	88.285	85.764	90.977	78.938
03:32:30	114.601	111.406	109.535	108.267	109.849	95.88	94.013	91.576	90.258	83.23	89.918	79.047
03:33:00	112.178	109.494	108.869	108.758	109.511	97.616	95.567	93.164	88.326	83.8	91.12	78.613
03:33:30	111.506	109.626	107.62	107.629	110.208	96.119	93.254	92.401	87.658	83.158	90.729	79.16
03:34:00	113.91	108.566	108.793	109.502	109.049	97.716	92.212	91.487	88.381	83.855	89.408	80.237
03:34:30	112.296	109.725	111.097	105.278	109.394	95.347	94.258	93.856	88.845	84.011	86.592	78.113
03:35:00	112.442	109.327	108.128	105.344	106.896	96.882	93.268	94.411	86.534	83.151	87.999	78.982
03:35:30	112.596	109.455	104.786	107.033	108.711	95.134	93.795	94.989	88.552	83.634	88.682	79.858
03:36:00	112.992	111.164	110.512	106.216	107.509	95.13	94.876	93.169	86.843	86.198	87.75	78.988
03:36:30	111.956	111.099	108.784	105.948	108.978	94.428	95.322	93.468	87.063	86.252	86.407	77.968
03:37:00	112.908	108.956	108.859	106.672	106.178	93.772	95.028	92.787	87.915	85.4	88.826	77.416
03:37:30	111.959	110.381	107.706	108.525	109.366	97.145	94.279	92.187	90.826	84.807	89.172	77.634
03:38:00	111.164	109.821	108.554	106.92	109.704	93.972	92.712	92.178	87.219	83.178	87.54	78.235
03:38:30	111.49	107.617	107.773	107.339	109.182	94.14	92.375	92.391	87.43	81.736	86.823	79.024
03:39:00	114.022	107.271	109.884	107.007	107.993	96.574	91.465	93.033	88.229	82.906	87.879	78.419
03:39:30	110.935	109.922	109.104	106.251	108.614	95.178	94.789	91.913	85.835	84.751	89.104	80.32
03:40:00	113.775	110.318	106.928	107.596	108.851	97.567	92.824	94.646	87.87	83.639	87.675	78.142
03:40:30	111.455	108.742	107.466	107.63	107.04	98.104	94.441	93.048	88.46	82.841	88.527	78.679
03:41:00	111.226	111.265	109.692	107.891	111.829	95.642	93.627	92.134	85.838	83.481	89.379	76.43
03:41:30	110.756	108.106	108.16	105.801	106.768	97.271	94.767	92.534	86.493	83.121	89.933	77.69
03:42:00	110.416	110.284	107.834	107.212	107.856	95.008	92.033	91.912	85.764	84.104	88.336	78.001
03:42:30	110.854	109.836	109.009	105.791	108.514	96.192	92.767	92.894	86.668	84.568	86.837	77.489
03:43:00	112.503	109.19	107.039	106.643	109.186	97.639	96.153	91.02	85.559	83.011	87.045	81.709
03:43:30	113.139	108.501	106.072	105.272	106.86	95.619	93.367	91.509	85.495	83.668	87.375	79.06
03:44:00	110.689	110.664	107.625	105.602	108.895	95.103	90.614	92.274	87.838	82.196	86.838	79.346
03:44:30	114.269	109.305	107.981	106.358	109.907	97.249	93.299	93.701	88.879	83.918	86.968	76.562
03:45:00	110.491	110.762	108.753	104.58	106.826	95.234	92.934	92.879	86.653	81.076	88.537	78.224
03:45:30	110.446	108.36	108.517	105.196	108.8	94.806	92.879	91.533	86.61	83.289	87.272	75.812
03:46:00	110.335	108.076	107.541	104.966	109.504	95.763	92.646	90.845	85.466	83.992	87.272	77.682
03:46:30	111.123	109.824	110.538	105.834	108.95	97.315	92.692	91.231	87.89	83.276	88.872	78.343
03:47:00	110.102	108.416	110.673	106.411	109.172	94.187	93.553	93.324	89.178	82.457	86.966	78.92
03:47:30	110.534	108.754	105.515	105.249	106.529	95.672	93.653	91.95	88.02	83.687	86.905	78.665
03:48:00	110.991	108.513	106.015	107.906	108.144	95.57	92.349	92.913	89.048	82.462	88.148	77.193
03:48:30	112.552	109.343	107.909	106.192	108.362	92.901	92.978	93.603	86.021	82.903	86.585	78.438
03:49:00	111.567	107.515	107.705	106.249	107.555	97.931	90.387	91.653	88.62	80.275	87.515	77.097
03:49:30	110.28	107.963	106.194	104.163	108.837	98.856	92.913	91.29	88.165	83.141	84.539	77.828
03:50:00	109.118	109.763	107.174	107.688	106.466	94.881	93.017	92.219	87.358	83.45	87.956	77.029
03:50:30	111.199	108.899	108.856	106.293	110.083	94.734	92.387	92.212	87.34	84.51	87.865	79.089
03:51:00	110.907	108.212	108.664	105.235	108.665	95.618	91.144	93.42	87.848	81.076	89.578	77.265
03:51:30	112.524	108.787	107.29	107.138	106.802	96.333	94.87	91.701	88.255	84.097	86.095	77.138
03:52:00	107.469	105.537	107.847	104.763	107.606	97.653	93.165	90.163	86.914	81.826	88.485	76.638
03:52:30	110.104	108.74	108.204	105.118	104.935	94.99	94.329	93.597	87.518	83.258	87.904	79.533
03:53:00	113.455	108.866	107.396	104.592	108.06	95.146	94.719	89.886	87.797	82.714	87.402	77.264
03:53:30	109.73	109.836	110.007	104.648	108.458	94.744	93.535	93.509	88.376	82.28	84.553	79.675
03:54:00	111.668	108.734	106.036	105.375	105.793	92.967	92.445	93.121	86.707	83.191	89.025	78.56
03:54:30	111.454	109.431	107.981	107.056	107.18	94.126	95.018	90.83	87.719	83.559	87.707	75.366
03:55:00	108.684	108.291	107.199	106.987	106.214	94.587	95.135	92.867	88.897	80.287	87.432	74.534
03:55:30	108.63	107.513	107.475	108.3	108.121	96.762	91.261	91.113	87.096	83.628	85.273	77.624
03:56:00	110.225	105.419	106.516	102.774	107.192	93.955	90.91	92.943	86.227	82.777	87.181	77.36
03:56:30	112.245	108.916	107.406	101.556	109.693	95.119	94.406	90.833	85.817	82.991	87.157	79.013
03:57:00	107.844	107.889	107.871	107.231	106.534	93.274	94.108	93.151	89.441	82.099	86.114	77.538
03:57:30	109.304	106.518	106.931	106.56	107.24	91.955	93.171	90.117	87.015	83.709	88.224	78.218
03:58:00	110.655	108.76	106.599	106.311	105.258	92.776	93.254	91.159	86.128	82.952	87.636	78.089
03:58:30	109.177	106.422	108.001	105.184	106.57	95.877	94.715	91.905	88.594	81.314	87.53	76.198
03:59:00	111.679	107.459	107.529	105.119	110.899	95.179	91.754	90.896	85.869	83.097	87.871	78.631
03:59:30	111.107	110.033	107.316	105.709	106.29	95.197	94.17	89.543	87.543	82.502	88.939	75.146
04:00:00	109.345	107.428	107.888	107.292	107.717	93.659	92.838	92.651	86.593	81.737	86.453	77.523