Time	2	5	10	15	20	25	30	35	40	50	60	75
00:00:00	313.014	322.067	319.117	308.81	312.283	316.941	318.696	317.392	310.724	314.851	290.855	295.747
00:00:30	300.824	300.144	305.483	294.004	303.793	303.7	300.934	305.183	294.258	302.874	280.249	282.323
00:01:00	288.909	293.769	298.43	284.346	295.024	292.293	291.076	294.406	286.779	287.163	265.323	273.568
00:01:30	280.351	289.311	290.922	276.625	284.307	284.543	287.329	284.647	274.078	278.167	260.091	264.92
00:02:00	277.517	279.142	282.884	272.676	278.183	276.343	278.553	276.952	264.9	271.719	254.135	253.815
00:02:30	277.221	275.354	282.465	263.325	274.932	274.132	277.057	276.444	258.519	270.798	251.912	254.748
00:03:00	267.352	270.837	277.255	262.251	267.497	266.492	268.08	268.26	249.407	253.389	248.091	246.342
00:03:30	266.967	269.062	273.945	260.113	267.857	260.846	266.095	262.8	247.385	257.455	246.554	243.381
00:04:00	267.7	265.901	271.238	255.917	263.388	258.65	261.733	263.114	240.698	253.066	238.358	234.618
00:04:30	259.345	263.206	268.4	250.945	261.386	255.981	257.384	256.762	235.26	250.072	232.901	228.52
00:05:00	256.443	260.889	265.693	249.735	258.608	254.131	251.696	256.167	235.948	243.796	227.238	225.278
00:05:30	259.97	260.401	266.133	251.902	255.902	248.601	253.725	257.411	235.923	245.628	222.757	228.606
00:06:00	256.13	257.255	262.494	244.804	254.573	244.855	249.278	255.035	231.835	242.236	215.464	221.43
00:06:30	252.611	256.097	261.908	249.871	251.941	245.324	247.501	254.477	230.683	243.63	217.006	217.976
00:07:00	252.317	255.501	257.967	246.303	249.654	244.002	243.222	249.625	229.151	241.217	214.812	214.897
00:07:30	256.125	255.375	257.264	246.881	250.744	247.877	241.782	250.245	226.45	235.746	210.673	211.17
00:08:00	253.672	254.994	260.807	242.844	252.682	246.192	241.523	243.283	228.872	238.858	206.672	210.421
00:08:30	251.196	250.72	256.701	241.684	247.401	242.32	241.955	245.087	224.707	235.983	206.566	209.406
00:09:00	246.725	249.421	255.119	243.508	246.624	237.881	236.183	243.256	228.196	236.379	200.357	205.093
00:09:30	248.325	251.065	257.823	244.173	244.055	244.8	240.21	245.215	224.963	235.71	204.379	204.698
00:10:00	250.559	250.026	251.703	235.048	243.741	237.911	235.343	241.865	221.259	232.833	198.65	204.091
00:10:30	248.834	251.423	254.929	236.845	246.208	239.352	236.772	241	222.31	233.567	199.433	205.524
00:11:00	251.551	249.56	258.107	235.902	247.692	239.879	235.644	244.19	224.252	232.44	200.822	203.248
00:11:30	249.406	249.993	254.429	238.916	242.355	241.26	234.956	244.294	220.545	231.083	199.472	200.547
00:12:00	251.726	247.261	253.408	238.803	242.333	242.236	235.359	245.262	217.361	233.042	195.6	203.538
00:12:30	247.182	248.823	256.005	235.404	240.872	240.136	236.579	242.374	218.474	232.551	195.415	200.808
00:13:00	246.315	246.929	254.496	236.325	245.883	240.409	234.375	240.893	221.64	229.704	195.715	199.449
00:13:30	250.018	243.93	251.23	232.404	243.82	234.362	231.157	237.511	218.367	227.495	194.396	201.919
00:14:00	247.368	244.36	248.364	233.53	242.554	234.754	232.9	237.492	216.401	228.125	197.253	198.738
00:14:30	249.467	244.029	248.94	235.468	240.305	234.356	233.487	235.034	220.217	225.486	192.994	198.958
00:15:00	243.478	245.751	251.843	236.545	240.939	237.367	231.079	237.564	216.878	228.108	193.116	195.323
00:15:30	246.774	245.781	253.933	238.939	239.49	236.905	232.414	241.32	218.421	226.947	195.379	196.285
00:16:00	241.419	241.946	250.483	230.974	236.982	234.436	224.947	234.952	215.37	225.041	194.629	193.532
00:16:30	244.802	240.631	251.403	235.314	242.181	237.517	227.153	235.189	218.157	226.256	194.437	198.818
00:17:00	241.106	243.934	253.551	229.834	239.133	234.541	226.355	236.717	213.376	226.745	193.61	199.638
00:17:30	245.513	241.652	250.619	233.51	239.753	236.554	230.608	233.604	215.932	226.005	189.212	194.595
00:18:00	247.047	246.494	250.115	232.464	240.072	232.106	229.646	235.167	216.875	224.901	188.72	197.303
00:18:30	241.853	243.471	250.937	234.094	239.555	235.066	225.635	233.349	213.959	229.563	191.866	193.234
00:19:00	243.085	242.642	251.051	231.324	238.048	236.091	228.296	237.548	216.405	225.402	187.167	195.195
00:19:30	249.231	242.466	249.958	231.281	239.257	235.349	231.588	237.902	216.236	227.179	188.98	195.559
00:20:00	244.322	242.075	247.231	232.028	237.51	235.609	227.576	233.917	215.536	222.417	187.664	195.223
00:20:30	240.117	241.234	248.052	227.661	236.383	231.758	225.405	238.452	212.412	223.705	188.352	193.975
00:21:00	243.803	243.012	251.135	232.371	232.004	234.047	227.682	236.389	214.851	225.805	189.149	195.566
00:21:30	240.445	241.868	248.262	228.343	236.029	231.619	228.6	233.161	214.723	227.54	187.779	191.492
00:22:00	241.511	237.517	251.517	231.857	235.313	236.559	227.018	230.956	214.388	224.142	186.121	194.265
00:22:30	243.012	241.671	250.252	230.584	237.412	232.954	229.963	235.041	218.848	225.094	186.694	189.377
00:23:00	244.381	239.374	251.03	229.213	236.058	232.697	226.897	230.887	213.052	223.805	188.487	191.743
00:23:30	243.677	241.213	248.732	233.616	237.019	234.315	230.041	234.337	217.063	224.966	188.384	193.693
00:24:00	239.198	238.859	248.352	226.549	235.057	232.797	226.773	231.622	211.62	225.25	188.024	192.346
00:24:30	242.032	237.22	244.598	228.424	233.903	234.035	226	231.352	211.219	220.452	187.635	193.548
00:25:00	236.645	236.829	248.647	226.973	235.454	229.997	221.643	233.026	210.908	220.109	184.943	193.119
00:25:30	242.064	243.053	247.999	232.432	234.294	233.856	225.031	232.903	210.99	224.278	186.564	194.222
00:26:00	242.604	237.377	247.894	227.376	231.187	232.653	223.495	232.251	208.836	220.23	187.651	192.23
00:26:30	244.092	242.463	246.579	229.426	235.904	232.288	222.713	233.129	213.342	223.549	187.555	189.346
00:27:00	238.921	240.246	249.092	226.521	236.532	230.304	226.117	230.26	213.147	221.196	184.997	187.16
00:27:30	244.675	241.085	247.587	229.028	233.811	231.063	227.485	233.571	214.294	223.838	186.978	194.524
00:28:00	243.65	238.056	246.221	230.098	233.017	234.085	223.871	229.568	209.459	220.904	186.506	190.05
00:28:30	242.497	241.58	245.002	229.349	230.333	232.67	229.048	229.234	209.134	224.906	187.98	194.913
00:29:00	241.511	241.542	246.851	227.395	234.992	231.089	222.076	231.847	211.168	221.553	184.233	192.311
00:29:30	239.694	236.892	249.297	229.551	232.254	230.364	221.161	230.052	211.725	218.778	182.582	193.996
00:30:00	240.321	236.124	246.865	226.615	229.641	229.907	222.811	230.307	210.954	219.834	185.62	193.489
00:30:30	240.523	237.383	247.161	227.226	233.769	233.734	223.518	231.997	211.552	221.383	186.649	189.91
00:31:00	240.226	236.132	249.927	230.273	232.482	231.507	222.415	228.725	210.874	222.128	184.312	191.263
00:31:30	240.857	236.441	251.061	228.175	236.08	230.296	224.64	230.378	212.779	222.742	186.312	191.813
00:32:00	241.549	236.778	246.651	230.772	232.417	235.288	223.213	227.893	212.377	220.696	185.562	192.165
00:32:30	242.784	238.732	251.602	232.598	233.735	229.956	224.402	226.885	209.098	220.92	186.617	191.658
00:33:00	240.293	237.749	245.701	227.642	236.285	230.872	222.214	229.795	210.06	221.995	184.425	193.215
00:33:30	238.771	237.482	244.829	225.704	233.815	231.553	226.13	233.217	213.618	218.796	183.699	190.526
00:34:00	241.836	239.939	244.724	226.704	234.662	230.565	223.227	225.984	210.579	221.131	187.021	188.806
00:34:30	244.345	239.309	244.476	231.286	233.727	232.518	223.655	229.774	209.45	222.944	187.402	191.579
00:35:00	238.093	239.394	247.044	228.428	230.267	229.831	221.126	229.332	208.997	220.524	186.716	191.937
00:35:30	236.906	240.833	246.31	225.288	232.86	232.727	223.546	230.177	211.312	218.647	186.294	190.688
00:36:00	241.484	241.497	246.62	231.767	233.61	233.878	225.329	228.848	212.106	220.976	186.605	194.249
00:36:30	236.712	235.275	247.2	228.519	232.914	229.45	222.022	229.251	209.987	219.526	185.885	189.665
00:37:00	240.38	240.422	244.791	225.037	230.329	229.111	224.815	229.903	210.659	223.681	188.229	192.476
00:37:30	242.633	237.323	243.849	232.993	235.357	230.508	223.082	232.638	209.686	221.55	187.179	188.842
00:38:00	236.379	235.434	247.145	226.603	232.276	233.416	222.849	231.279	210.829	217.369	183.56	188.523
00:38:30	240.295	237.183	247.362	225.958	231.201	233.76	225.329	230.164	212.684	218.639	184.745	189.959
00:39:00	240.003	239.984	246.094	224.752	234.551	229.912	226.918	232.51	212.167	220.442	183.314	191.338
00:39:30	241.229	235.235	246.023	228.594	228.144	229.345	224.414	230.208	207.064	219.726	183.228	193.397
00:40:00	237.903	233.665	244.991	225.297	233.324	232.909	223.128	228.469	209.775	216.499	182.507	191.137
00:40:30	237.435	233.552	245.025	225.524	230.399	232.063	222.471	229.633	207.344	217.475	179.481	185.361
00:41:00	238.788	239.073	246.37	226.528	230.284	229.121	223.218	230.679	210.972	217.423	184.401	192.02
00:41:30	239.042	235.29	246.009	225.187	230.87	230.343	222.187	230.443	210.198	221.903	184.847	192.741
00:42:00	239.562	234.853	252.308	229.431	232.791	230.911	218.847	227.12	210.516	223.816	183.347	191.192
00:42:30	237.972	235.922	247.647	226.435	231.198	231.062	223.849	227.84	208.904	220.512	185.076	189.177
00:43:00	240.94	238.041	244.232	228.412	232.117	231.468	220.458	228.406	209.923	218.362	185.841	189.69
00:43:30	235.146	237.173	247.004	230.593	230.504	231.032	225.679	230.276	209.545	217.76	184.748	189.083
00:44:00	239.214	238.728	244.334	224.16	231.374	230.906	222.3	227.661	209.77	222.39	183.201	192.168
00:44:30	241.02	236.739	246.646	229.092	232.411	230.543	221.974	229.944	211.632	223.69	185.561	187.954
00:45:00	233.199	234.444	245.272	225.008	230.181	231.085	220.677	227.276	208.93	220.074	185.353	187.868
00:45:30	234.964	235.38	243.727	227.488	229.786	227.971	223.525	226.713	207.801	219.11	183.577	188.933
00:46:00	236.336	237.099	245.419	225.721	233.222	229.085	221.892	228.05	207.271	219.066	184.253	188.138
00:46:30	236.074	237.503	244.411	223.719	232.089	228.927	220.669	228.565	210.616	217.278	181.664	190.043
00:47:00	237.843	237.783	244.787	226.17	232.017	231.234	223.136	227.687	210.162	214.722	182.871	194.516
00:47:30	239.169	238.238	248.231	224.079	234.552	231.819	225.936	228.432	210.794	223.935	182.535	190.375
00:48:00	235.16	235.048	246.937	228.711	231.693	230.757	222.803	232.993	211.49	222.681	186.863	191.643
00:48:30	237.319	238.687	247.206	224.411	225.258	227.022	220.119	227.706	208.23	220.625	184.345	187.253
00:49:00	235.735	237.149	245.314	227.486	229.552	229.717	221.198	227.256	206.428	215.945	181.977	189.887
00:49:30	235.515	236.414	243.279	224.802	232.567	229.223	221.106	226.929	209.715	218.436	184.838	189.411
00:50:00	235.821	234.836	243.627	223.7	227.919	227.023	220.677	230.783	207.089	217.05	179.739	189.873
00:50:30	236.558	234.905	247.377	227.961	233.909	228.24	228.556	227.972	211.661	222.645	185.105	188.536
00:51:00	239.408	236.627	244.81	230.078	232.055	227.363	223.263	230.169	211.867	220.785	182.375	189.637
00:51:30	236.257	235.831	243.199	222.844	230.895	225.187	221.666	229.079	210.546	217.234	180.615	187.001
00:52:00	234.601	234.25	243.067	225.449	233.709	233.603	221.026	224.98	207.02	214.268	183.649	189.445
00:52:30	236.11	234.8	243.8	228.829	232.416	230.58	218.607	226.565	209.908	216.898	179.576	191.686
00:53:00	238.867	237.707	244.449	223.924	229.385	228.451	224.444	228.463	205.284	219.005	185.203	186.208
00:53:30	240.906	235.517	245.608	227.293	229.533	228.841	221.616	226.623	209.708	220.792	185.53	188.283
00:54:00	238.097	235.335	244.001	228.073	233.656	231.382	223.818	227.971	211.171	218.023	184.616	189.919
00:54:30	236.982	237.03	242.227	226.062	230.643	227.949	223.196	231.446	209.654	219.957	183.737	188.782
00:55:00	234.647	235.739	242.685	223.366	231.117	234.698	220.392	227.926	209.47	217.361	182.39	190.205
00:55:30	239.188	236.623	246.111	223.101	231.874	228.256	218.669	229.017	209.612	214.864	181.702	187.911
00:56:00	233.82	231.109	243.28	227.079	231.019	229.933	222.366	228.356	209.765	215.605	179.69	189.807
00:56:30	236.31	238.395	245.587	230.435	228.804	228.983	220.811	226.865	207.299	216.828	180.583	188.311
00:57:00	236.876	237.072	241.968	223.196	227.682	228.549	222.913	228.067	209.79	218.373	182.517	185.32
00:57:30	236.16	237.643	244.013	222.076	229.604	228.465	220.28	229.486	207.974	218.619	183.61	189.386
00:58:00	236.974	236.676	242.14	224.17	233.433	225.328	221.603	226.401	207.562	218.074	181.075	186.341
00:58:30	237.639	232.536	247.677	225.869	229.922	228.905	224.518	224.929	212.665	219.081	184	190.238
00:59:00	236.377	235.491	245.919	227.39	230.04	223.826	222.017	226.808	205.494	217.161	182.052	186.189
00:59:30	230.929	238.017	241.336	223.233	229.001	228.91	218.904	227.307	208.282	217.194	182.918	189.995
01:00:00	236.323	238.549	242.521	222.165	227.634	228.354	223.529	227.667	205.523	217.089	181.158	189.663
01:00:30	235.337	236.112	243.396	228.469	228.055	229.434	221.713	226.726	205.22	216.502	182.622	191.243
01:01:00	236.059	231.624	244.699	218.476	227.665	229.076	220.209	230.644	209.93	216.729	181.361	187.902
01:01:30	236.615	235.211	245.588	225.237	225.701	225.319	223.541	225.76	206.15	214.582	183.162	189.532
01:02:00	240.381	234.663	247.728	221.26	227.816	226.455	220.513	226.929	208.615	216.837	181.277	188.166
01:02:30	239.182	233.385	243.776	225.741	231.898	231.832	221.184	231.852	213.69	214.799	183.752	189.066
01:03:00	234.425	233.162	242.036	222.685	229.829	226.86	220.571	225.462	206.985	218.538	181.176	187.481
01:03:30	234.614	234.544	241.892	227.077	231.408	230.647	223.011	228.445	210.408	221.904	185.852	188.958
01:04:00	234.08	232.82	245.478	224.542	226.846	227.11	221.239	229.227	209.257	215.584	182.469	188.878
01:04:30	234.798	234.826	241.744	224.504	230.73	228.908	218.633	225.119	209.925	219.725	182.83	186.184
01:05:00	233.984	232.416	243.779	226.409	229.3	228.107	217.319	230.836	210.1	218.022	184.541	190.32
01:05:30	237.7	233.899	243.627	225.51	227.173	228.705	221.664	224.452	206.75	218.545	184.668	191.182
01:06:00	234.105	235.823	245.293	228.03	226.487	233.334	220.33	225.375	208.701	216.466	181.669	189.473
01:06:30	237.588	237.221	239.88	225.163	231.581	229.414	223.091	224.084	209.025	217.1	182.625	188.366
01:07:00	235.78	234.653	241.785	224.013	231.606	225.956	218.047	226.766	210.692	216.932	180.404	188.055
01:07:30	233.341	236.411	246.227	225.058	228.567	228.521	222.372	228.001	207.867	217.659	180.969	187.052
01:08:00	235.256	233.046	238.897	224.067	226.718	226.103	220.26	224.395	208.268	218.846	179.885	189.476
01:08:30	233.848	232.855	242.138	220.629	225.796	229.733	219.239	224.962	206.748	216.052	183.023	188.216
01:09:00	235.01	235.624	239.894	225.642	228.568	225.083	219.127	225.447	207.202	216.118	178.538	188.315
01:09:30	232.028	233.145	241.945	222.937	228.834	222.122	217.101	224.558	207.061	214.857	180.839	187.559
01:10:00	238.33	235.892	245.704	226.688	231.853	230.661	219.264	230.375	206.977	216.087	182.848	189.404
01:10:30	234.937	230.981	244.422	225.78	227.779	227.084	220.78	227.76	206.199	214.018	179.342	187.803
01:11:00	234.509	232.061	239.641	222.594	227.769	224.73	217.194	223.655	209.441	215.948	176.699	186.561
01:11:30	235.054	236.491	240.593	225.397	234.235	227.39	218.828	225.782	208.303	214.211	179.585	188.177
01:12:00	234.421	233.897	238.785	223.173	226.469	229.333	221.488	223.098	204.482	217.674	179.885	186.562
01:12:30	235.7	230.839	246.912	226.474	231.561	230.19	220.852	228.694	209.481	220.386	184.307	191.04
01:13:00	234.321	235.762	242.266	223.505	230.757	227.73	216.837	224.65	206.962	218.147	180.874	188.804
01:13:30	229.718	234.213	242.268	223.932	230.974	227.389	221.55	225.884	210.569	215.04	181.836	187.324
01:14:00	234.361	232.781	240.675	223.648	227.946	229.523	218.502	225.309	206.286	217.337	181.231	185.711
01:14:30	234.307	232.559	244.4	222.254	230.641	225.88	220.976	227.024	206.642	218.874	183.148	186.278
01:15:00	237.938	234.489	239.284	227.756	230.639	225.221	223.644	229.001	205.978	216.222	181.737	189.25
01:15:30	234.321	235.342	240.345	222.343	227.798	224.802	221.453	224.059	208.603	215.99	181.761	187.884
01:16:00	237.648	233.111	245.838	223.552	227.994	230.947	218.978	227.279	208.016	216.293	183.358	190.735
01:16:30	237.441	233.165	243.996	225.395	229.465	229.022	217.901	227.542	208.685	215.385	179.919	190.344
01:17:00	237.151	233.728	245.34	225.052	229.527	229.492	222.207	225.892	210.945	220.297	183.404	188.985
01:17:30	237.007	231.852	239.585	223.616	229.236	223.942	219.757	227.694	207.243	214.38	182.049	185.213
01:18:00	232.693	234.129	240.523	223.706	227.222	227.882	220.931	224.745	204.464	217.11	180.599	186.379
01:18:30	233.212	232.436	241.276	223.239	227.051	221.581	219.977	223.396	203.838	217.301	183.19	189.348
01:19:00	232.502	234.778	241.584	221.264	229.342	228.548	217.382	222.67	206.609	214.69	181.224	183.627
01:19:30	232.003	233.106	239.58	220.381	229.062	225.228	220.113	225.143	210.049	214.806	178.797	188.916
01:20:00	234.402	234.63	242.133	225.297	228.535	226.406	218.729	226.792	208.332	215.436	182.378	185.832
01:20:30	235.436	234.438	240.707	220.255	228.269	225.008	221.005	224.054	204.796	216.319	182.911	185.081
01:21:00	232.351	235.307	240.398	221.857	228.083	227.191	218.365	225.453	207.848	216.49	183.639	185.875
01:21:30	237.154	234.091	241.527	223.253	231.304	227.672	220.335	228.223	208.552	216.541	182.187	189.847
01:22:00	233.09	233.635	238.733	225.804	231.573	228.423	221.418	225.235	207.619	215.374	180.797	189.527
01:22:30	233.467	236.28	244.816	223.101	228.707	228.699	222.629	227.04	206.336	218.584	182.036	188.391
01:23:00	235.145	233.922	240.595	223.516	228.19	225.964	220.796	224.026	206.805	218.467	184.364	185.914
01:23:30	233.82	234.418	240.408	227.138	227.364	222.284	221.207	226.67	207.842	219.366	181.468	186.18
01:24:00	231.818	230.589	240.541	223.901	227	228.251	214.552	225.395	207.911	220.04	179.782	185.131
01:24:30	230.854	235.04	239.474	223.648	228.028	228.964	220.554	227.053	209.431	213.703	181.636	186.05
01:25:00	234.434	234.396	240.014	226.146	228.472	227.54	221.982	225.51	205.072	212.493	182.038	186.726
01:25:30	234.558	235.047	242.682	226.042	228.446	229.525	218.207	227.279	208.875	217.953	182.891	191.081
01:26:00	232.877	233.201	240.958	227.428	228.045	228.464	221.894	228.332	209.984	219.127	181.09	188.306
01:26:30	234.479	234.994	242.23	223.538	228.233	225.402	221.144	223.46	203.941	215.294	182.819	187.747
01:27:00	231.968	235.526	241.2	221.64	225.035	227.101	216.612	224.312	206.412	215.494	180.238	186.452
01:27:30	232.661	232.823	239.083	220.926	227.876	225.1	221.201	221.444	208.327	216.311	181.393	188.169
01:28:00	240.526	231.824	246.655	227.213	227.489	228.258	219.796	230.329	209.646	219.275	180.442	188.452
01:28:30	230.026	229.797	242.459	222.878	228.387	229.055	220.846	227.252	210.544	216.553	178.181	187.762
01:29:00	233.883	231.314	239.443	223.932	230.862	228.199	218.265	223.506	203.745	213.246	180.881	187.425
01:29:30	232.242	230.707	239.362	226.289	226.624	227.716	218.482	224.62	203.51	217.247	182.41	187.351
01:30:00	234.239	231.193	241.944	221.683	227.658	225.542	217.932	228.681	206.905	214.91	178.56	186.392
01:30:30	236.012	235.052	242.764	224.338	226.2	228.604	224.082	224.461	208.885	219.137	182.666	189.042
01:31:00	231.715	233.151	238.776	222.982	228.683	224.594	216.246	227.788	208.823	215.223	181.327	185.997
01:31:30	230.865	232.483	241.001	227.028	224.044	230.018	218.325	225.453	207.879	218.134	181.655	189.356
01:32:00	233.044	236.422	243.768	221.192	231.605	228.26	219.97	224.846	208.525	215.306	180.569	189.15
01:32:30	232.092	234.005	242.864	221.893	223.598	226.361	219.255	223.039	206.588	215.545	181.688	188.728
01:33:00	231.947	232.131	241.153	223.377	226.652	222.378	216.984	223.99	209.007	214.115	182.48	188.696
01:33:30	238.008	233.934	240.278	224.142	230.383	227.912	220.273	227.503	208.555	217.816	183.073	187.556
01:34:00	229.428	231.645	240.451	222.982	228.812	224.474	221.43	223.596	208.166	215.219	179.598	186.126
01:34:30	229.799	233.647	239.078	225.402	227.276	226.652	219.586	223.877	204.726	213.578	183.296	188.18
01:35:00	232.087	229.855	240.418	222.132	225.916	223.343	217.408	223.313	208.369	214.74	180.353	185.914
01:35:30	229.801	232.003	237.958	219.714	225.85	223.636	213.96	223.844	204.787	216.064	180.624	184.353
01:36:00	232.318	234.289	241.269	223.722	227.371	226.528	219.975	227.176	208.19	215.543	181.293	186.867
01:36:30	233.727	232.295	240.624	224.141	227.104	227.112	218.87	223.623	204.701	213.145	181.326	184.779
01:37:00	231.986	231.268	239.663	225.828	229.521	225.836	217.906	222.487	207.915	216.187	179.809	186.143
01:37:30	231.654	232.489	242.262	220.985	230.291	230.343	222.935	224.765	208.648	215.934	180.309	186.019
01:38:00	235.951	231.744	239.812	224.855	229.376	227.492	220.549	226.355	205.615	216.716	182.945	187.71
01:38:30	233.77	232.331	240.915	223.785	230.661	228.062	221.251	225.182	208.65	214.969	181.837	185.318
01:39:00	233.801	232.056	243.837	223.197	224.251	228.676	222.166	228.697	210.568	219.207	181.216	187.386
01:39:30	231.282	228.633	239.608	221.169	223.264	223.784	218.399	224.596	205.223	214.578	184.296	186.811
01:40:00	232.178	232.029	241.528	221.453	230.904	225.984	221.529	226.291	207.084	214.024	183.907	188.702
01:40:30	231.539	233.773	243.234	224.781	227.849	226.794	220.109	226.51	205.47	214.132	184.349	184.234
01:41:00	233.412	230.584	240.754	223.303	228.607	225.458	220.751	222.691	202.852	213.959	179.852	185.385
01:41:30	229.995	231.023	242.153	219.711	226.796	224.253	220.304	225.233	204.263	214.014	184.095	186.628
01:42:00	234.087	229.037	242.153	222.482	229.469	224.377	221.087	225.28	205.884	214.787	181.873	187.498
01:42:30	231.507	231.539	239.546	221.75	227.58	226.3	218.948	221.642	207.842	214.102	183.596	186.33
01:43:00	237.797	232.755	242.825	225.523	228.411	223.171	219.416	227.875	209.098	218.345	180.536	186.4
01:43:30	232.101	236.541	241.675	222.719	224.854	224.595	220.423	225.968	207.297	216.142	178.57	187.664
01:44:00	232.168	230.833	237.192	225.246	228.431	228.061	221.744	225.556	207.35	212.956	181.03	186.923
01:44:30	231.552	230.351	241.696	221.5	229.158	228.68	219.981	224.387	205.641	214.508	179.91	188.526
01:45:00	229.709	232.792	239.562	222.734	224.493	229.66	218.492	224.777	207.123	215.997	182.691	184.713
01:45:30	233.295	229.906	243.125	221.203	227.465	227.299	219.034	226.028	206.365	214.312	182.699	187.427
01:46:00	233.438	229.423	241.81	224.355	227.016	223.355	219.021	223.65	205.572	220.486	182.087	184.393
01:46:30	231.297	232.101	239.271	222.604	225.117	229.029	222.076	225.725	208.876	215.058	179.676	186.653
01:47:00	230.676	229.951	238.473	223.567	228.383	226.843	216.859	222.332	207.539	215.407	178.594	184.329
01:47:30	230.787	230.465	238.573	225.114	226.54	225.277	220.274	224.464	206.544	216.657	178.363	185.398
01:48:00	231.361	235.104	241.393	221.062	226.748	230.241	223.444	221.685	208.461	215.171	184.915	189.138
01:48:30	232.338	231.234	242.456	222.447	227.913	226.245	224.567	225.895	206.574	217.348	181.178	188.548
01:49:00	231.84	233.468	238.873	225.107	225.466	224.48	220.02	221.495	207.351	214.164	180.747	184.935
01:49:30	231.423	233.78	240.7	223.046	228.272	227.029	218.611	223.452	206.894	215.702	180.648	187.61
01:50:00	230.939	232.011	236.245	224.981	227.969	225.395	218.467	223.703	204.512	216.664	181.529	186.552
01:50:30	231.244	231.867	236.976	223.694	226.33	225.6	218.824	223.011	206.406	212.903	179.483	187.308
01:51:00	230.903	233.327	238.609	220.621	225.86	225.91	218.194	228.03	206.625	216.142	182.054	185.886
01:51:30	234.581	230.479	235.955	222.99	228.698	222.501	217.577	227.797	205.46	212.482	181.659	186.05
01:52:00	234.146	231.88	239.116	224.185	226.847	228.506	218.74	223.84	205.057	214.633	180.803	186.343
01:52:30	230.411	231.299	240.25	220.219	223.503	223.053	219.674	225.182	205.527	215.094	181.048	186.867
01:53:00	234.343	229.409	238.48	223.502	230.601	224.77	216.085	223.24	206.513	215.58	180.674	186.628
01:53:30	232.211	234.791	239.471	222.026	227.528	224.907	218.522	224.751	207.127	213.999	181.403	184.034
01:54:00	235.981	230.867	238.244	224.354	227.095	225.767	215.018	222.569	206.608	214.181	180.7	185.656
01:54:30	230.686	231.813	237.472	222.371	227.755	227.858	219.406	224.124	205.976	217.442	182.093	182.477
01:55:00	229.653	231.021	242.039	223.648	230.142	227.501	218.45	223.112	205.326	216.352	186.268	184.659
01:55:30	231.415	233.509	238.64	220.869	225.246	225.772	221.441	228.611	209.318	213.973	183.091	186.608
01:56:00	232.591	239.14	241.336	220.677	231.589	228.929	221.413	228.62	205.847	216.964	183.02	187.559
01:56:30	229.888	229.485	240.469	219.22	224.957	223.956	221.053	224.199	202.487	214.729	179.729	185.986
01:57:00	228.094	231.375	237.678	222.697	226.486	227.322	219.057	226.615	206.815	215.05	180.597	187.999
01:57:30	229.627	229.172	240.814	220.729	225.451	224.648	219.522	221.536	208.701	217.102	179.563	185.872
01:58:00	234.469	232.939	243.751	221.675	225.571	228.548	219.962	224.143	207.285	212.127	180.828	189.679
01:58:30	235.823	233.053	241.353	220.451	228.844	224.098	218.085	225.42	208.526	215.726	182.746	187.796
01:59:00	229.656	231.36	242.398	221.503	225.837	217.945	220.296	224.971	206.668	216.006	181.42	189.645
01:59:30	228.199	230.413	241.531	220.577	226.937	226.764	220.243	225.898	202.349	214	185.599	187.044
02:00:00	230.806	232.101	236.726	219.847	226.217	224.065	214.86	222.055	206.659	210.886	178.28	182.742
02:00:30	231.551	229.979	240.102	222.784	224.899	224.823	219.051	224.769	205.141	215.472	181.178	184.939
02:01:00	232.162	233.494	238.761	220.919	229.868	228.227	223.026	222.858	209.827	220.204	184.013	186.772
02:01:30	229.883	234.223	243.162	222.577	226.64	226.212	220.039	221.282	205.838	214.698	180.463	190.271
02:02:00	232.679	234.528	239	223.854	226.227	225.136	215.849	222.654	205.971	215.5	181.008	188.266
02:02:30	232.921	229.197	240.008	224.525	227.853	223.735	215.983	223.979	207.393	213.046	179.002	186.907
02:03:00	232.064	233.089	241.621	221.594	229.153	228.526	218.602	222.185	206.002	216.102	180.489	187.624
02:03:30	230.272	230.117	238.651	224.163	226.853	227.734	217.185	221.388	207.104	214.007	181.652	184.712
02:04:00	235.376	227.447	239.959	218.934	223.958	221.597	217.852	225.583	203.822	215.174	181.436	186.426
02:04:30	228.506	231.05	239.595	221.589	228.042	223.294	216.894	223.925	208.026	217.147	184.847	184.135
02:05:00	233.247	230.964	237.546	225.21	228.972	224.03	221.247	229.482	209.798	213.91	180.85	185.434
02:05:30	233.455	230.076	244.256	219.678	226.591	226.79	222.378	224.477	204.119	214.459	183.101	189.869
02:06:00	230.663	230.176	237.658	223.44	229.402	224.12	218.302	225.193	209.873	214.626	185.146	188.455
02:06:30	232.489	230.68	236.525	221.645	228.137	224.288	218.116	224.243	207.023	215.731	180.106	184.521
02:07:00	233.662	232.874	239.715	220.353	225.594	221.806	221.506	224.121	204.307	216.157	178.606	185.902
02:07:30	231.865	228.917	239.406	225.02	230.334	228.092	220.548	224.515	206.035	213.333	181.4	186.784
02:08:00	229.539	230.432	240.358	223.385	228.155	223.773	216.576	222.724	208.613	211.722	180.261	187.157
02:08:30	235.505	232.49	238.314	220.967	226.315	222.876	219.728	222.777	204.682	212.707	176.22	183.628
02:09:00	232.554	231.432	239.473	222.115	227.468	226.134	219.619	223.354	205.907	211.309	178.506	188.055
02:09:30	231.589	230.377	238.161	221.609	227.067	225.648	214.157	222.409	208.191	215.476	182.936	184.299
02:10:00	231.762	229.899	235.578	223.061	229.529	226.508	222.602	225.088	204.901	214.502	178.993	186.73
02:10:30	229.674	231.463	237.269	217.73	223.689	225.206	218.7	221.938	203.444	214.735	179.002	182.311
02:11:00	233.81	231.581	236.62	224.543	226.069	225.522	222.022	224.058	205.671	216.488	181.413	184.474
02:11:30	232.506	228.73	236.703	225.641	230.614	228.856	219.055	224.62	209.278	219.013	182.406	187.78
02:12:00	230.363	230.025	238.121	221.964	226.04	224.103	217.926	226.187	205.647	212.503	180.911	184.854
02:12:30	228.668	230.842	239.147	219.928	223.91	225.313	215.541	222.975	204.755	211.311	178.708	184.4
02:13:00	233.057	232.634	238.887	224.683	225.448	223.891	218.261	222.931	207.434	213.995	182.184	186.343
02:13:30	232.038	230.917	236.603	219.138	224.511	224.9	216.312	221.097	204.91	213.977	182.691	182.836
02:14:00	230.238	232.045	235.665	221.126	228.03	224.09	219.688	224.015	205.193	212.323	179.169	186.775
02:14:30	232.625	227.335	235.235	221.966	223.84	225.033	214.204	221.404	203.713	214.774	181.488	185.021
02:15:00	229.721	231.828	238.724	224.867	229.102	224.791	221.095	222.982	204.015	215.735	181.208	186.719
02:15:30	231.793	230.023	237.004	218.948	226.317	222.764	215.673	225.063	207.629	213.602	179.631	185.962
02:16:00	234.621	229.446	241.576	219.908	224.812	225.231	220.247	224.159	206.334	213.309	181.862	189.048
02:16:30	231.371	229.712	239.411	223.608	224.09	224.362	220.688	225.989	206.259	216.851	181.6	187.973
02:17:00	225.239	230.942	232.938	219.626	225.621	224.315	220.917	224.31	203.251	216.419	180.006	185.206
02:17:30	229.842	229.802	237.517	220.684	224.752	225.768	217.22	227.256	209.365	211.741	180.857	185.877
02:18:00	226.959	229.118	237.177	222.246	223.956	222.844	218.83	223.816	208.577	213.753	180.884	183.952
02:18:30	233.578	235.325	242.39	225.118	224.827	225.06	217.934	224.814	207.498	215.159	184.923	187.789
02:19:00	234.216	230.392	238.082	221.251	227.831	225.686	223.671	223.79	205.93	215.388	183.474	186.293
02:19:30	230.704	227.823	236.034	220.205	224.541	226.296	216.959	220.517	208.353	211.033	180.767	187.167
02:20:00	234.045	231.804	238.058	222.795	226.105	228.439	218.534	225.375	209.734	217.746	181.162	185.415
02:20:30	229.134	231.884	240.877	221.955	228.292	221.637	218.586	222.244	207.126	214.945	183.651	186.792
02:21:00	230.872	232.17	236.529	218.016	226.822	225.087	219.373	224.228	207.406	219.623	180.631	183.948
02:21:30	231.07	231.064	236.973	221.315	228.966	226.113	218.331	222.036	207.62	218.345	180.723	184.814
02:22:00	230.248	227.32	233.13	222.161	227.087	221.144	214.352	224.275	205.806	214.859	180.473	184.611
02:22:30	229.992	231.451	242.189	220.917	227.517	225.607	221.022	226.313	206.353	218.759	183.235	190.535
02:23:00	232.301	229.614	236.034	223.897	225.622	225.962	221.298	220.027	206.829	210.995	180.724	185.478
02:23:30	228.638	230.285	241.244	220.735	227.137	224.499	219.562	224.485	207.368	214.248	182.798	189.277
02:24:00	228.352	226.925	239.965	222.785	227.338	222.768	215.348	224.288	204.412	214.09	181.331	183.395
02:24:30	228.362	224.271	234.462	222.795	225.562	225.394	215.438	222.198	203.993	214.164	180.969	187.556
02:25:00	230.957	230.745	240.186	222.873	224.956	223.077	217.279	223.261	206.512	212.564	181.995	184.673
02:25:30	234.263	226.47	239.666	219.588	226.996	225.942	217.935	224.083	207.458	214.897	180.402	184.02
02:26:00	228.827	230.032	234.838	221.725	226.777	222.676	219.175	221.877	209.243	212.509	180.104	184.394
02:26:30	231.477	233.882	238.547	218.956	224.695	225.675	220.666	229.438	204.765	216.68	180.029	188.413
02:27:00	231.164	228.093	237.583	221.485	228.207	223.741	213.758	223.074	207.55	212.719	181.158	182.906
02:27:30	228.795	229.076	237.816	220.87	224.591	223.254	219.301	222.505	206.542	216.307	176.162	183.358
02:28:00	226.49	233.357	241.606	221.224	228.815	224.039	218.809	224.037	206.633	216.451	181.686	186.12
02:28:30	231.106	230.044	234.585	221.006	229.589	222.594	220.766	223.281	203.534	214.837	182.965	184.984
02:29:00	230.818	229.236	234.127	222.132	225.085	224.962	220.299	224.294	206.949	216.722	182.628	187.443
02:29:30	231.137	231.093	238.746	223.64	228.11	225.678	219.459	224.998	209.342	212.904	180.629	187.702
02:30:00	232.402	229.479	238.116	228.289	228.708	227.798	219.182	223.899	208.618	214.974	181.338	189.026
02:30:30	230.631	227.428	237.316	222.331	227.762	226.16	218.511	225.617	207.184	213.489	180.705	186.071
02:31:00	230.702	228.425	236.715	221.513	225.5	222.263	220.588	227.655	208.326	213.605	182.466	184.679
02:31:30	230.86	228.931	238.3	218.534	224.198	223.286	220.883	222.342	206.328	213.23	179.582	185.562
02:32:00	231.542	226.292	238.734	224.54	224.088	229.229	215.708	222.929	207.58	214.962	181.002	184.519
02:32:30	229.878	233.935	234.266	220.051	223.046	226.215	218.663	222.117	208.701	218.637	182.252	183.08
02:33:00	230.211	229.432	238.849	223.294	225.158	222.877	217.454	223.726	202.846	211.953	178.126	187.683
02:33:30	231.97	227.59	242.281	224.091	224.339	226.37	219.508	226.312	209.584	218.97	182.577	186.384
02:34:00	233.342	231.601	238.492	222.6	226.801	227.794	222.912	225.623	203.473	214.424	181.472	187.692
02:34:30	230.981	229.002	236.402	222.186	226.171	220.514	221.276	226.446	210.803	217.128	180.721	185.604
02:35:00	231.203	225.834	238.801	224.067	224.981	222.258	215.632	223.109	207.274	214.734	181.896	184.599
02:35:30	228.885	226.692	236.555	217.683	224.757	221.624	215.303	216.683	204.866	216.753	178.9	185.561
02:36:00	228.936	229.036	235.565	221.335	227.089	223.469	216.181	220.505	203.714	213.864	178.097	186.486
02:36:30	231.179	232.571	239.797	219.592	227.131	221.645	218.63	224.192	209.027	216.753	183.052	185.703
02:37:00	229.411	227.586	233.536	222.006	225.224	225.259	219.845	220.571	207.907	211.477	182.025	186.663
02:37:30	230.566	230.221	235.22	222.591	227.873	226.464	221.545	220.575	206.824	214.044	181.196	185.206
02:38:00	231.75	231.081	237.121	222.54	226.444	225.126	217.531	225.608	208.38	208.459	182.23	184.24
02:38:30	231.64	232.678	237.344	219.954	228.338	225.472	218.685	227.118	208.169	216.677	181.299	187.606
02:39:00	234.106	232.587	239.459	221.799	226.783	225.104	215.117	227.423	207.552	213.784	183.222	185.035
02:39:30	231.363	230.58	237.858	224.036	224.454	224.001	216.396	226.573	205.598	214.095	181.816	185.753
02:40:00	232.767	229.332	234.562	221.442	228.733	221.619	215.094	223.041	208.798	215.008	178.347	186.208
02:40:30	232.219	233.188	238.363	219.576	226.005	226.335	219.782	223.565	204.734	213.461	181.941	185.851
02:41:00	228.798	232.099	235.61	223.523	225.512	224.457	219.845	229.937	211.699	216.774	183.647	186.408
02:41:30	231.164	229.694	235.437	220.237	223.417	223.445	216.617	224.081	208.778	216.664	181.751	189.353
02:42:00	232.693	230.614	238.557	222.073	223.546	225.072	217.815	226.271	209.312	214.871	180.479	186.715
02:42:30	228.33	230.216	236.551	219.374	225.704	226.334	218.067	221.983	206.572	214.469	183.256	181.965
02:43:00	229.918	230.387	235.777	219.707	223.115	223.563	221.096	220.743	201.273	213.18	184.509	184.388
02:43:30	230.413	226.217	235.573	225.286	229.977	222.479	218.033	224.372	208.116	215.588	181.774	184.354
02:44:00	228.506	229.512	237.03	222.047	226.382	225.818	222.717	221.575	204.915	211.973	184.231	186.56
02:44:30	230.465	228.929	236.454	225.978	224.985	225.938	217.036	225.144	210.186	214.96	183.567	186.971
02:45:00	233.103	232.751	236.47	222.352	225.887	223.742	218.312	225.117	206.889	212.741	183.294	188.259
02:45:30	228.37	230.933	236.551	218.74	225.326	224.292	217.123	228.789	205.07	215.191	179	183.879
02:46:00	232.511	230.745	236.086	219.84	229.069	221.951	216.6	224.416	206.28	215.916	179.892	188.993
02:46:30	229.153	230.357	235.079	223.456	226.405	223.199	216.435	221.804	205.973	216.306	183.385	187.001
02:47:00	226.412	229.832	236.557	224.606	224.601	224.627	218.523	223.77	207.772	216.872	179.832	188.965
02:47:30	228.979	230.042	235.695	223.37	224.47	225.3	218.381	225.678	206.008	212.596	177.366	186.45
02:48:00	231.841	229.628	237.507	217.984	225.772	223.085	215.422	223.935	205.822	213.901	178.699	185.165
02:48:30	231.692	231.421	237.536	223.045	229.799	224.938	217.84	224.545	207.239	213.669	181.255	185.877
02:49:00	229.383	228.413	235.784	221.458	221.81	223.074	217.246	223.502	203.786	214.799	181.651	185.696
02:49:30	232.471	231.871	238.561	220.858	225.145	227.246	218.368	225.449	208.24	215.659	183.915	185.675
02:50:00	228.656	228.397	235.786	219.408	223.921	225.382	215.631	221.028	207.413	211.98	182.902	185.323
02:50:30	228.894	230.015	236.899	223.446	224.462	221.503	218.85	224.71	203.178	215.138	177.901	181.746
02:51:00	228.412	231.45	238.581	225.417	224.558	224.515	217.584	223.538	208.777	213.364	182.875	185.414
02:51:30	231.944	229.071	239.232	220.597	225.444	222.886	221.921	226.515	206.217	216.179	181.602	185.061
02:52:00	226.857	230.129	235.928	221.873	224.88	223.355	218.651	224.517	206.342	217.878	183.377	187.905
02:52:30	230.971	232.211	235.071	219.078	228.239	225.17	215.676	222.43	207.585	211.827	181.198	185.8
02:53:00	231.601	233.015	237.884	223.076	225.471	222.871	216.191	224.043	207.854	216.647	183.831	185.275
02:53:30	226.102	227.943	237.091	219.959	224.096	225.01	218.259	220.9	206.687	212.036	177.766	185.327
02:54:00	230.7	231.317	234.158	219.132	222.879	221.148	215.309	224.468	208.131	215.964	183.362	181.946
02:54:30	226.544	227.149	240.132	221.382	227.24	224.24	218.179	224.877	208.915	213.863	180.963	184.779
02:55:00	231.164	230.833	238.265	226.473	229.43	225.274	218.139	225.407	208.313	214.321	182.465	186.643
02:55:30	227.93	230.009	238.662	220.76	221.47	223.673	219.11	226.081	207.925	216.747	182.373	186.356
02:56:00	229.307	232.572	236.111	225.15	226.732	226.357	214.555	221.486	204.786	213.007	184.455	184.318
02:56:30	225.389	234.237	236.572	220.94	225.495	224.292	221.114	220.574	204.43	211.86	182.547	183.762
02:57:00	229.78	231.185	238.932	220.247	223.218	223.69	216.618	223.213	207.171	213.769	179.966	183.13
02:57:30	228.92	227.308	234.371	221.44	226.834	226.976	219.338	223.678	208.162	217.124	183.933	183.347
02:58:00	230.474	232.25	236.59	219.894	225.909	223.589	217.19	223.785	205.466	212.266	183.194	184.913
02:58:30	230.804	232.814	235.649	220.43	225.286	225.319	221.381	225.77	206.887	213.98	184.164	191.194
02:59:00	229.226	230.793	235.782	223.026	229.516	223.681	219.517	224.546	207.522	213.805	183.866	187.383
02:59:30	230.925	232.824	237.845	224.466	228.384	225.248	220.679	220.365	210.473	216.122	185.627	187.136
03:00:00	228.626	229.558	234.603	220.337	227.74	222.427	215.252	221.569	206.938	214.896	182.026	185.218
03:00:30	228.11	227.542	234.227	224.067	227.824	225.125	219.464	224.834	205.958	212.23	181.767	184.466
03:01:00	228.75	228.627	240.287	220.937	227.281	224.033	217.155	223.491	203.773	213.51	183.963	186.773
03:01:30	228.543	227.531	235.257	222.129	226.568	224.746	215.521	226.685	206.865	211.989	183.169	182.183
03:02:00	229.393	225.868	234.622	221.108	230.013	225.612	219.691	223.038	206.88	215.035	179.443	183.079
03:02:30	230.002	229.989	235.203	218.873	222.707	225.227	217.268	220.762	203.358	213.161	181.983	182.58
03:03:00	231.363	225.12	234.223	222.977	225.324	225.722	219.62	221.415	206.118	215.718	182.774	185.588
03:03:30	227.942	229.402	238.96	223.561	225.491	224.238	218.389	224.139	207.262	214.367	181.203	183.074
03:04:00	228.159	234.117	239.368	219.95	225.126	224.516	216.475	225.867	205.385	218.009	181.756	185.519
03:04:30	231.836	231.411	234.312	220.742	224.005	225.388	217.107	223.703	204.42	215.489	184.931	182.867
03:05:00	229.892	229.675	235.531	221.194	226.121	224.744	218.013	224.917	206.508	212.892	175.497	186.473
03:05:30	228.774	230.965	236.611	223.549	227.358	223.471	217.358	223.101	207.832	217.984	182.428	185.702
03:06:00	226.966	228.104	234.896	223.317	226.501	222.781	217.586	222.259	207.05	220.017	180.48	188.918
03:06:30	227.843	227.588	235.894	219.668	226.139	222.594	218.156	222.547	206.225	215.58	179.537	182.967
03:07:00	227.027	229.836	238.23	223.147	226.524	224.011	219.321	221.402	206.451	213.142	180.162	188.465
03:07:30	233.392	229.354	239.921	221.719	228.974	225.845	219.181	223.685	208.76	215.817	182.519	187.418
03:08:00	223.744	225.587	233.381	222.289	224.133	221.082	217.356	227.007	206.722	215.714	179.114	185.403
03:08:30	227.437	231.733	242.006	223.595	228.085	220.913	220.493	225.309	209.889	211.845	181.776	187.183
03:09:00	229.711	229.427	239.114	217.891	224.192	223.98	216.27	223.998	203.357	215.371	182.364	184.795
03:09:30	227.32	230.015	229.824	218.91	223.717	226.318	217.137	220.813	204.889	215.889	180.756	184.968
03:10:00	227.323	229.882	236.089	221.991	224.843	224.368	215.823	223.427	209.068	212.047	180.191	184.835
03:10:30	229.152	228.307	233.558	220.621	225.097	223.535	217.201	224.986	206.073	216.874	180.645	189.044
03:11:00	225.787	228.923	240.291	222.424	225.218	223.566	216.564	224.593	206.025	214.291	179.256	186.11
03:11:30	228.662	227.455	234.368	221.227	226.548	224.956	218.6	224.92	203.164	214.285	179.393	183.299
03:12:00	229.727	228.256	232.445	221.909	226.179	222.75	219.562	221.67	205.145	214.594	184.624	184.027
03:12:30	227.871	228.007	233.404	221.119	226.338	221.38	221.657	221.527	207.08	214.344	178.427	184.982
03:13:00	232.22	229.301	236.021	220.955	224.349	222.137	217.675	222.676	208.569	216.608	180.802	185.075
03:13:30	230.75	229.451	236.796	221.655	223.359	224.242	217.838	223.363	205.872	218.522	183.416	185.26
03:14:00	225.576	228.482	238.252	219.268	223.227	224.151	217.069	225.363	203.033	211.215	180.429	184.587
03:14:30	226.2	228.569	234.567	221.127	222.822	224.162	217.929	219.297	205.637	211.241	183.153	187.742
03:15:00	230.195	228.327	235.005	221.241	226.014	225.324	219.071	222.616	206.25	214.908	182.058	185.71
03:15:30	230.47	229.457	232.92	222.982	225.375	222.297	220.425	223.586	207.913	215.702	181.762	186.591
03:16:00	227.349	228.668	236.247	221.24	226.947	222.716	218.634	224.391	206.209	214.911	181.49	187.88
03:16:30	228.094	227.574	236.572	221.93	224.306	222.638	216.776	221.929	205.289	213.995	179.779	184.813
03:17:00	231.889	230.361	236.619	216.73	228.58	224.981	219.007	221.47	204.968	215.438	182.138	184.195
03:17:30	227.623	226.697	234.467	222.204	225.906	225.596	218.714	223.064	205.539	214.994	181.429	188.361
03:18:00	226.979	228.454	236.804	223.373	225.442	224.937	217.235	224.496	208.862	215.921	180.097	185.44
03:18:30	226.331	228.684	235.376	223.334	228.232	221.024	219.129	223.223	206.649	215.674	182.9	186.556
03:19:00	228.916	227.603	236.005	220.141	222.553	227.624	218.337	219.601	205.265	218.861	184.877	184.972
03:19:30	229.185	226.718	233.617	220.541	225.37	220.08	213.983	223.56	203.183	213.457	179.435	185.553
03:20:00	229.878	227.005	236.97	223.771	227.161	225.602	221.457	226.04	210.065	216.364	180.228	187.575
03:20:30	227.777	230.79	233.083	216.274	224.327	224.409	218.801	222.72	205.766	214.043	179.773	185.717
03:21:00	222.961	230.702	234.989	220.956	222.542	220.095	216.197	220.642	207.06	215.654	179.803	183.389
03:21:30	227.412	228.847	237.141	222.119	223.641	228.609	217.756	225.308	209.574	214.943	182.249	185.598
03:22:00	229.234	230.291	237.194	221.895	227.572	223.635	219.416	227.747	208.15	216.596	183.427	185.795
03:22:30	222.68	226.535	233.97	221.333	226.739	226.012	217.005	223.004	203.987	216.435	181.066	187.03
03:23:00	226.869	230.114	232.423	220.134	229.727	223.612	215.122	225.551	208.157	214.139	184.084	187.061
03:23:30	229.974	229.328	233.301	221.325	223.519	224.012	218.708	223.848	206.755	213.905	181.832	188.318
03:24:00	229.667	230.23	235.849	219.013	227.205	220.453	223.295	220.958	208.09	216.378	181.661	185.658
03:24:30	232.732	230.505	237.263	219.616	226.145	222.681	221.234	223.391	206.995	216.558	182.156	188.901
03:25:00	228.993	229.22	237.881	226.518	226.833	226.368	218.634	220.414	211.338	218.682	185.35	185.396
03:25:30	231.273	224.171	234.541	220.599	228.32	224.151	218.489	220.825	206.429	214.278	182.255	181.39
03:26:00	230.64	229.269	233.886	220.691	224.345	223.98	216.356	223.358	206.871	212.71	179.659	185.952
03:26:30	229.526	229.433	237.452	220.321	225.937	221.232	217.964	220.913	206.963	215.045	182.37	185.098
03:27:00	225.957	231.338	235.887	223.002	225.47	223.746	219.41	220.004	207.338	217.467	180.425	185.782
03:27:30	228.602	225.635	230.274	217.554	228.297	223.452	217.804	221.339	206.012	211.828	178.713	182.668
03:28:00	223.9	231.267	236.367	221.294	225.305	223.661	221.752	225.096	203.587	215.794	184.541	186.458
03:28:30	230.67	225.858	235.468	220.754	225.196	224.318	216.655	222.004	209.766	214.315	180.25	186.784
03:29:00	226.905	230.055	233.801	219.77	228.248	225.557	216.979	224.967	210.511	214.979	180.845	189.145
03:29:30	229.689	227.865	234.139	219.399	226.754	224.927	218.125	223.317	208.51	215.771	182.324	187.908
03:30:00	229.406	230.397	236.073	224.061	225.774	225.444	218.758	224.444	204.994	217.317	180.102	187.98
03:30:30	229.09	227.956	237.041	222.201	224.088	225.086	216.478	222.377	204.896	215.351	181.214	182.874
03:31:00	228.104	228.974	236.172	223.829	225.568	221.529	217.148	228.05	204.466	211.587	179.764	187.31
03:31:30	228.918	233.198	236.152	219.089	226.978	226.09	216.317	226.241	212.866	217.592	182.364	186.095
03:32:00	229.837	226.14	229.746	218.607	228.67	223.724	215.3	222.05	204.877	210.901	179.63	182.401
03:32:30	226.851	226.768	234.46	221.822	224.694	225.2	219.235	220.91	203.848	215.509	179.201	185.863
03:33:00	227.786	228.271	235.446	218.622	224.82	221.969	215.87	218.863	204.821	213.647	178.266	186.092
03:33:30	226.719	227.352	237.655	218.664	227.594	225.144	220.347	222.635	210.243	215.743	183.183	183.489
03:34:00	225.1	229.528	236.659	219.249	222.996	222.716	220.665	224.553	210.244	213.802	180.987	184.745
03:34:30	226.444	231.186	234.474	220.839	223.597	225.033	217.194	224.644	209.381	214.935	182.676	186.177
03:35:00	232.002	228.095	234.521	220.632	229.116	224.965	220.793	225.425	204.041	218.286	183.233	186.134
03:35:30	227.109	226.378	235.059	220.571	227.003	222.717	219.572	220.198	205.294	213.591	179.738	185.787
03:36:00	227.54	229.912	233.87	222.589	227.516	223.096	221.394	221.048	207.326	214.508	183.304	186.753
03:36:30	226.584	228.354	232.9	225.285	227.619	223.733	217.378	219.829	208.209	212.989	184.682	187.253
03:37:00	228.277	228.308	239.134	225.661	224.048	224.803	214.743	223.467	205.346	217.004	180.513	185.068
03:37:30	228.386	226.898	234.873	223.895	223.483	225.82	219.146	226.838	204.584	215.715	181.119	184.94
03:38:00	230.378	225.719	237.498	222.757	227.826	226.602	220.38	225.583	204.693	217.777	179.981	186.069
03:38:30	222.932	234.21	231.664	218.323	226.811	223.831	214.456	221.591	207.556	215.835	181.966	183.119
03:39:00	227.32	228.552	235.457	214.684	225.727	225.411	219.226	224.457	207.194	216.414	178.916	186.809
03:39:30	227.296	229.239	233.85	221.395	222.897	223.653	219.086	225.896	207.293	214.015	185.774	185.678
03:40:00	229.103	230.17	235.8	222.702	230.603	224.833	218.711	221.147	204.479	216.38	183.236	184.32
03:40:30	230.13	230.703	235.209	222.047	223.097	225.423	217.903	224.411	208.455	213.464	179.328	187.541
03:41:00	223.656	229.364	231.103	219.491	226.528	223.594	217.38	224.616	206.105	214.137	180.896	185.345
03:41:30	225.888	226.222	235.466	221.586	224.826	220.423	217.868	223.78	204.91	213.244	182.28	184.848
03:42:00	230.627	228.366	236.511	222.559	224.457	224.915	217.329	223.929	208.377	213.985	183.379	187.944
03:42:30	225.049	223.107	231.456	224.581	223.429	223.644	215.463	219.89	206.17	214.808	182.291	180.144
03:43:00	226.047	227.612	232.377	217.477	223.855	221.175	217.647	217.63	204.682	214.597	179.808	185.506
03:43:30	227.782	232.386	235.466	220.707	227.676	225.048	219.495	225.51	206.431	215.364	183.222	189.051
03:44:00	227.88	231.502	235.347	217.215	222.054	224.206	218.794	221.479	209.473	211.421	177.548	185.681
03:44:30	229.26	229.831	236.097	221.108	225.039	226.271	215.686	227.618	208.862	216.254	186.597	185.31
03:45:00	229.168	228.37	235.544	221.556	222.549	222.853	219.729	222.445	204.915	214.144	180.468	184.371
03:45:30	229.65	226.997	236.36	221.081	222.61	223.588	222.963	222.705	205.675	217.325	181.272	186.011
03:46:00	227.324	227.932	237.348	222.905	224.268	226.321	219.161	224.493	207.681	214.511	181.628	185.621
03:46:30	228.093	228.168	231.338	220.278	225.915	220.891	217.508	219.461	204.541	213.319	180.342	187.218
03:47:00	226.899	226.919	236.672	216.945	224.003	225.862	218.55	224.91	207.21	215.975	180.619	181.665
03:47:30	225.621	229.726	235.664	220.194	223.915	223.863	221.401	224.181	207.22	208.367	182.781	184.199
03:48:00	229.97	229.617	233.74	220.823	226.938	221.2	218.645	226.324	210.061	212.159	180.5	186.242
03:48:30	229.076	227.606	235.306	221.606	226.419	223.07	218.291	225.501	203.884	215.355	185.049	183.808
03:49:00	225.181	230.875	232.528	219.361	228.775	218.852	217.249	221.475	210.65	214.4	184.398	185.85
03:49:30	228.591	227.925	236.757	219.878	222.439	225.258	216.583	225.273	209.783	213.449	176.383	184.739
03:50:00	229.415	228.836	235.154	222.554	226.298	221.846	220.005	221.82	207.424	216.421	182.558	182.938
03:50:30	227.365	228.016	233.572	221.062	226.272	226.773	217.783	221.428	204.304	215.608	183.248	181.439
03:51:00	225.909	230.1	233.771	219.489	224.064	223.355	220.538	223.396	204.898	218.358	178.991	185.288
03:51:30	224.451	228.239	231.623	219.522	224.427	222.218	219.723	223.514	206.239	214.27	183.595	185.507
03:52:00	227.564	227.286	237.719	219.796	224.71	226.535	220.875	225.324	206.378	217.284	181.136	188.914
03:52:30	231.482	229.55	234.594	221.828	225.812	224.323	218.213	222.285	209.555	215.726	181.444	187.174
03:53:00	229.379	227.692	232.543	223.187	228.57	223.258	214.685	224.269	206.379	211.79	180.165	187.462
03:53:30	226.097	227.175	233.979	214.272	222.172	223.57	217.926	219.677	209.319	215.839	183.235	184.401
03:54:00	225.873	230.1	236.614	221.685	224.327	223.981	216.508	225.218	207.735	214.241	180.956	184.999
03:54:30	230.508	228.149	238.52	224.58	224.446	226.086	216.775	225.069	205.911	213.368	181.543	187.571
03:55:00	227.505	226.108	233.893	220.213	224.382	223.314	215.061	224.993	207.048	216.172	184.138	188.514
03:55:30	226.254	229.346	234.905	220.462	225.682	226.462	219.153	221.307	207.494	214.365	182.423	187.276
03:56:00	226.432	232.426	230.196	221.417	227.324	221.426	217.585	223.619	206.438	216.249	181.247	185.52
03:56:30	226.356	226.7	234.629	219.45	225.761	219.836	218.167	223.63	206.297	211.386	179.874	184.239
03:57:00	226.675	226.195	233.922	220.85	225.325	225.005	219.119	219.982	208.538	215.464	178	183.789
03:57:30	229.861	226.188	231.98	223.333	226.573	220.738	220.385	223.546	206.304	215.39	181.247	183.363
03:58:00	226.513	230.244	235.73	221.475	225.742	221.758	222.287	224.425	206.87	215.307	181.809	181.817
03:58:30	225.168	228.69	233.293	220.34	224.224	223.366	218.557	223.286	207.635	213.803	179.411	184.808
03:59:00	225.785	228.299	235.178	218.654	224.26	221.188	215.761	225.614	206.269	211.913	181.11	185.307
03:59:30	224.723	227.435	233.194	222.034	223.129	222.734	220.445	223.546	207.96	216.375	185.056	181.429
04:00:00	227.252	227.417	231.987	220.063	224.919	220.755	219.67	225.872	209.917	213.745	180.548	183.686