Time	2	5	10	15	20	25	30	35	40	50	60	75
00:00:00	224.049	209.24	213.347	207.415	206.638	206.249	221.554	202.519	190.943	197.647	191.698	191.249
00:00:30	246.929	236.038	236.629	229.809	225.992	225.797	243.425	221.76	211.57	201.306	205.132	198.71
00:01:00	217.079	204.357	211.154	205.483	204.032	200.486	203.922	190.322	190.069	187.715	182.964	178.995
00:01:30	209.325	197.299	206.779	198.358	196.492	188.693	200.418	185.116	179.079	180.651	177.48	173.755
00:02:00	201.05	193.604	197.281	188.843	189.803	183.976	193.775	177.547	172.745	174.909	172.878	167.944
00:02:30	193.765	186.801	192.685	190.166	183.829	176.237	184.654	177.576	169.047	169.117	164.985	161.795
00:03:00	187.884	180.545	188.862	181.237	181.105	168.657	179.553	172.954	166.235	165.304	160.432	157.292
00:03:30	184.247	174.587	184.481	172.971	177.097	164.989	172.742	162.965	159.128	158.466	156.121	153.498
00:04:00	178.619	171.233	179.421	164.245	172.596	158.248	166.063	158.081	151.875	153.973	149.878	146.836
00:04:30	176.397	165.33	174.569	160.497	167.002	155.827	160.551	153.612	148.261	151.366	148.678	143.113
00:05:00	171.641	163.809	167.61	155.227	161.451	152.338	153.233	148.101	146.652	146.963	143.139	138.16
00:05:30	170.01	162.628	167.098	154.603	159.621	146.866	151.265	145.654	138.568	141.894	134.34	136.802
00:06:00	168.375	160.158	161.229	150.628	154.33	145.945	148.413	143.032	136.201	138.809	134.301	131.147
00:06:30	162.806	154.679	160.032	151.002	150.835	142.999	147.792	137.607	133.707	134.414	131.682	126.39
00:07:00	164.334	156.597	154.092	145.908	151.594	138.82	144.613	135.293	131.76	131.761	129.922	124.671
00:07:30	162.28	152.805	155.282	140.062	150.529	138.669	143.668	134.68	128.789	128.481	126.242	120.464
00:08:00	161.258	148.497	153.948	143.213	144.713	139.236	139.232	131.238	126.626	127.781	124.857	119.867
00:08:30	161.051	151.337	152.656	143.13	144.092	135.656	137.331	130.258	123.255	125.778	124.252	119.346
00:09:00	158.257	151.272	151.802	141.667	142.691	131.494	138.178	131.294	120.752	123.427	123.028	117.768
00:09:30	154.996	148.638	147.004	139.766	141.467	132.595	136.038	126.844	119.171	123.75	121.232	116.426
00:10:00	154.083	145.716	148.391	137.95	141.078	131.77	135.222	127.354	119.591	120.088	119.909	113.333
00:10:30	155.814	147.382	146.903	137.258	138.83	128.66	133.809	127.144	118.392	118.145	119.258	111.27
00:11:00	154.656	148.334	146.792	138.437	141.616	129.9	133.089	125.056	117.361	119.109	118.75	109.187
00:11:30	153.51	146.417	148.457	136.875	139.931	130.426	130.917	125.972	116.406	116.712	117.05	109.8
00:12:00	150.412	149.026	145.357	136.784	139.055	126.946	130.407	126.243	113.669	115.472	118.459	108.88
00:12:30	152.222	145.561	149.76	136.336	139.452	128.736	129.906	124.002	115.331	113.808	116.402	106.11
00:13:00	152.102	144.211	147.439	134.276	136.987	126.555	129.854	119.428	114.425	114.033	114.871	106.81
00:13:30	152.002	144.275	146.152	133.911	136.572	124.624	128.545	121.744	114.068	112.486	117.338	107.248
00:14:00	147.102	144.947	143.437	132.859	135.464	123.878	127.77	120.72	113.64	113.743	111.396	104.109
00:14:30	151.746	140.869	142.331	133.19	136.221	124.43	126.206	121.6	114.146	112.713	113.116	103.495
00:15:00	152.824	139.557	141.659	130.954	136.519	126.414	129.457	118.477	111.349	111.866	114.111	103.622
00:15:30	148.023	139.878	139.543	130.24	135.525	120.674	127.872	120.077	113.655	109.76	110.007	101.075
00:16:00	150.975	138.622	139.811	132.563	137.468	124.59	126.779	119.036	111.385	109.88	112.704	102.251
00:16:30	150.253	141.776	140.876	129.661	133.106	121.27	126.557	117.462	112.523	108.526	111.665	101.963
00:17:00	145.815	141.583	140.845	129.1	134.889	121.941	125.773	118.612	108.434	109.092	112.512	101.096
00:17:30	148.473	139.318	140.741	129.129	133.614	122.818	125.913	116.501	109.066	109.622	113.641	99.675
00:18:00	147.925	139.586	139.471	132.238	131.046	121.562	125.535	117.071	109.194	110.739	111.303	101.288
00:18:30	147.931	140.48	141.17	131.121	132.766	123.012	125.382	114.629	108.096	108.019	110.761	102.585
00:19:00	149.76	138.877	141.674	129.49	134.22	120.432	124.839	115.258	107.313	108.508	111.273	99.479
00:19:30	147.562	138.369	141.386	129.748	131.515	119.761	123.903	115.278	106.793	107.672	109.98	99.183
00:20:00	146.242	139.721	137.334	127.203	132.053	119.224	124.76	117.411	105.495	108.012	109.887	99.449
00:20:30	147.821	139.138	138.783	128.81	132.561	118.212	124.625	115.034	105.994	104.987	109.875	99.442
00:21:00	149.41	138.13	138.44	127.913	132.844	121.006	123.31	115.703	107.903	109.657	109.338	101.334
00:21:30	144.784	138.458	139.88	125.34	130.288	121.048	121.687	114.642	105.124	108.467	108.512	99.913
00:22:00	144.969	139.183	139.488	127.83	133.012	122.256	121.935	113.872	104.995	105.931	106.509	99.194
00:22:30	145.557	137.059	138.866	126.93	132.309	120.195	121.098	114.464	104.749	105.272	104.992	98.656
00:23:00	144.959	138.906	138.63	125.243	130.618	119.318	121.02	113.054	105.129	104.856	108.523	96.525
00:23:30	145.903	138.415	138.866	127.923	131.923	120.067	120.209	115.263	106.717	106.731	108.254	96.462
00:24:00	145.154	138.077	137.009	125.822	129.234	117.432	122.886	113.607	106.914	103.594	107.227	95.191
00:24:30	147.303	135.621	138.778	124.484	128.902	119.877	119.677	115.508	104.289	104.996	107.112	97.941
00:25:00	143.541	139.916	138.437	127.826	132.77	120.036	123.363	113.812	102.586	105.474	106.515	97.288
00:25:30	145.288	138.143	136.645	127.477	129.318	116.975	118.401	111.803	106.245	102.376	107.458	95.324
00:26:00	146.117	138.108	135.994	125.496	127.055	117.925	121.732	114.701	103.378	103.197	106.663	97.125
00:26:30	142.45	139.343	136.032	126.519	131.292	116.879	120.295	112.291	106.262	104.474	104.299	96.907
00:27:00	147.455	137.153	138.577	122.853	128.75	117.241	120.471	113.356	106.407	103.314	105.467	94.168
00:27:30	144.671	136.918	136.496	127.683	129.627	117.201	119.662	115.252	104.744	102.387	106.642	96.624
00:28:00	143.549	135.347	135.288	125.855	126.607	116.884	119.459	113.839	106.718	104.122	107.542	95.4
00:28:30	144.913	136.591	136.641	124.479	129.098	117.867	116.016	111.57	104.026	104.122	106.138	94.909
00:29:00	145.741	138.008	133.446	122.852	129.878	115.43	118.628	113.333	102.532	103.472	106.014	95.552
00:29:30	143.243	136.199	135.818	124.364	128.619	116.789	119.367	112.618	104.583	102.765	105.347	94.344
00:30:00	146.502	136.177	135.238	121.535	129.582	117.379	119.794	111.961	102.854	103.382	105.345	94.556
00:30:30	143.615	135.164	134.564	123.59	126.016	117.78	118.995	114.633	103.942	100.834	106.045	93.959
00:31:00	144.1	136.261	136.389	123.783	128.33	114.955	119.241	111.006	104.013	103.337	104.006	95.683
00:31:30	142.909	136.91	131.86	123.874	128.92	115.008	116.162	113.077	101.62	102.858	104.303	96.003
00:32:00	143.464	136.133	135.8	122.932	126.679	117.111	117.878	111.216	104.736	102.209	106.754	94.14
00:32:30	144.823	133.214	134.943	124.728	127.882	113.463	119.171	111.745	102.96	103.305	105.827	92.579
00:33:00	145.74	132.73	134.98	120.046	128.011	117.145	118.44	111.912	100.866	101.298	103.622	93.756
00:33:30	143.936	134.505	136.431	122.613	127.077	116.32	117.422	111.067	103.336	101.897	105.823	96.365
00:34:00	143.811	134.564	135.063	122.609	125.691	115.801	116.006	109.209	101.609	101.582	103.561	94.832
00:34:30	142.645	134.066	134.122	123.247	125.137	117.282	116.371	110.011	105.043	101.033	102.718	92.644
00:35:00	141.732	133.729	134.326	123.642	125.654	115.895	117.377	109.471	102.7	102.802	103.922	93.452
00:35:30	144.757	134.853	134.741	121.912	127.276	115.052	116.34	111.898	103.123	101.794	103.119	95.173
00:36:00	144.605	132.356	131.722	122.116	127.583	115.047	119.031	113.631	99.257	102.723	104.329	92.815
00:36:30	140.653	134.667	135.872	120.508	129.328	115.323	115.653	108.962	100.449	99.423	102.195	93.535
00:37:00	140.496	133.608	137.043	121.749	128.173	115.015	113.501	109.111	101.988	101.522	104.625	93.478
00:37:30	144.332	133.463	132.404	122.889	128.353	114.557	115.331	111.618	104.046	101.411	103.077	92.641
00:38:00	142.261	134.588	136.102	124.465	126.885	115.899	116.436	113.211	101.608	103.072	104.471	95.571
00:38:30	142.28	136.102	134.216	121.397	126.38	116.449	116.103	110.645	103.861	101.274	103.895	94.642
00:39:00	142.5	136.652	133.489	122.719	125.356	116.107	116.857	111.235	99.591	102.432	103.222	92.455
00:39:30	143.576	132.305	137.655	122.743	128.36	113.624	115.657	112.137	101.855	100.177	106.269	94.003
00:40:00	140.044	134.883	135.209	124.115	127.054	113.69	116.291	111.848	103.032	99.552	105.072	92.121
00:40:30	144.106	132.24	133.02	123.645	127.746	115.913	117.32	108.746	101.417	101.405	104.384	96.067
00:41:00	140.402	134.958	134.13	122.264	126.627	117.207	115.055	111.794	102.094	100.018	102.841	91.134
00:41:30	139.287	132.948	131.547	120.74	125.956	116.14	115.479	110.278	103.659	101.502	100.655	91.637
00:42:00	144.468	134.897	133.623	122.382	127.324	114.655	115.309	109.567	102.252	101.308	104.47	92.041
00:42:30	141.418	131.783	133.218	121.625	125.89	117.699	115.098	110.922	99.725	100.836	102.988	92.381
00:43:00	141.622	133.876	133.824	122.959	127.961	112.721	117.081	108.85	101.421	101.519	105.053	93.532
00:43:30	145.825	135.027	134.271	120.144	128.039	114.25	116.235	110.716	101.05	101.583	102.929	94.036
00:44:00	142.297	130.907	133.765	120.223	128.594	116.652	116.677	111.016	103.569	102.854	103.392	93.744
00:44:30	141.646	133.416	133.934	120.84	127.039	115.978	114.33	111.118	102.637	100.171	104.139	91.973
00:45:00	143.344	132.156	134.768	119.971	125.667	114.964	113.559	109.171	101.08	99.164	102.57	93.125
00:45:30	138.627	134.917	135.572	119.364	128.036	113.903	115.108	111.81	103.225	101.365	103.067	94.538
00:46:00	140.264	133.955	135.164	121.652	125.573	113.952	115.033	111.305	98.801	102.304	104.019	91.905
00:46:30	145.511	132.736	133.062	122.99	127.019	116.744	114.712	107.274	101.878	99.183	104.568	92.88
00:47:00	142.136	133.988	135.364	118.949	125.902	115.935	115.051	111.346	103.156	100.561	103.65	93.43
00:47:30	147.61	133.259	135.95	122.511	128.733	112.113	117.353	112.185	101.053	102.27	103.703	91.899
00:48:00	141.553	130.752	133.874	120.171	126.219	115.453	116.336	110.357	103.763	101.864	103.999	93.482
00:48:30	142.184	132.644	136.226	120.398	125.728	115.783	116.408	111.1	101.543	100.183	101.613	91.326
00:49:00	141.543	133.118	133.321	122.044	127.522	112.332	114.353	110.171	100.428	100.326	103.85	92.29
00:49:30	141.827	130.672	135.98	121.253	126.662	114.181	114.075	110.222	102.589	100.129	105.711	94.967
00:50:00	142.754	131.254	134.697	120.641	125.896	113.313	115.344	112.249	102.321	100.638	103.492	93.791
00:50:30	142.754	130.789	130.732	119.439	125.226	115.872	114.515	109.875	101.585	100.875	101.834	92.377
00:51:00	141.484	131.42	134.155	121.553	126.342	115.836	115.201	111.467	101.92	101.548	102.369	93.045
00:51:30	142.796	131.884	134.327	119.175	127.011	112.938	116.465	108.203	101.064	99.413	101.378	94.934
00:52:00	142.769	132.48	133.148	119.308	127.453	114.785	116.001	108.835	102.668	102.719	102.367	92.626
00:52:30	142.495	132.832	133.529	121.602	128.528	112.185	113.947	106.963	102.515	99.291	102.123	89.884
00:53:00	139.956	134.929	134.004	121.387	126.853	113.991	116.728	109.044	102.212	100.265	102.924	92.168
00:53:30	142.545	134.726	131.832	121.405	127.653	115.268	115.893	108.356	102.227	101.514	103.509	92.004
00:54:00	140.417	131.847	134.915	122.796	125.375	115.606	115.068	108.185	101.038	101.768	102.729	92.457
00:54:30	141.547	134.764	135.459	118.467	127.445	115.943	114.406	109.882	102.818	100.771	103.162	92.046
00:55:00	139.664	133.904	134.897	119.187	125.963	113.51	113.623	112.796	99.204	100.526	102.198	91.187
00:55:30	141.005	132.076	132.564	119.796	127.582	113.856	112.612	110.349	99.55	99.319	100.247	91.064
00:56:00	140.395	130.458	131.422	120.7	125.406	113.524	115.605	111.415	99.503	98.914	102.215	94.646
00:56:30	140.151	133.399	130.703	121.222	125.692	113.347	113.662	110.518	98.365	99.608	103.297	93.304
00:57:00	140.988	131.898	132.202	122.924	126.854	113.163	113.451	112.071	99.363	100.907	102.943	91.789
00:57:30	139.964	130.498	131.987	119.792	124.516	115.1	116.26	109.373	100.297	100.114	104.807	90.491
00:58:00	139.662	132.065	135.556	118.412	124.823	113.07	113.717	109.294	101.571	99.096	100.553	89.815
00:58:30	139.694	132.517	133.62	119.08	126.483	113.42	115.263	110.288	99.428	99.745	102.286	93.231
00:59:00	142.716	134.038	131.225	120.494	125.096	113.551	114.654	112.007	99.392	99.354	102.383	91.272
00:59:30	139.642	131.409	132.04	120.409	127.655	113.611	114.767	108.972	100.745	98.561	102.186	90.875
01:00:00	141.065	132.339	133.208	122.219	126.246	112.488	116.158	107.724	99.008	99.98	102.939	92.791
01:00:30	140.077	133.671	132.752	121.219	125.158	115.886	114.914	107.913	98.418	99.894	104.106	90.794
01:01:00	140.299	131.548	132.119	118.642	125.477	113.143	112.142	106.297	98.39	98.208	101.482	90.746
01:01:30	139.946	132.407	130.544	122.143	126.328	113.974	113.343	110.42	101.099	98.571	101.321	92.572
01:02:00	140.71	130.483	135.857	119.709	127.805	113.049	113.439	109.338	100.186	101.587	103.366	93.058
01:02:30	142.519	133.451	131.893	120.359	126.128	114.321	115.159	110.406	100.417	99.826	102.771	94.293
01:03:00	140.901	131.38	132.924	121.761	125.716	113.078	111.168	110.67	102.708	98.351	103.687	92.563
01:03:30	141.209	133.569	132.013	121.519	123.603	113.449	115.9	110.634	101.093	101.185	103.161	94.62
01:04:00	142.428	132.886	134.102	122.737	127.708	114.458	115.997	109.416	98.38	101.468	102.551	92.742
01:04:30	141.409	131.033	132.935	122.222	125.084	114.58	113.44	109.175	101.306	101.463	103.743	91.399
01:05:00	140.752	131.119	129.821	118.31	125.132	114.916	111.475	106.411	100.509	100.625	101.516	90.024
01:05:30	138.645	132.689	134.212	120.364	125.194	115.421	114.582	109.159	101.116	100.821	104.122	92.222
01:06:00	138.23	131.002	131.248	119.64	125.088	111.285	112.106	108.486	99.007	100.166	102.909	91.352
01:06:30	139.286	132.508	132.005	119.316	124.051	112.005	115.058	110.846	99.949	98.222	104.004	92.316
01:07:00	139.324	132.715	134.762	119.309	125.315	113.142	113.765	109.587	100.996	99.747	104.194	91.116
01:07:30	138.138	131.324	131.831	118.83	123.144	113.4	112.66	107.925	100.008	100.073	99.545	90.964
01:08:00	142.522	131.098	132.129	119.783	128.194	113.181	113.573	109.058	102.838	99.054	103.833	91.75
01:08:30	142.149	132.876	131.159	120.573	127.763	113.274	114.259	108.339	100.583	101.433	102.38	94.506
01:09:00	137.686	130.425	131.722	121.02	126.553	113.45	113.545	109.444	100.485	99.986	101.128	91.596
01:09:30	139.089	130.872	134.22	121.378	126.27	114.113	112.39	108.568	102.384	100.916	102.051	91.39
01:10:00	142.09	130.171	132.402	119.086	123.963	113.605	112.082	107.799	100.379	100.401	101.666	90.837
01:10:30	139.682	132.107	134.479	118.9	126.647	113.96	110.271	110.378	102.478	101.389	102.112	91.855
01:11:00	141.842	132.726	130.242	120.649	127.009	115.573	113.219	108.676	101.774	100.875	99.93	92.043
01:11:30	140.258	132.754	134.824	119.544	126.111	114.251	112.945	109.799	101.134	100.615	102.471	94.087
01:12:00	139.678	131.884	131.37	118.914	124.133	114.555	112.73	107.467	100.315	98.909	103.145	92.49
01:12:30	139.439	131.241	132.245	117.537	127.574	113.192	113.675	108.636	98.419	100.691	102.575	91.378
01:13:00	141.23	133.102	130.101	120.082	123.896	111.137	111.72	110.384	99.99	98.652	101.329	91.158
01:13:30	141.883	131.866	133.153	121.461	123.811	113.899	112.009	109.447	99.36	101.743	103.365	90.972
01:14:00	136.971	132.119	132.362	119.277	127.175	114.013	113.069	105.905	101.705	100.155	102.737	89.408
01:14:30	134.389	131.949	133.757	120.204	127.591	115.633	114.783	111.615	100.952	99.697	101.916	90.176
01:15:00	140.409	132.333	131.895	120.72	124.602	115.231	113.297	107.924	99.714	98.912	103.293	94.223
01:15:30	140.725	133.305	133.216	120.419	125.104	115.413	115.149	109.297	102.341	100.156	101.973	92.512
01:16:00	143.181	130.982	130.303	118.959	126.585	116.58	113.548	110.089	98.305	97.703	102.778	92.724
01:16:30	140.263	133.506	133.306	120.044	126.002	114.595	111.499	109.337	100.161	98.307	100.584	93.145
01:17:00	140.959	136.101	132.993	119.784	125.532	113.399	110.418	109.733	100.289	98.892	102.48	91.854
01:17:30	139.914	133.543	132.993	119.948	125.739	113.587	112.263	109.334	99.835	98.085	100.207	92.531
01:18:00	139.607	133.538	131.533	117.514	125.087	114.912	112.101	106.727	99.962	98.756	103.047	92.616
01:18:30	139.466	132.665	133.18	122.363	124.144	114.819	112.921	111.879	99.987	99.17	101.621	91
01:19:00	139.244	134.111	132.766	119.953	123.363	111.233	111.692	109.646	100.586	97.467	101.427	93.606
01:19:30	139.484	134.325	133.895	119.854	126.009	114.727	111.695	111.389	100.217	96.482	103.029	89.734
01:20:00	137.171	131	131.751	119.364	124.578	111.865	112.02	107.677	99.615	99.83	103.743	90.627
01:20:30	140.186	131.302	132.712	120.556	124.89	114.181	113.686	110.459	100.288	100.894	102.548	92.014
01:21:00	139.265	128.568	131.703	121.294	123.987	114.589	112.733	109.425	100.872	99.003	100.899	93.734
01:21:30	141.063	130.517	131.937	121.182	126.711	115.136	112.278	108.886	99.637	99.991	100.644	92.031
01:22:00	140.363	130.567	132.459	116.953	126.583	114.099	116.578	108.445	102.824	97.396	103.071	92.693
01:22:30	141.344	132.167	131.01	120.29	125.057	114.241	113.906	110.589	99.446	100.59	103.482	92.547
01:23:00	138.472	128.011	130.692	121.622	125.762	115.705	112.387	110.489	102.206	99.867	102.408	92.261
01:23:30	140.73	132.282	130.115	120.745	123.096	113.078	114.947	110.464	99.695	100.283	102.599	90.829
01:24:00	139.469	132.224	130.681	120.931	122.553	113.548	112.641	108.249	97.815	98.741	103.001	92.736
01:24:30	140.341	131.467	129.044	121.631	127.986	113.228	112.194	111.023	100.097	102.551	102.144	91.912
01:25:00	138.14	129.448	133.031	119.743	124.566	116.003	112.341	108.692	100.306	100.433	102.136	91.945
01:25:30	138.855	132.306	131.795	122.253	125.247	110.605	112.601	107.588	101.672	98.877	100.445	91.432
01:26:00	140.157	132.02	132.454	121.049	124.823	111.181	114.516	111.514	100.05	99.315	101.529	92.739
01:26:30	140.574	131.449	131.808	119.569	125.405	114.219	111.945	109.552	98.951	96.202	100.942	91.821
01:27:00	137.64	131.912	130.111	118.677	129.25	114.99	113.676	108.565	101.777	96.861	101.033	93.475
01:27:30	137.975	131.701	129.523	117.432	126.565	112.6	110.875	111.08	102.296	99.093	102.534	93.446
01:28:00	137.974	129.533	133.096	121.966	124.007	111.994	114.311	110.072	102.069	101.707	102.242	88.807
01:28:30	143.261	130.237	133.789	121.175	122.332	114.931	113.861	108.376	100.333	99.998	100.642	91.547
01:29:00	139.082	131.666	131.32	118.685	128.238	112.991	116.085	110.706	101.193	99.403	102.302	92.434
01:29:30	141.282	132.273	133.12	124.856	125.811	113.837	114.178	109.404	98.883	100.855	102.381	90.981
01:30:00	143.237	130.292	129.603	120.052	128.015	114.98	111.807	106.181	99.756	97.515	102.648	90.778
01:30:30	137.195	131.431	132.216	118.346	125.031	114.027	112.576	109.287	100.499	98.518	101.226	89.984
01:31:00	139.296	129.466	132.669	121.046	123.444	113.542	114.17	109.677	100.249	98.885	102.305	92.071
01:31:30	141.262	130.346	131.065	119.705	124.248	114.388	112.038	109.521	98.764	100.574	102.918	92.907
01:32:00	140.945	133.546	132.513	118.83	121.855	113.241	114.687	108.006	102.677	101.091	104.518	92.691
01:32:30	142.054	130.948	131.994	118.183	127.807	114.18	112.654	110.126	100.309	99.25	100.582	93.084
01:33:00	142.779	131.357	133.343	122.814	125.718	113.78	111.568	110.787	101.458	99.7	102.327	90.454
01:33:30	142.56	133.218	132.408	120.89	127.284	113.281	113.386	110.466	100.54	98.915	102.195	91.239
01:34:00	140.27	134.442	130.217	119.606	125.644	114.945	113.703	108.853	100.901	100.936	102.301	92.139
01:34:30	139.842	130.526	132.732	119.03	124.536	114.119	113.664	106.934	100.413	99.996	101.799	91.519
01:35:00	138.951	131.738	132.523	120.162	123.428	112.521	110.514	108.331	99.643	99.82	101.516	91.325
01:35:30	138.746	131.44	132.283	119.046	127.711	115.111	112.979	109.116	101.726	101.577	100.327	89.604
01:36:00	141.456	130.676	130.542	119.642	125.424	116.036	113.365	111.439	98.857	97.63	101.055	90.752
01:36:30	141.3	133.046	132.53	122.471	124.635	116.332	112.293	109.277	98.938	98.841	102.178	92.168
01:37:00	140.822	129.932	133.682	119.569	124.183	113.968	111.88	108.199	100.616	100.815	100.817	90.827
01:37:30	140.58	130.226	132.522	118.981	126.496	113.773	113.649	110.929	101.338	99.571	102.983	93.663
01:38:00	140.701	131.701	131.507	120.812	128.839	111.033	110.81	109.809	99.438	98.63	101.283	94.294
01:38:30	138.796	131.384	129.898	120.885	123.49	112.556	114.731	109.807	101.331	99.743	103.721	90.734
01:39:00	139.507	131.244	133.601	121.14	124.485	113.877	110.691	109.746	100.627	99.815	102.701	92.294
01:39:30	135.736	132.133	132.005	119.469	125.659	114.657	111.981	112.008	100.674	100.646	104.086	91.531
01:40:00	140.312	128.689	134.307	118.254	124.516	112.57	111.477	110.463	101.559	100.503	104.858	94.373
01:40:30	138.219	132.676	132.337	119.511	125.294	112.184	113.082	111.48	101.154	100.656	101.134	92.632
01:41:00	139.847	130.453	131.868	120.668	123.662	112.399	114.336	106.794	101.34	101.586	102.59	91.934
01:41:30	138.947	130.748	133.218	121.337	124.773	114.111	110.636	112.844	101.38	100.923	100.637	93.544
01:42:00	138.409	130.458	132.34	117.94	125.429	111.34	114.475	109.035	101.143	100.085	101.661	90.764
01:42:30	142.314	132.096	129.9	120.966	126.046	114.554	112.124	110.605	101.296	99.568	100.328	90.045
01:43:00	140.489	130.947	132.335	119.466	128.114	112.276	113.506	108.946	98.558	98.56	98.845	94.454
01:43:30	137.462	132.08	134.328	119.259	123.995	112.301	112.421	109.159	98.956	98.35	102.032	91.382
01:44:00	142.789	133.805	131.271	120.342	126.961	112.819	112.7	109.682	103.292	101.097	102.075	92.267
01:44:30	141.493	129.334	133.105	118.866	127.249	113.21	112.156	108.348	99.847	100.806	102.269	92.221
01:45:00	141.394	131.913	133.845	120.437	123.441	112.965	112.638	109.61	101.562	102.719	102.27	93.061
01:45:30	141.609	130.442	133.123	117.692	122.424	114.59	110.509	109.532	100.838	99.68	104.466	92.395
01:46:00	137.216	132.945	130.788	118.206	124.613	112.606	110.595	110.101	100.987	99.987	101.436	91.358
01:46:30	139.427	131.406	133.657	121.024	127.49	114.424	112.533	110.859	99.35	100.048	102.247	92.995
01:47:00	139.799	131.701	130.601	121.378	126.143	113.388	112.115	112.756	101.838	101.297	102.225	93.146
01:47:30	137.63	129.236	132.829	118.045	125.125	112.769	111.999	109.882	99.525	101.495	101.994	92.424
01:48:00	141.136	134.787	131.969	121.807	127.042	114.785	112.174	111.329	102.946	103.211	103.096	92.384
01:48:30	143.479	132.264	132.842	118.847	124.341	112.337	113.215	109.951	100.931	101.632	102.86	92.461
01:49:00	141.57	130.201	133.565	119.746	126.103	112.285	113.545	110.9	102.547	100.515	103.259	93.341
01:49:30	140.913	133.348	132.51	121.881	123.609	115.719	113.014	110.776	100.37	100.71	102.99	93.245
01:50:00	138.724	132.884	133.757	119.771	125.173	116.279	113.878	109.656	101.194	101.476	101.709	91.967
01:50:30	138.039	131.666	132.885	118.121	124.875	116.028	112.783	110.004	101.613	100.243	102.019	93.97
01:51:00	138.346	132.78	132.288	120.273	127.302	115.479	113.428	109.54	101.352	100.039	101.402	93.44
01:51:30	140.711	132.699	132.497	120.242	127.971	111.227	110.914	110.61	99.786	100.607	104.685	91.228
01:52:00	139.869	132.383	133.721	122.099	126.674	115.319	111.597	109.667	101.539	100.591	103.142	92.959
01:52:30	140.391	130.225	130.931	119.368	126.387	112.275	113.107	111.611	101.653	100.393	104.202	91.985
01:53:00	142.368	132.768	132.696	119.63	124.496	115.201	114.207	111.518	101.938	101.392	100.739	92.637
01:53:30	140.025	132.218	131.035	118.389	126.749	114.848	113.455	110.658	100.638	100.162	101.129	92.303
01:54:00	139.084	127.54	131.246	121.374	123.807	114.752	113.105	108.497	99.193	100.53	102.06	91.784
01:54:30	141.662	133.711	133.177	120.871	125.498	113.642	111.534	108.236	100.136	99.696	102.864	93.153
01:55:00	142.784	128.958	132.099	120.351	124.734	114.672	114.083	111.784	100.883	100.174	100.828	92.635
01:55:30	137.903	133.46	131.205	121.188	125.062	113.341	112.414	109.273	102.102	99.158	101.724	90.626
01:56:00	138.217	128.856	130.376	121.074	124.111	112.215	110.148	108.375	98.957	101.079	103.153	90.893
01:56:30	140.854	131.724	132.779	118.87	124.345	115.532	114.199	110.101	102.899	100.757	100.933	94.516
01:57:00	140.567	130.742	133.013	121.138	124.617	113.617	110.896	110.102	99.905	99.528	101.367	92.36
01:57:30	136.021	130.52	134.28	119.361	124.638	116.353	113.677	112.042	101.489	99.62	104.798	91.61
01:58:00	139.015	133.103	133.888	119.117	126.044	115.346	113.145	111.202	98.154	101.813	101.615	95.169
01:58:30	139.433	133.502	130.431	121.376	122.75	113.456	112.448	111.39	101.86	98.947	104.027	93.75
01:59:00	139.745	130.316	133.94	120.464	124.907	114.542	111.736	111.062	100.089	98.616	104.392	91.643
01:59:30	142.474	130.804	128.907	120.693	126.887	113.452	115.365	108.99	100.9	101.79	102.963	94.146
02:00:00	139.035	134.918	133.584	118.709	125.71	114.108	114.414	111.336	102.757	102.118	103.207	92.411
02:00:30	139.396	131.549	134.707	121.484	124.15	114.655	112.877	109.174	99.388	99.915	101.817	91.221
02:01:00	139.473	130.18	133.742	115.842	127.155	112.288	113.06	108.805	100.48	101.542	101.926	93.078
02:01:30	138.561	130.639	130.209	118.443	125.009	113.943	114.05	110.843	101.345	99.759	102.368	92.168
02:02:00	140.542	131.413	135.108	119.523	125.232	114.478	115.007	111.454	99.73	101.829	103.264	92.174
02:02:30	140.835	131.514	134.221	120.52	123.321	115.655	112.678	109.794	102.654	101.457	104.622	93.376
02:03:00	138.914	132.55	132.528	122.516	126.652	113.212	112.044	110.189	102.702	101.708	100.4	92.328
02:03:30	140.976	133.319	131.41	120.046	126.42	113.354	113.966	111.895	101.293	99.067	101.923	93.953
02:04:00	139.824	130.723	128.808	119.468	124.756	111.954	112.401	108.86	100.339	101.569	103.337	94.179
02:04:30	140.095	132.705	130.502	120.764	124.412	112.472	112.829	107.78	102.082	100.581	103.887	93.626
02:05:00	140.589	130.575	133.051	123.024	125.006	114.763	111.832	110.602	103.279	103.439	103.565	93.264
02:05:30	139.08	132.004	130.91	119.449	124.719	115.122	112.346	110.47	100.88	97.023	102.396	93.858
02:06:00	139.29	131.758	131.755	121.06	125.782	114.897	112.082	108.997	101.294	100.996	101.369	91.945
02:06:30	139.656	131.451	132.124	119.767	126.167	114.355	115.863	111.213	100.289	100.382	100.064	93.607
02:07:00	138.568	131.629	132.521	120.795	125.208	114.619	112.53	110.564	102.555	99.73	106.698	91.875
02:07:30	138.605	132.651	133.79	120.431	129.111	117.968	113.306	109.883	101.845	100.355	104.255	93.525
02:08:00	142.038	132.496	132.468	120.03	125.597	114.974	113.406	107.879	102.067	99.295	102.288	92.673
02:08:30	137.885	130.587	132.684	117.886	125.071	112.443	114.958	109.945	100.961	100.276	104.983	93.31
02:09:00	140.957	131.035	134.467	119.83	123.534	114.933	112.557	108.494	101.979	100.291	102.37	92.64
02:09:30	137.952	129.185	131.924	121.112	128.027	113.267	112.792	109.571	103.017	100.505	100.894	90.272
02:10:00	138.566	133.818	135.161	119.744	129.56	114.133	110.821	111.862	102.581	102.158	102.206	92.035
02:10:30	139.193	132.05	132.901	118.904	127.749	115.051	113.438	111.63	102.544	100.195	100.551	94.3
02:11:00	141.37	132.733	131.93	119.911	126.243	114.676	112.798	110.962	97.741	101.946	104.422	92.699
02:11:30	141.562	132.429	132.721	120.517	127.221	112.022	112.469	109.758	102.886	101.394	103.427	92.684
02:12:00	140.039	129.8	133.593	120.767	127.258	114.989	114.003	110.591	101.601	102.004	100.678	94.895
02:12:30	139.216	130.549	131.28	119.546	125.589	113.448	113.013	109.964	101.137	100.477	102.996	93.248
02:13:00	140.456	132.641	131.093	118.737	123.743	112.005	112.471	107.649	100.547	100.156	101.27	89.316
02:13:30	142.536	133.427	131.731	118.377	126.437	112.382	113.919	108.977	101.572	102.381	102.515	91.179
02:14:00	140.579	130.84	137.466	123.223	127.361	115.976	113.389	111.069	102.137	102.066	103.646	93.14
02:14:30	141.193	132.072	132.92	119.582	127.054	113.601	110.853	111.513	102.768	101.611	102.865	93.455
02:15:00	138.213	131.426	132.757	121.517	123.686	114.048	112.249	110.272	99.581	101.551	102.722	92.458
02:15:30	140.922	135.154	133.295	120.047	126.369	113.897	112.548	113.238	101.179	100.028	102.825	92.103
02:16:00	138.575	132.931	130.68	118.973	125.152	114.594	113.585	108.552	102.209	101.486	103.362	93.28
02:16:30	137.878	131.481	132.05	120.306	127.249	114.216	112.818	110.184	100.443	100.167	100.984	92.337
02:17:00	137.725	131.924	131.208	120.804	127.961	115.069	111.459	110.86	102.077	99.923	103.664	93.26
02:17:30	140.672	130.93	133.142	119.153	127.063	115.063	113.348	111.921	101.941	101.711	104.603	93.738
02:18:00	141.984	130.502	134.292	120.871	126.828	116.439	112.745	111.594	103.979	99.979	104.904	92.115
02:18:30	138.874	132.289	134.994	121.87	123.742	113.516	114.044	111.893	103.109	98.931	102.874	93.942
02:19:00	138.016	131.523	136.035	119.212	126.267	112.594	113.297	111.092	101.798	102.614	105.23	92.251
02:19:30	137.642	130.116	132.494	119.424	125.07	115.536	113.493	110.77	101.524	103.426	100.866	93.191
02:20:00	141.306	133.565	132.736	124.481	127.984	115.421	116.701	110.067	103.141	99.577	104.498	93.297
02:20:30	139.461	127.78	135.388	120.66	127.179	115.38	112.587	111.484	103.457	100.133	102.003	93.36
02:21:00	142.336	133.243	132.945	120.428	127.485	114.533	113.288	110.995	101.272	102.614	101.647	93.071
02:21:30	139.465	133.23	132.679	120.963	125.686	115.205	112.034	111.445	102.499	101.168	103.033	95.576
02:22:00	137.862	131.324	133.335	120.116	126.01	113.256	113.113	110.021	101.723	100.531	102.72	94.395
02:22:30	140.298	132.064	133.802	118.689	124.246	115.102	114.129	111.904	100.307	99.244	103.576	93.403
02:23:00	139.902	130.678	133.959	119.749	125.961	114.289	111.256	110.46	102.729	99.597	102.643	95.074
02:23:30	141.923	132.045	133.708	117.874	124.071	114.411	113.642	111.336	101.843	100.489	104.64	93.489
02:24:00	140.377	130.752	135.066	123.849	127.963	115.123	115.175	112.642	102.004	103.426	101.619	92.817
02:24:30	138.602	130.787	130.986	118.61	126.388	113.721	111.865	109.048	100.24	101.005	100.614	92.719
02:25:00	140.641	131.055	129.906	120.945	126.542	117.015	113.33	112.372	105.967	101.869	104.495	91.936
02:25:30	137.848	131.521	133.316	121.446	125.573	115.754	112.423	109.95	102.175	101.401	103.105	90.356
02:26:00	140.328	130.352	131.345	120.24	128.641	114.16	112.032	108.915	101.715	99.943	102.154	90.518
02:26:30	137.933	130.424	132.586	120.387	128.597	115.78	113.666	111.152	103.103	100.607	103.945	93.324
02:27:00	141.189	131.721	133.057	119.064	125.322	115.678	114.489	110.248	102.868	101.408	101.768	94.025
02:27:30	140.142	130.504	132.165	118.83	125.405	116.21	113.788	109.705	101.719	103.289	104.52	91.197
02:28:00	138.038	131.994	131.233	121.085	126.187	116.143	114.445	109.104	99.41	102.479	104.417	94.289
02:28:30	136.984	133.225	131.512	119.961	125.754	113.618	111.403	108.712	102.202	101.198	102.906	92.111
02:29:00	137.615	131.592	132.988	118.647	124.869	114.908	113.273	113.565	101.489	100.547	105.57	93.758
02:29:30	141.142	132.079	134.14	120.854	125.751	114.734	111.821	111.823	102.526	99.714	102.901	91.972
02:30:00	141.75	131.406	133.116	118.54	126.288	113.229	112.788	110.49	102.767	100.032	104.478	93.079
02:30:30	140.805	129.89	131.76	120.673	126.405	115.213	112.576	110.114	102.884	103.297	101.113	94.449
02:31:00	139.175	131.224	131.991	120.572	125.84	114.231	113.503	108.833	101.331	99.797	104.047	94.228
02:31:30	139.12	129.939	132.18	117.49	125.457	114.029	114.188	113.806	102.761	100.393	103.485	92.7
02:32:00	140.256	135.474	133.304	120.377	125.107	113.065	116.039	111.88	103.26	100.323	103.181	93.938
02:32:30	140.011	132.743	131.429	118.347	126.027	114.208	112.607	111.271	102.01	101.455	103.405	94.928
02:33:00	139.5	130.257	130.655	121.857	128.568	115.985	112.674	110.635	104.374	101.531	104.333	93.246
02:33:30	139.564	129.644	132.006	119.864	126.675	115.912	112.096	109.903	102.602	99.591	102.889	94.546
02:34:00	139.31	128.756	130.432	119.539	125.687	115.998	115.369	111.26	101.174	99.871	102.582	92.513
02:34:30	136.585	132.496	137.019	122.251	128.026	116.16	112.523	111.228	102.958	101.028	102.992	91.018
02:35:00	139.138	132.756	134.182	121.287	124.38	115.28	112.959	110.866	100.882	99.429	104.31	93.514
02:35:30	139.496	129.01	130.443	118.913	127.822	114.696	113.372	111.524	101.889	101.201	101.354	93.803
02:36:00	141.531	131.37	133.477	120.347	126.013	116.426	113.809	112.014	102.142	101.337	101.644	92.788
02:36:30	140.164	131.373	133.581	120.301	127.439	113.864	112.759	108.96	103.369	102.347	104.618	95.155
02:37:00	141.275	132.715	132.892	122.809	128.519	114.178	116.306	109.955	103.722	101.862	103.197	93.712
02:37:30	137.519	133.245	133.608	120.797	126.647	114.876	113.411	110.97	99.511	103.316	102.814	91.688
02:38:00	138.709	133.412	133.278	121.413	128.229	116.316	113.636	111.036	101.202	100.005	105.777	92.903
02:38:30	138.852	129.683	132.093	119.855	124.446	112.257	113.453	110.21	102.81	102.485	100.625	93.563
02:39:00	139.509	131.165	130.369	119.52	125.495	113.354	109.917	111.396	101.77	103.098	99.993	92.896
02:39:30	138.624	128.809	129.837	119.624	126.138	113.905	111.548	111.321	100.843	98.612	103.555	93.922
02:40:00	139.946	130.972	131.739	120.223	126.998	114.029	112.294	111.691	102.467	103.946	102.682	92.276
02:40:30	140.167	129.254	131.583	119.721	127.425	116.559	111.342	109.409	100.414	101.405	107.135	94.419
02:41:00	139.251	130.271	130.713	120.538	125.015	114.165	110.823	109.982	102.305	101.218	101.622	90.988
02:41:30	138.5	132.332	133.181	120.281	124.609	115.583	114.121	111.925	101.987	102.906	104.042	91.542
02:42:00	136.11	132.013	131.017	119.845	126.153	112.998	113.221	110.228	101.965	100.543	102.315	95.637
02:42:30	141.796	131.426	132.706	118.579	127.145	112.629	114.481	111.606	103.674	100.309	102.151	91.92
02:43:00	145.328	130.314	134.342	120.851	126.253	115.917	113.699	111.449	100.968	101.85	104.703	94.738
02:43:30	139.754	131.375	130.583	120.177	125.625	114.808	110.881	111.762	103.167	102.732	101.97	93.545
02:44:00	138.647	132.127	134.575	122.171	126.19	113.698	113.714	112.295	103.177	103.698	104.814	94.269
02:44:30	138.071	133.65	133.749	120.555	127.53	114.174	113.243	109.365	101.333	101.816	102.213	94.85
02:45:00	138.859	131.452	133.149	119.264	125.499	113.937	114.8	111.181	102.02	99.044	103.889	93.978
02:45:30	140.744	130.273	130.907	121.757	126.069	113.695	111.584	111.087	102.219	101.982	101.463	94.505
02:46:00	139.119	129.67	132.333	121.812	124.748	115.569	113.588	112.833	103.648	101.212	101.043	92.529
02:46:30	137.754	131.869	134.01	120.443	126.034	114.187	114.919	112.045	101.869	100.982	103.72	93.809
02:47:00	139.952	131.747	131.514	122.151	127.671	115.154	112.074	110.99	104.41	101.206	104.964	91.749
02:47:30	139.693	131.907	133.567	118.54	127.616	114.906	114.56	113.476	101.912	102.063	103.189	93.592
02:48:00	141	130.569	133.305	122.885	126.437	113.062	114.783	112.194	104.486	101.663	103.266	94.574
02:48:30	138.403	133.403	130.831	121.372	125.565	116.534	113.173	112.733	101.384	101.6	103.792	94.195
02:49:00	138.219	129.867	135.786	122.836	126.125	118.868	112.118	111.915	101.953	103.063	103.743	91.374
02:49:30	139.214	129.95	133.737	121.63	128.367	116.388	115.462	111.039	102.551	100.263	104.237	93.497
02:50:00	139.197	131.548	134.503	120.35	125.448	113.667	114.09	111.212	101.896	103.964	103.833	91.853
02:50:30	137.066	128.217	132.142	119.482	124.118	114.851	110.904	109.416	102.958	102.065	101.755	91.494
02:51:00	138.861	131.018	133.28	123.098	127.776	116.99	113.695	111.62	102.46	102.403	102.013	93.834
02:51:30	137.685	130.493	132.094	118.851	124.045	112.701	111.166	111.163	103.246	101.082	103.903	93.436
02:52:00	139.529	132.713	133.056	120.122	126.065	115.798	112.555	110.437	101.435	103.392	103.743	91.736
02:52:30	139.233	127.74	133.658	121.307	125.645	113.921	113.224	111.503	101.929	100.947	104.454	92.129
02:53:00	140.074	133.457	132.003	120.807	125.448	113.327	111.01	110.441	99.205	103.01	103.83	92.19
02:53:30	139.77	133.651	131.834	118.694	126.764	115.02	110.993	110.506	104.228	102.457	103.237	94.035
02:54:00	140.89	130.798	131.51	121.122	126.166	113.68	111.561	113.388	103.861	99.576	103.302	93.536
02:54:30	136.584	130.439	131.656	118.52	125.705	113.14	113.109	108.823	102.065	100.451	102.21	91.671
02:55:00	137.536	132.729	132.189	120.083	126.251	116.2	111.164	110.493	101.709	99.118	101.85	93.87
02:55:30	140.035	133.712	132.884	122.34	124.986	114.926	113.092	109.37	101.29	101.414	105.62	94.506
02:56:00	138.564	131.489	131.582	120.726	125.988	113.028	114.171	110.834	102.994	101.961	102.61	92.891
02:56:30	137.7	132.879	135.065	120.576	127.241	115.605	116.288	111.597	103.332	102.375	105.819	92.323
02:57:00	136.321	131.277	131.338	120.999	124.439	115.694	112.168	110.26	102.661	100.08	104.625	93.284
02:57:30	140.914	134.872	134.578	122.79	127.191	116.015	113.444	110.348	102.273	100.944	103.543	94.385
02:58:00	140.068	132.137	132.294	121.789	125.358	112.984	112.05	111.122	102.338	101.212	102.633	92.427
02:58:30	140.59	130.818	133.193	120.58	126.81	115.142	113.8	111.64	101.708	102.554	103.773	90.724
02:59:00	139.237	131.44	133.524	120.67	128.719	116.149	113.239	110.874	103.513	100.671	103.127	92.763
02:59:30	140.542	131.625	133.117	121.237	126.758	117.663	113.209	111.164	102.45	100.875	99.585	91.239
03:00:00	139.608	129.585	132.678	120.986	123.183	112.217	113.826	110.585	104.817	102.078	103.939	94.391
03:00:30	138.062	132.289	133.548	122.438	127.312	117.11	112.996	111.779	102.471	103.975	103.252	94.576
03:01:00	136.954	134.984	131.946	118.92	126.298	115.713	113.09	112.368	101.677	101.821	104.346	93.858
03:01:30	137.383	132.51	129.165	120.766	125.533	114.418	112.41	110.128	102.749	99.958	104.558	92.898
03:02:00	140.753	130.516	132.584	120.199	127.277	116.732	114.329	110.983	104.835	103.23	103.061	93.362
03:02:30	141.444	130.478	134.461	118.633	124.152	112.973	112.648	111.003	103.421	101.173	101.806	91.078
03:03:00	139.24	130.84	129.926	118.992	126.132	115.518	112.988	110.846	102.985	100.841	102.127	93.243
03:03:30	140.009	130.11	135.118	118.531	125.903	117.023	115.327	111.217	103.661	102.527	104.604	92.382
03:04:00	139.262	133.402	135.029	121.228	126.488	115.037	111.927	110.852	101.742	103.731	101.632	92.588
03:04:30	141.834	131.993	130.821	121.042	124.255	114.492	112.767	112.199	103.469	101.785	105.284	94.545
03:05:00	139.548	132.775	130.437	119.557	126.487	114.183	113.461	112.355	103.811	101.955	104.777	93.055
03:05:30	137.426	131.744	133.325	121.435	125.469	113.359	113.189	111.602	102.178	100.44	103.333	92.963
03:06:00	137.664	132.296	131.715	120.987	127.37	114.724	112.421	113.064	102.779	100.691	103.079	90.998
03:06:30	138.814	128.251	133.366	118.338	127.579	114.543	113.786	110.402	100.302	103.035	103.349	94.655
03:07:00	138.69	130.953	132.899	119.661	127.599	113.605	112.79	111.041	104.157	100.512	102.513	94.672
03:07:30	141.041	131.746	131.741	120.523	126.235	114.306	113.995	109.501	103.267	102.138	104.457	92.484
03:08:00	138.503	131.551	131.922	121.286	125.713	113.838	114.242	112.659	101.4	101.847	103.574	92.777
03:08:30	138.401	132.332	133.161	122.469	126.25	115.692	113.928	111.968	101.584	102.947	103.199	93.683
03:09:00	139.171	132.143	134.026	120.434	124.332	117.116	112.034	111.465	101.812	103.202	105.994	93.532
03:09:30	136.755	128.04	129.552	121.997	128.132	115.079	110.778	110.461	103.408	101.292	103.378	94.442
03:10:00	140.355	129.725	129.857	122.908	126.839	114.451	110.027	111.656	103.582	102.54	103.012	94.09
03:10:30	138.218	132.361	132.332	123.245	128.962	113.824	112.604	111.668	104.446	102.819	103.567	94.143
03:11:00	139.482	130.863	131.541	119.81	123.206	116.266	112.512	110.646	103.332	103.314	105.281	92.928
03:11:30	138.309	132.892	132.671	122.163	128.199	113.871	112.323	109.804	102.246	102.557	101.568	91.984
03:12:00	138.388	131.897	131.818	119.801	126.564	116.339	114.374	109.783	100.092	101.227	104.308	95.052
03:12:30	137.975	129.993	132.771	115.378	126.422	115.16	114.367	112.498	102.818	102.716	102.521	94.046
03:13:00	139.053	129.049	131.662	120.017	125.825	114.465	114.464	114.435	102.501	102.025	101.457	93.929
03:13:30	137.22	132.393	130.631	123.753	126.808	115.863	112.57	109.003	105.78	103.072	104.542	92.716
03:14:00	137.276	130.253	132.367	122.739	125.725	115.62	113.753	112.436	106.453	99.806	104.212	93.899
03:14:30	140.367	132.734	132.972	118.998	125.514	115.672	114.859	113.043	101.515	101.631	103.154	93.396
03:15:00	138.902	131.009	134.3	119.688	125.356	117.086	111.436	109.941	103.749	101.453	104.247	92.943
03:15:30	140.566	133.137	135.155	120.296	128.888	115.727	110.464	110.121	102.012	104.397	103.752	92.306
03:16:00	140.156	130.369	132.39	120.595	125.495	115.684	111.863	112.525	104.293	101.226	101.868	93.361
03:16:30	138.611	131.985	132.087	120.024	126.217	115.728	112.093	111.453	102.495	101.975	106.383	93.228
03:17:00	140.979	129.928	135.219	123.354	128.319	116.35	114.883	112.322	103.725	103.042	104.303	92.771
03:17:30	138.378	134.28	132.591	121.949	127.941	114.413	113.603	109.627	103.34	99.937	104.568	91.233
03:18:00	139.077	134.026	134.569	120.373	127.02	116.422	112.294	108.31	101.77	100.656	104.526	90.554
03:18:30	137.254	132.163	133.083	122.51	127.355	114.666	111.473	111.231	104.56	103.65	104.356	95.348
03:19:00	142.78	132.016	129.988	120.143	125.623	115.197	113.304	110.772	105.782	100.782	104.074	94.264
03:19:30	137.608	132.564	133.574	119.225	126.326	116.936	113.511	113.518	103.281	100.659	102.216	93.932
03:20:00	138.259	133.29	133.192	118.665	126.597	112.866	115.289	112.651	101.346	102.674	103.857	91.164
03:20:30	137.765	130.999	134.576	119.26	127.376	114.845	114.403	111.269	104.068	101.513	102.814	92.897
03:21:00	139.601	132.536	134.676	121.36	126.102	117.316	114.405	112.69	102.327	101.817	105.157	92.741
03:21:30	140.061	131.713	130.83	120.85	126.645	115.698	111.752	110.696	105.152	101.815	102.606	92.454
03:22:00	139.717	132.518	129.108	119.908	128.101	114.175	112.001	111.169	99.519	103.019	104.232	91.718
03:22:30	136.638	131.132	132.986	122.059	126.947	115.857	112.366	113.385	102.481	102.444	102.706	94.255
03:23:00	138.765	131.898	133.113	117.925	127.284	116.844	112.343	112.225	102.087	102.412	102.25	93.05
03:23:30	139.646	129.653	131.887	120.043	124.333	115.035	110.119	111.237	104.691	102.894	103.464	92.385
03:24:00	142.845	131.144	133.832	123.782	128.405	114.67	112.288	113.194	100.965	100.652	104.122	92.974
03:24:30	142.916	132.27	133.036	122.458	124.631	116.136	114.287	112.969	104.482	104.956	101.18	95.956
03:25:00	139.619	131.011	133.385	121.131	127.198	115.578	113.765	113.176	102.903	102.636	103.472	92.714
03:25:30	140.489	130.338	131.155	121.692	128.303	114.374	114.485	111.152	104.691	101.816	102.706	94.796
03:26:00	138.17	129.31	131.615	121.921	125.554	116.101	111.099	115.488	104.791	101.936	103.154	92.639
03:26:30	139.013	132.204	134.358	121.551	128.871	113.928	111.382	111.957	102.204	102.432	105.987	93.276
03:27:00	139.021	129.972	133.812	123.39	126.637	116.258	111.424	109.624	101.569	102.481	104.45	95
03:27:30	136.353	130.036	130.725	119.63	127.196	113.419	111.212	111.495	102.186	102.338	103.399	93.413
03:28:00	138.403	128.35	134.047	121.797	125.626	115.672	111.809	110.742	104.031	102.364	103.878	92.933
03:28:30	137.464	131.171	132.835	120.015	127.31	115.79	114	111.109	105.501	102.08	103.942	94.033
03:29:00	141.333	132.317	132.817	122.407	125.606	114.779	113.619	111.767	103.551	102.474	104.849	92.105
03:29:30	141.405	129.652	133.549	121.136	127.928	114.694	112.725	110.688	101.868	101.672	105.197	92.771
03:30:00	138.452	129.007	133.533	120.421	126.862	116.323	112.378	113.059	105.245	104.746	104.666	93.974
03:30:30	142.147	133.032	133.115	121.569	131.346	114.074	116.377	111.035	103.697	102.069	104.426	94.743
03:31:00	140.384	133.027	131.024	121.115	127.536	114.703	114.097	112.852	104.085	103.974	105.451	93.393
03:31:30	138.751	129.173	133.292	119.661	125.738	114.959	113.139	109.962	102.182	100.587	102.335	93.453
03:32:00	141.6	131.013	133.041	121.525	127.725	116.007	113.474	113.436	104.025	104.406	104.163	92.647
03:32:30	141.538	129.972	131.938	122.518	125.711	116.912	112.65	113.028	102.224	101.428	103.655	90.98
03:33:00	139.481	131.782	131.909	119.453	126.934	116.881	113.061	111.719	103.502	102.627	102.292	93.353
03:33:30	139.202	130.814	134.147	120.185	126.615	114.723	113.39	111.822	103.88	98.026	104.272	93.701
03:34:00	138.215	130.52	129.666	118.929	127.209	116.683	113.305	110.369	102.901	102.465	102.836	92.589
03:34:30	139.159	129.138	131.529	119.256	125.954	115.087	113.725	111.325	103.567	100.017	102.563	92.393
03:35:00	137.086	129.944	131.971	119.259	124.317	116.666	110.814	112.389	102.641	101.894	105.076	91.412
03:35:30	139.81	131.288	132.829	116.443	127.159	113.701	111.623	114.807	105.623	102.334	101.72	94.549
03:36:00	140.108	133.415	132.401	120.961	129.945	116.959	115.087	113.873	106.605	101.599	103.371	91.428
03:36:30	141.715	131.495	132.523	122.852	126.794	116.727	115.361	108.379	101.751	102.402	104.183	94.799
03:37:00	138.923	130.832	131.141	122.265	125.187	113.683	114.747	113.875	104.739	100.209	103.173	92.883
03:37:30	137.218	130.6	129.228	119.486	128.628	114.274	111.958	111.093	103.237	102.548	101.927	93.639
03:38:00	139.469	134.351	132.719	122.817	127.282	115.9	115.317	115.599	103.702	102.625	103.065	93.235
03:38:30	138.515	130.578	129.196	124.371	127.294	114.8	111.959	110.784	102.654	99.87	103.061	91.061
03:39:00	138.165	131.209	132.181	118.358	124.659	116.867	112.525	112.372	105.955	101.624	105.432	92.762
03:39:30	141.507	130.574	131.187	121.607	124.205	115.143	113.804	112.012	103.866	102.421	104.943	91.339
03:40:00	141.309	129.739	130.942	122.041	127.906	115.292	113.961	112.621	103.215	101.221	103.37	93.126
03:40:30	140.858	128.568	133.171	121.405	127.848	114.194	112.564	111.775	103.42	101.325	101.384	94.759
03:41:00	140.029	128.393	134.938	118.736	127.611	114.818	112.719	115.686	104.061	102.187	103.852	93.846
03:41:30	138.444	132.269	134.091	120.846	124.699	117.116	114.507	111.637	105.954	101.945	101.228	93.331
03:42:00	137.627	131.987	134.01	118.551	124.197	117.413	113.532	114.048	105.71	102.746	105.943	93.634
03:42:30	139.72	133.011	135.238	120.187	126.933	117.437	112.521	111.963	101.47	101.064	101.374	94.217
03:43:00	138.68	131.493	133.239	122.457	126.386	116.073	112.864	112.617	105.155	101.024	105.313	91.361
03:43:30	140.343	130.697	131.77	120.185	124.686	114.222	111.463	112.938	100.601	101.897	104.975	92.98
03:44:00	138.47	133.883	133.752	120.642	126.038	116.54	112.619	112.828	104.008	102.978	103.565	93.635
03:44:30	138.044	131.803	133.921	120.253	125.358	114.864	112.243	112.346	104.835	101.66	103.165	91.847
03:45:00	138.719	132.003	133.474	121.737	124.134	118.326	112.052	111.139	101.74	104.904	102.806	92.149
03:45:30	138.385	131.836	131.543	120.23	125.159	115.647	112.488	112.294	102.392	100.999	103.705	94.994
03:46:00	138.323	131.183	132.295	120.651	128.015	115.226	113.087	110.35	105.999	100.055	101.664	94.96
03:46:30	140.028	131.022	133.722	122.446	127.563	116.188	113.2	113.854	104.739	100.305	103.459	93.576
03:47:00	140.225	130.659	133.39	121.905	128.513	114.038	112.727	112.149	105.102	102.32	103.771	92.954
03:47:30	137.354	128.658	130.822	118.449	126.775	114.055	112.317	108.828	102.366	100.732	105.164	93.554
03:48:00	136.237	130.601	134.135	121.344	126.703	114.543	111.5	112.082	103.611	101.678	102.496	93.3
03:48:30	139.387	127.204	129.239	121.837	126.848	116.036	112.63	113.087	103.589	102.014	102.793	92.646
03:49:00	139.223	131.822	133.577	119.502	126.63	114.415	113.621	113.466	105.238	100.598	101.869	93.983
03:49:30	137.878	130.864	134.658	121.524	127.102	115.26	112.065	114.359	102.615	103.118	103.608	92.27
03:50:00	139.091	130.561	133.172	122.382	126.555	115.884	112.74	110.414	105.747	102.291	101.553	92.699
03:50:30	140.461	133.607	136.533	122.002	127.19	117.203	112.283	114.355	104.017	102.706	103.653	93.631
03:51:00	138.999	131.401	131.082	118.158	129.173	115.335	112.41	111.763	102.814	99.605	101.721	92.975
03:51:30	139.738	131.459	132.872	119.382	128.508	115.657	112.728	114.625	102.126	102.666	104.498	92.931
03:52:00	137.819	131.484	133.537	120.909	125.021	114.442	112.244	112.288	103.888	100.617	104.895	92.157
03:52:30	141.141	130.742	131.79	119.163	126.944	117.675	110.908	116.321	103.606	103.489	104.415	95.213
03:53:00	139.421	131.361	131.119	122.462	126.426	114.55	112.413	110.636	105.283	101.554	105.382	91.952
03:53:30	138.432	132.607	132.781	120.045	129.304	115.736	114.462	113.461	104.789	102.753	102.835	94.058
03:54:00	137.251	132.594	133.492	121.048	126.096	116.441	111.109	108.742	101.732	101.109	102.402	92.006
03:54:30	138.917	132.024	133.695	122.438	128.865	117.49	112.662	113.271	104.513	103.933	104.144	92.241
03:55:00	138.611	128.75	130.986	121.164	125.153	115.077	112.365	112.999	102.904	101.718	102.187	92.741
03:55:30	138.524	132.969	133.739	120.42	125.305	116.433	114.507	115.629	103.531	102.413	103.728	93.402
03:56:00	137.219	132.841	132.719	120.76	127.349	115.284	113.54	110.444	103.193	102.118	103.407	94.843
03:56:30	139.983	131.891	134.234	120.06	126.573	117.193	112.077	114.036	103.143	100.558	102.501	94.808
03:57:00	137.963	132.574	131.818	121.786	128.673	116.532	112.744	112.626	106.421	103.602	102.801	93.643
03:57:30	136.352	130.918	132.7	120.761	127.552	114.488	115.056	114.175	103.329	102.217	104.543	92.134
03:58:00	136.543	130.46	133.624	123.698	127.338	116.835	112.706	115.633	102.507	100.943	105.332	94.859
03:58:30	137.405	130.332	132.002	119.192	128.033	113.53	109.889	112.775	104.296	101.615	101.226	90.352
03:59:00	139.947	131.24	132.767	119.692	127.456	112.882	112.729	113.819	104.09	102.104	101.343	93.039
03:59:30	139.602	131.278	135.388	121.687	126.255	115.79	114.373	112.377	104.895	103.111	106.182	94.049
04:00:00	140.117	130.203	133.708	124.561	126.849	114.905	112.107	112.805	104.779	103.618	101.151	91.377