Time	25_1	25_2	25_3	50_1	50_2	50_3	100_1	100_2	100_3	150_1	150_2	150_3
00:00:00	56.21	60.437	63.788	125.072	119.07	122.962	249.409	252.708	251.472	353.578	356.706	349.425
00:00:30	48.256	55.072	60.886	118.621	112.992	114.55	239.713	233.797	242.465	338.52	338.598	340
00:01:00	46.728	52.687	52.457	112.867	100.524	107.916	227.659	222.473	226.248	324.745	320.76	314.785
00:01:30	43.723	49.491	51.414	113.726	92.53	108.986	217.42	219.664	218.789	314.102	307.585	307.207
00:02:00	42.321	49.316	47.988	106.924	90.703	101.624	210.799	207.956	210.312	304.91	299.502	297.726
00:02:30	41.4	44.984	44.16	104.918	86.97	96.173	200.634	200.34	204.107	295.259	293.821	291.481
00:03:00	38.905	42.691	42.643	97.313	82.935	92.523	196.119	192.862	197.519	288.429	284.199	280.536
00:03:30	38.437	40.988	41.359	91.553	81.143	88.998	188.805	187.275	188.733	284.286	283.262	278.232
00:04:00	36.224	38.161	39.414	89.4	77.526	86.597	185.128	180.831	182.364	281.086	277.644	275.431
00:04:30	35.296	38.394	38.492	87.835	76.257	85.053	179.275	176.402	181.548	277.257	275.07	271.998
00:05:00	32.993	35.855	36.264	86.133	74.191	82.809	177.697	174.017	175.129	276.862	271.789	269.273
00:05:30	33.743	35.484	35.145	84.291	71.059	81.57	171.294	167.729	170.111	273.525	271.844	264.292
00:06:00	32.11	33.963	34.034	81.887	69.537	77.84	169.108	169.236	166.088	272.766	265.265	265.875
00:06:30	32.092	33.024	32.626	78.724	67.463	76.704	163.761	160.793	167.319	270.893	264.35	266.611
00:07:00	29.767	31.827	32.911	77.219	65.095	74.399	161.601	159.73	163.206	266.163	264.318	260.837
00:07:30	29.228	30.33	29.994	76.255	65.379	73.244	159.17	157.262	160.821	267.465	263.955	261.658
00:08:00	29.446	30.027	30.188	74.984	62.936	71.999	156.386	154.077	159.972	268.168	260.398	260.101
00:08:30	27.934	29.133	31.1	73.651	63.002	71.539	155.787	152.262	154.516	265.38	261.212	257.715
00:09:00	27.621	27.923	28.442	72.64	61.745	69.216	154.512	151.355	155.983	263.142	260.229	257.979
00:09:30	27.489	27.684	26.983	72.058	59.611	67.137	148.797	149.978	154.077	264.487	259.029	257.16
00:10:00	26.229	26.641	27.43	69.441	58.361	67.147	147.48	150.001	148.87	256.779	255.716	252.673
00:10:30	26.997	27.533	27.098	67.534	57.56	65.655	147.466	148.367	147.69	259.161	256.377	252.722
00:11:00	25.661	26.491	26.254	65.944	57.011	63.956	149.328	146.75	148.708	261.533	258.536	252.533
00:11:30	24.093	25.141	25.794	65.752	54.432	64.668	143.492	144.083	146.562	259.112	253.216	250.846
00:12:00	23.433	25.464	25.873	65.904	55.56	64.042	140.896	143.872	146.834	252.98	250.554	252.899
00:12:30	23.346	25.298	25.717	65.421	53.027	63.026	141.518	142.407	145.708	255.908	253.511	248.217
00:13:00	23.015	25.152	24.878	63.561	52.426	60.776	140.71	144.734	145.266	253.394	247.423	247.605
00:13:30	23.3	23.252	23.16	65.048	52.27	60.741	140.057	143.746	144.485	254.341	250.282	248.525
00:14:00	21.99	24.057	24.135	61.859	52.104	61.586	141.924	143.217	145.568	253.669	252.263	248.624
00:14:30	21.594	23.52	22.876	59.97	51.433	57.72	140.766	139.195	143.212	252.759	249.157	245.834
00:15:00	22.526	22.786	22.844	61.979	50.953	57.741	137.927	141.952	142.158	254.238	247.436	250.766
00:15:30	21.02	21.534	23.244	60.096	49.797	56.307	138.599	137.992	142.935	252.722	249.549	247.284
00:16:00	19.735	22.342	21.973	58.279	48.226	57.383	135.995	138.694	140.324	252.939	247.363	246.09
00:16:30	20.099	22.453	21.057	58.633	49.846	56.796	136.129	136.033	140.693	249.38	246.988	245.38
00:17:00	20.645	21.084	21.035	58.918	47.483	55.65	134.562	136.771	138.672	249.791	247.759	243.723
00:17:30	18.616	20.958	21.424	57.456	47.098	54.921	136.197	138.411	138.97	248.738	247.423	244.44
00:18:00	20.04	21.315	20.412	58.267	45.826	52.655	137.762	138.976	139.827	247.68	242.355	244.984
00:18:30	20.148	20.582	20.586	55.688	47.04	56.236	135.445	138.021	138.027	247.275	245.975	242.341
00:19:00	18.414	20.901	21.082	56.143	47.554	52.03	134.264	136.158	139.182	251.787	241.995	247.043
00:19:30	19.661	20.131	20.66	57.005	45.64	51.794	136.006	134.612	136.461	250.15	242.671	244.54
00:20:00	17.414	20.049	18.997	53.163	45.002	53.133	133.166	139.002	140.412	249.407	247.806	244.297
00:20:30	18.446	18.969	18.555	53.711	44.01	50.75	129.638	134.313	134.795	244.388	240.211	244.373
00:21:00	17.849	19.723	18.85	55.24	42.307	52.314	131.437	131.842	136.925	250.376	244.183	242.085
00:21:30	18.22	18.464	18.868	54	41.743	51.813	132.307	133.828	136.044	249.112	242.611	240.113
00:22:00	17.874	19.26	18.423	52.494	42.866	51.094	133.761	133.432	135.528	244.791	245.207	240.323
00:22:30	17.966	18.118	18.681	52.199	42.465	50.436	131.982	132.422	137.566	244.488	245.744	241.894
00:23:00	17.427	18.377	17.598	51.909	42.024	50.625	133.052	132.06	137.699	249.834	243.004	238.691
00:23:30	16.454	17.859	17.876	49.38	42.437	50.637	133.42	132.135	135.296	242.47	241.089	244.538
00:24:00	16.574	17.577	17.649	52.148	40.042	50.284	131.11	132.651	133.646	244.547	241.925	240.894
00:24:30	16.862	17.985	17.969	51.613	41.826	50.957	132.318	133.016	136.934	243.973	243.539	242.241
00:25:00	15.939	17.83	17.607	50.601	40.611	46.992	131.722	132.514	134.785	243.645	239.322	237.379
00:25:30	16.081	17.142	15.971	50.617	41.992	48.659	132.377	130.83	134.848	246.301	244.957	241.993
00:26:00	16.687	17.331	17.631	49.24	39.024	48.944	130.733	129.999	134.901	245.437	242.356	241.146
00:26:30	16.288	16.67	17.486	49.363	39.959	46.528	131.205	130.683	136.984	246.035	239.189	238.201
00:27:00	15.611	16.245	15.708	49.736	38.561	46.446	129.505	131.666	134.981	247.082	240.568	237.113
00:27:30	16.077	17.025	17.399	49.229	38.484	45.601	130.175	131.935	135.008	243.368	243.3	238.667
00:28:00	15.727	15.843	16.061	48.747	39.458	47.144	127.983	130.393	135.531	245.306	241.814	242.004
00:28:30	15.524	17.708	16.637	47.123	40.876	46.396	128.469	129.488	132.59	245.414	240.012	240.481
00:29:00	16.234	17.222	15.624	49.35	38.612	47.687	126.504	132.151	133.159	242.876	243.263	238.997
00:29:30	15.095	17.579	16.141	48.679	37.226	46.695	128.701	130.654	131.3	242.966	240.784	237.2
00:30:00	15.124	16.709	16.254	47.311	38.909	47.033	128.071	128.642	131.549	241.078	237.739	237.544
00:30:30	15.35	15.142	16.016	48.679	38.326	45.436	129.179	129.401	132.904	243.29	239.007	236.232
00:31:00	15.011	15.817	15.075	45.134	38.042	45.546	127.384	129.355	133.672	240.37	241.242	233.178
00:31:30	14.776	15.196	15.762	47.186	37.282	44.017	128.445	129.533	134.311	242.329	238.866	241.435
00:32:00	14.552	17.098	14.277	46.746	37.076	44.54	126.907	129.724	132.928	244.896	243.913	237.715
00:32:30	15.332	16.038	15.153	46.264	37.731	44.376	128.97	128.26	135.697	244.643	237.376	233.682
00:33:00	14.382	15.293	15.088	46.698	36.716	43.033	127.844	130.38	130.267	241.5	239.808	237.255
00:33:30	13.923	16.283	15.263	46.803	38.01	45.002	128.51	131.48	135.319	243.388	239.111	238.226
00:34:00	14.872	15.515	13.676	46.074	37.62	44.137	126.77	128.016	132.778	242.522	238.585	240.308
00:34:30	13.276	15.174	14.841	46.716	35.459	43.506	127.257	128.145	133.471	240.93	238.912	237.362
00:35:00	14	14.78	14.803	44.444	36.168	43.316	127.713	126.728	131.536	244.077	238.241	235.351
00:35:30	14.421	15.832	15.162	46.177	34.956	42.918	129.766	128.506	130.293	242.622	239.41	238.922
00:36:00	14.377	16.239	14.037	43.599	35.753	43.115	128.076	127.262	131.74	238.704	237.758	236.191
00:36:30	13.199	15.432	15.01	45.089	34.976	43.454	128.549	125.737	129.728	239.933	237.499	237.859
00:37:00	14.443	15.315	14.53	45.37	35.875	42.781	124.244	127.314	132.153	237.721	233.845	235.512
00:37:30	14.25	15.223	15.046	44.062	34.879	43.566	127.906	129.032	129.684	238.781	236.381	234.229
00:38:00	14.065	15.902	13.77	43.881	34.723	43.503	126.471	127.437	129.604	240.575	237.217	238.76
00:38:30	13.786	14.614	14.652	44.189	34.013	43.072	125.705	127.657	129.178	242.415	235.21	230.745
00:39:00	13.789	15.397	13.718	44.546	35.008	44.002	126.975	124.19	129.262	240.726	241.226	238.042
00:39:30	13.164	14.713	14.081	45.186	32.344	42.978	126.262	126.636	131.171	241.615	238.761	238.472
00:40:00	13.716	14.869	14.287	44.458	34.043	41.627	125.946	126.522	128.761	242.191	238.894	234.435
00:40:30	14.185	13.92	13.794	44.977	33.476	41.948	125.573	130.053	128.841	238.9	237.56	236.174
00:41:00	13.165	14.257	13.806	43.151	34.352	41.572	126.813	126.668	129.738	240.333	236.954	235.458
00:41:30	14.019	14.752	13.316	43.012	35.408	40.43	127.396	127.556	129.99	241.528	236.278	236.784
00:42:00	13.766	14.678	13.857	43.614	32.825	40.948	124.34	123.649	129.413	239.648	233.582	236.699
00:42:30	12.624	14.361	14.026	42.852	33.979	41.826	125.187	125.894	130.683	241.259	236.748	236.099
00:43:00	13.332	14.056	12.838	43.706	33.849	41.615	124.158	125.281	131.127	237.298	234.433	234.727
00:43:30	12.305	14.81	14.369	42.749	34.052	40.736	126.602	125.211	130.169	242.087	240.937	233.416
00:44:00	13.57	13.967	13.916	41.762	34.365	40.744	123.903	125.468	129.657	240.378	238.422	233.793
00:44:30	12.873	14.237	13.569	41.603	33.415	40.612	124.093	125.294	128.237	235.606	233.407	233.062
00:45:00	13.313	13.109	13.59	41.929	32.878	41.404	124.704	128.862	131.627	235.664	234.797	235.312
00:45:30	13.673	13.802	14.027	42.16	31.547	39.355	124.107	123.591	126.808	237.7	238.399	235.071
00:46:00	13.447	14.924	12.865	41.086	30.853	39.968	125.862	125.561	128.075	235.066	232.109	231.819
00:46:30	12.393	13.992	12.905	40.181	33.269	41.336	126.528	123.436	129.473	236.823	236.093	235.546
00:47:00	12.919	14.227	13.499	41.169	32.669	40.239	123.481	125.222	129.319	237.835	236.061	233.724
00:47:30	13.274	14.482	13.735	42.121	31.284	39.95	124.155	125.032	126.943	240.128	236.252	235.977
00:48:00	12.745	13.872	13.702	40.3	32.056	39.964	126.014	125.919	129.133	234.703	235.001	229.087
00:48:30	12.374	13.311	12.919	38.865	32.086	38.892	124.862	125.924	128.26	236.514	234.584	232.126
00:49:00	12.844	13.637	13.116	40.301	32.429	40.273	124.9	124.272	131.118	238.094	237.52	232.535
00:49:30	12.59	14.009	12.672	39.672	32.395	40.206	124.735	125.534	130.918	241.388	236.559	239.458
00:50:00	12.842	14.003	12.968	39.458	31.991	40.241	124.577	125.652	124.858	238.007	232.902	230.921
00:50:30	13.168	13.445	13.56	39.323	32.21	40.242	125.511	123.627	126.404	234.105	231.644	236.358
00:51:00	12.555	13.86	13.633	39.973	31.643	40.22	124.314	126.644	127.292	236.383	233.605	234.199
00:51:30	13.126	13.067	12.755	39.442	31.21	40.537	124.771	124.79	126.007	235.498	230.11	229.925
00:52:00	12.814	13.649	12.608	38.442	30.868	40.549	125.534	123.461	126.901	233.379	234.143	233.368
00:52:30	12.585	13.079	12.375	39.384	31.252	40.327	124.813	125.858	127.984	237.562	234.753	234.282
00:53:00	13.124	13.936	12.912	37.398	31.956	38.769	123.952	123.76	126.845	238.995	233.648	233.277
00:53:30	11.907	13.563	12.574	37.966	33.284	39.725	123.046	125.003	129.995	234.635	231.962	232.007
00:54:00	12.805	12.961	13.069	37.733	31.111	39.3	122.716	126.693	128.373	234.123	231.031	228.454
00:54:30	12.587	12.674	12.782	38.304	31.619	39.771	124.64	125.696	128.034	234.054	234.61	232.552
00:55:00	12.039	13.78	12.782	38.366	31.451	39.385	127.736	124.015	127.727	234.425	235.153	232.727
00:55:30	12.082	13.13	13.052	38.185	31.781	38.447	124.318	123.147	131.937	238.022	233.615	230.933
00:56:00	13.003	12.984	12.341	38.226	30.228	38.537	123.389	122.735	126.385	233.774	233.295	232.726
00:56:30	12.142	13.033	13.446	37.183	30.242	37.61	122.573	124.793	128.197	239.298	231.319	232.381
00:57:00	12.613	12.8	12.316	37.99	30.426	37.943	122.421	125.826	128.745	236.937	232.709	230.855
00:57:30	13.015	13.362	12.078	38.488	32.058	38.576	122.222	124.032	126.688	232.404	233.512	232.182
00:58:00	12.302	13.549	12.423	36.852	30.211	38.359	124.034	123.299	128.506	235.553	232.641	231.784
00:58:30	13.51	13.126	12.292	38.297	29.722	38.615	122.419	124.753	129.548	231.927	232.899	232.06
00:59:00	12.018	12.786	12.651	35.746	29.478	37.084	122.991	124.535	126.456	230.845	232.818	228.226
00:59:30	12.221	12.789	13.913	36.929	30.384	37.023	124.604	124.155	126.888	234.176	230.333	233.946
01:00:00	12.614	13.405	12.873	36.838	29.142	36.316	121.899	123.901	127.881	234.658	233.687	229.513
01:00:30	13.017	13.753	13.051	37.607	30.388	35.435	123.538	123.512	129.79	233.931	232.766	225.045
01:01:00	12.535	13.781	13.313	37.372	29.62	36.821	121.469	124.14	129.99	235.184	231.456	232.881
01:01:30	12.633	13.404	12.911	36.496	30.618	36.36	122.551	124.649	127.053	234.833	235.927	232.707
01:02:00	12.223	13.372	12.577	35.546	29.676	36.066	120.583	124.109	129.205	233.148	229.943	229.247
01:02:30	12.105	13.535	12.931	36.404	28.539	36.35	123.803	124.923	126.648	233.279	229.836	228.741
01:03:00	13.202	13.195	13.467	36.277	30.148	35.798	124.165	123.995	127.969	236.612	232.192	232.751
01:03:30	12.606	12.687	12.215	35.442	28.335	35.259	125.589	124.323	128.44	236.631	235.181	228.747
01:04:00	11.722	13.476	12.505	37.022	28.581	37.437	123.474	122.114	127.284	232.945	229.128	227.166
01:04:30	12.618	13.278	12.801	35.532	28.557	34.361	122.836	123.788	124.991	229.973	230.089	228.53
01:05:00	12.067	14.136	12.1	36.084	29.209	34.821	126.023	124.64	127.546	230.479	228.637	230.019
01:05:30	12.475	12.836	11.994	35.975	28.997	35.589	120.61	124.512	124.039	230.048	229.584	229.451
01:06:00	12.49	13.863	12.778	35.02	29.484	35.139	123.515	123.782	129.25	235.767	229.981	233.735
01:06:30	13.02	13.715	12.433	35.775	28.988	35.346	123.442	122.736	127.953	232.765	233.562	230.472
01:07:00	12.513	13.102	12.592	35.307	28.677	34.643	121.36	120.371	125.924	232.789	230.027	228.578
01:07:30	13.071	12.659	11.989	34.526	29.12	35.549	123.462	123.503	124.771	231.445	230.204	227.478
01:08:00	12.491	13.033	12.958	34.293	28.713	35.25	123.409	127.143	127.366	231.91	230.453	233.175
01:08:30	13.51	13.61	11.787	34.085	29.337	34.201	123.606	124.366	125.195	233.238	230.093	231.433
01:09:00	13.074	13.332	12.932	35.561	27.346	35.25	122.078	125.318	126.604	238.877	232.188	230.853
01:09:30	13.009	13.472	12.363	35.38	28.512	35.282	122.739	124.584	126.092	235.731	232.244	231.278
01:10:00	11.855	11.955	12.188	35.838	28.232	34.47	120.893	125.03	123.541	230.806	225.528	228.274
01:10:30	11.672	13.113	12.439	36.619	28.552	35.288	122.816	124.096	128.383	230.654	231.419	229.423
01:11:00	12.731	12.854	12.748	35.666	29.913	34.107	120.835	124.5	125.39	234.712	225.475	230.39
01:11:30	12.336	13.367	13.608	35.73	28.103	35.31	123.219	123.283	127.013	232.8	229.733	228.446
01:12:00	12.252	13.229	12.66	34.559	28.844	34.077	122.741	122.726	126.485	232.5	231.95	230.332
01:12:30	12.216	13.415	10.826	35.66	28.82	34.829	122.735	121.954	127.345	231.83	231.872	229.932
01:13:00	12.542	12.254	13.201	36.175	28.287	36.303	123.637	122.751	123.686	235.207	231.354	229.947
01:13:30	12.689	13.025	11.983	35.423	28.219	35.501	122.814	121.72	125.068	232.347	229.946	228.019
01:14:00	12.945	12.993	12.55	36.318	29.108	35.602	122.738	122.101	128.382	234.197	229.363	229.769
01:14:30	11.357	13.564	12.902	35.111	28.796	33.009	120.825	123.794	126.904	234.029	229.427	230.122
01:15:00	12.049	13.133	11.387	35.265	27.745	34.612	121.513	123.938	125.161	232.846	231.68	226.361
01:15:30	12.332	13.124	12.604	35.373	28.865	34.645	120.979	121.143	126.497	230.907	232.133	226.172
01:16:00	12.104	13.133	12.577	35.164	28.551	35.227	121.807	123.452	126.149	231.342	229.598	226.73
01:16:30	12.692	13.094	12.564	34.991	27.778	35.386	122.082	121.639	126.29	233.827	226.88	229.344
01:17:00	12.779	12.957	12.183	37.597	27.919	33.941	122.842	121.572	126.42	228.876	229.447	227.484
01:17:30	12.782	12.012	11.851	35.881	27.739	34.767	120.766	123.106	126.663	228.673	229.098	224.228
01:18:00	13.039	12.234	12.357	35.355	27.314	34.211	120.289	123.767	125.164	232.392	230.976	228.29
01:18:30	12.457	13.333	12.852	35.354	27.008	35.727	125.496	122.088	125.769	233.667	230.093	227.071
01:19:00	12.609	13.74	13.086	33.535	27.475	33.29	120.555	120.256	125.335	231.295	233.829	228.205
01:19:30	12.505	13.168	12.621	36.388	27.723	33.28	121.218	120.638	126.21	233.405	230.047	230.785
01:20:00	12.391	13.417	12.978	35.989	26.383	34.292	124.455	125.859	124.742	232.433	230.36	228.162
01:20:30	12.7	13.316	13.011	35.986	27.019	35.012	122.87	122.97	126.091	232.427	228.102	228.2
01:21:00	12.809	14.566	12.429	36.064	26.667	34.68	121.12	125.716	128.829	235.601	228.635	228.688
01:21:30	11.703	12.59	12.212	36.388	28.747	34.848	119.981	125.351	126.793	230.758	231.457	228.312
01:22:00	12.437	12.878	12.647	35.289	27.478	34.552	123.503	125.765	123.546	233.069	229.936	228.025
01:22:30	13.325	13.666	12.942	35.025	26.538	34.59	121.189	121.367	126.189	231.103	228.858	222.982
01:23:00	13.203	13.08	13.149	36.07	27.206	34.972	118.616	125.202	127.568	232.436	233.366	232.003
01:23:30	12.443	13.539	12.83	34.864	26.865	34.457	122.016	122.346	126.972	234.879	231.786	228.248
01:24:00	12.276	12.716	12.545	35.181	27.266	32.547	121.641	122.691	126.305	231.783	227.733	225.053
01:24:30	11.662	13.293	12.363	35.243	26.963	34.379	121.442	122.998	126.761	233.673	228.402	227.619
01:25:00	12.747	12.503	11.342	35.261	26.679	35.073	121.687	122.679	125.107	229.663	231.299	227.753
01:25:30	11.498	13.987	12.146	35.425	27.168	34.846	120.964	123.899	123.432	229.26	229.944	226.845
01:26:00	11.694	13.337	12.839	35.108	27.34	33.739	121.844	121.112	124.125	232.235	229.032	227.672
01:26:30	13.12	14.098	12.927	36.238	26.445	33.986	121.761	123.942	124.511	229.802	227.142	226.525
01:27:00	12.163	13.817	11.414	34.997	27.645	34.511	120.578	120.257	122.982	229.926	226.689	226.749
01:27:30	13.537	13.421	11.984	35.556	27.448	35.641	121.466	122.819	125.966	230.32	226.671	227.265
01:28:00	12.513	14.753	12.359	34.957	27.171	34.462	121.953	120.797	125.656	230.08	230.858	227.445
01:28:30	12.769	12.4	11.77	35.104	27.628	35.016	122.783	124.763	125.494	231.432	229.488	229.406
01:29:00	12.164	13.237	12.221	36.297	27.635	34.281	120.778	120.641	123.409	232.041	224.807	223.936
01:29:30	12.651	13.081	12.419	36.018	27.333	35.073	122.572	125.195	123.662	229.301	225.87	228.601
01:30:00	12.98	12.383	12.73	35.045	26.546	33.929	121.415	121.282	123.838	231.803	226.251	228.978
01:30:30	12.662	13.542	12.617	35.729	27.44	33.843	122.282	124.002	126.68	229.44	226.231	228.848
01:31:00	12.886	13.072	11.675	35.95	27.201	34.626	123.372	120.904	126.109	232.238	227.452	227.089
01:31:30	12.152	13.413	12.183	34.594	27.248	34.057	120.195	122.183	126.478	231.222	227.908	229.54
01:32:00	12.096	12.227	12.931	35.756	26.726	33.976	121.96	122.924	127.797	230.219	227.571	229.565
01:32:30	13.33	12.987	12.708	36.129	27.035	34.503	121.643	124.587	124.966	227.776	231.853	228.75
01:33:00	12.238	12.971	12.173	35.106	26.812	34.712	118.816	120.961	123.978	228.813	230.56	229.26
01:33:30	12.178	13.472	12.199	37.032	25.044	33.319	120.691	120.103	124.846	226.759	228.928	229.252
01:34:00	12.603	13.3	12.54	34.428	28.358	35.373	119.138	124.39	125.839	230.585	230.354	224.226
01:34:30	13.065	12.607	12.831	33.861	28.55	34.373	121.889	124.011	125.791	230.25	230.9	227.056
01:35:00	11.949	12.698	12.387	34.89	28.503	35.629	120.572	122.889	125.733	227.901	227.871	225.267
01:35:30	12.104	13.672	12.567	35.365	27.426	34.366	124.577	122.382	125.416	233.823	228.561	228.102
01:36:00	12.216	13.06	12.762	35.315	28.075	35.623	123.343	123.124	123.865	235.531	230.922	227.31
01:36:30	12.096	12.598	11.714	36.311	27.789	34.083	118.643	120.846	123	227.61	228.452	225.577
01:37:00	12.463	13.218	12.462	36.69	27.256	33.329	123.513	123.275	129.755	230.225	229.798	228.425
01:37:30	12.213	13.213	12.099	35.368	28.396	34.328	122.068	122.207	127.372	226.529	229.802	225.121
01:38:00	12.476	13.302	12.212	36.013	27.391	32.695	121.411	121.612	125.736	230.865	223.158	224.656
01:38:30	12.74	13.756	12.534	35.572	28.028	34.278	121.178	120.496	125.268	231.678	230.719	229.058
01:39:00	12.952	14.076	12.768	35.245	28.757	34.059	120.81	122.47	128.22	230.722	231.426	227.849
01:39:30	12.826	13.43	12.369	34.903	29.619	34.374	120.32	123.328	124.371	228.217	225.755	225.18
01:40:00	13.12	12.132	12.234	36.314	28.915	34	121.234	120.619	124.562	230.388	231.537	228.546
01:40:30	12.913	12.55	12.991	36.073	28.048	34.69	121.178	121.165	124.39	228.97	227.724	229.362
01:41:00	12.906	12.796	12.895	35.272	28	34.975	123.468	122.057	123.877	230.836	224.968	226.089
01:41:30	12.355	13.26	12.431	34.019	27.555	33.895	121.293	120.614	125.675	229.461	228.351	224.495
01:42:00	12.694	13.45	12.451	36.02	28.996	34.4	123.346	122.699	124.123	232.245	224.551	222.644
01:42:30	11.797	12.924	13.13	34.445	28.079	34.099	117.53	121.176	126.512	233.538	224.633	224.049
01:43:00	12.683	13.474	11.959	35.38	27.572	34.826	121.874	119.968	125.814	229.087	227.068	223.406
01:43:30	12.797	12.788	13.17	35.981	28.429	34.225	119.439	121.063	125.05	232.354	229.912	223.861
01:44:00	13.323	13.55	12.764	36.322	27.774	33.747	122.569	117.97	123.599	231.235	225.187	221.996
01:44:30	12.454	12.929	12.865	35.121	27.795	34.281	121.203	120.911	121.234	228.938	231.333	231.114
01:45:00	13.359	12.658	13.011	37.257	28.313	33.921	121.044	121.837	122.444	228.781	227.687	228.118
01:45:30	12.834	13.559	12.386	34.193	28.182	33.862	120.944	123.411	124.603	230.05	226.18	229.175
01:46:00	12.61	13.46	11.955	36.176	28.303	35.408	121.315	120.19	123.961	226.356	222.735	222.581
01:46:30	12.058	12.739	12.819	36.155	27.741	35.652	120.634	120.888	124.31	231.564	226.457	221.526
01:47:00	12.635	13.004	13.314	36.245	26.547	34.716	121.56	121.914	128.782	229.273	229.403	229.118
01:47:30	13.071	14.017	13.119	36.867	27.243	34.859	120.552	121.497	123.081	228.658	227.181	227.977
01:48:00	12.662	13.262	12.432	34.91	28.023	34.094	121.503	122.907	124.749	226.947	222.922	222.847
01:48:30	12.183	13.251	13.163	36.076	27.432	34.449	119.384	121.304	122.582	222.959	225.87	225.734
01:49:00	12.797	13.369	12.875	34.893	27.859	35.571	120.316	121.608	124.715	227.669	226.053	225.781
01:49:30	12.453	12.967	12.089	37.65	27.916	36.244	120.764	120.25	125.595	229.022	227.533	222.752
01:50:00	13.272	13.519	12.994	35.172	28.97	34.46	120.795	120.855	122.397	228.418	227.038	222.044
01:50:30	13.354	13.745	12.969	35.86	26.634	34.113	119.946	123.683	125.331	224.572	227.978	223.453
01:51:00	13.28	13.84	12.068	35.645	27.516	35.553	120.376	120.315	124.967	226.306	222.855	220.979
01:51:30	12.327	12.939	11.894	35.029	27.018	33.212	120.575	120.522	124.251	228.367	224.656	224.132
01:52:00	12.742	13.388	12.766	36.003	28.58	34.552	121.582	122.637	123.201	229.41	227	219.361
01:52:30	12.911	12.303	13.084	35.147	28.054	33.954	120.939	121.075	123.754	229.758	227.021	224.117
01:53:00	13.251	13.516	12.203	35.283	29.142	33.838	120.832	124.313	123.269	227.194	224.378	226.46
01:53:30	11.873	12.567	12.113	36.07	27.196	34.797	121.119	119.76	123.513	228.149	225.729	222.293
01:54:00	12.984	13.208	12.67	36.017	28.406	33.604	119.729	120.087	126.037	229.806	224.235	225.688
01:54:30	13.231	12.338	12.962	34.31	28.132	34.996	118.972	121.215	122.968	223.567	223.745	222.591
01:55:00	13.035	12.755	12.996	36.543	27.908	35.238	117.63	119.728	123.677	228.669	227.113	224.489
01:55:30	12.694	13.141	12.908	35.269	27.463	34.914	119.401	120.632	122.723	227.753	226.71	224.35
01:56:00	12.046	12.53	11.932	36.767	28.631	34.437	119.549	123.545	124.246	230.443	228.652	226.979
01:56:30	12.548	13.727	12.674	37.336	29.078	35.818	118.647	120.32	123.314	227.977	225.781	227.855
01:57:00	12.253	13.559	13.57	36.882	27.487	33.58	120.823	122.628	121.516	229.113	227.887	219.873
01:57:30	13.465	13.79	12.868	35.659	28.751	34.534	124.34	123.477	123.795	228.385	226.168	226.99
01:58:00	12.954	13.779	13.138	35.973	29.515	34.216	120.732	119.557	124.174	224.69	226.128	221.464
01:58:30	13.387	13.058	12.942	35.962	28.692	35.484	119.678	119.559	124.448	226.593	225.647	224.107
01:59:00	12.915	12.771	12.9	36.067	27.761	33.546	116.056	120.918	122.153	224.696	226.279	221.424
01:59:30	12.801	14.05	13.031	35.039	29.02	35.405	119.167	118.784	122.217	226.423	225.239	220.368
02:00:00	12.677	13.994	11.906	35.881	28.805	34.564	119.261	120.141	122.651	228.527	226.664	224.074