Time	25_1	25_2	25_3	50_1	50_2	50_3	100_1	100_2	100_3	150_1	150_2	150_3
00:00:00	66.612	81.882	80.488	139.025	149.666	159.596	249.589	260.83	262.271	347.928	350.877	369.436
00:01:00	65.133	80.26	75.127	123.466	130.31	125.01	242.325	236.228	244.965	333.595	334.557	351.809
00:02:00	58.034	70.931	70.216	113.676	118.813	115.169	229.109	224.885	231.165	317.779	320.057	330.797
00:03:00	54.268	58.824	62.41	107.954	109.036	114.971	217.243	219.676	220.055	295.326	296.386	315.406
00:04:00	50.202	55.487	54.928	105.802	106.909	110.536	205.5	204.739	209.44	289.651	288.628	312.343
00:05:00	48.149	51.627	52.25	99.992	103.351	101.997	196.249	194.474	198.612	279.688	286.354	302.783
00:06:00	44.831	47.856	47.102	95.331	96.832	98.341	187.533	185.207	193.737	275.19	277.807	299.217
00:07:00	42.789	46.657	44.644	92.404	93.71	95.138	186.98	181.898	186.298	269.626	274.673	294.487
00:08:00	40.938	45.016	43.293	91.149	92.229	92.23	181.824	175.57	178.151	265.676	273.466	295.644
00:09:00	39.727	41.734	40.921	85.597	89.541	88.962	177.077	169.154	176.332	269.057	273.607	293.809
00:10:00	37.627	39.873	39.228	82.929	85.608	86.156	171.572	166.313	169.99	265.144	265.247	286.366
00:11:00	35.361	37.606	38.909	79.005	83.014	85.74	170.249	165.501	164.189	263.466	264.012	286.458
00:12:00	33.884	37.025	37.653	77.964	78.073	81.627	165.106	158.292	166.678	263.014	263.545	280.709
00:13:00	34.507	35.801	34.753	77.117	80.46	78.942	162.364	158.365	161.998	259.529	262.534	279.087
00:14:00	32.733	33.159	33.723	74.329	78.13	77.673	159.77	151.64	159.256	254.556	262.396	284.312
00:15:00	31.679	34.921	32.513	71.684	77.304	77.037	161.372	152.991	161.178	256.867	260.81	283.706
00:16:00	30.302	33.374	32.369	72.986	74.683	77.04	157.849	150.011	157.331	258.604	260.485	279.866
00:17:00	29.376	31.609	31.291	73.037	73.946	73.907	155.338	152.348	155.99	255.773	261.161	279.559
00:18:00	28.703	31.98	29.535	69.315	72.674	73.911	156.25	149.885	153.125	256.219	257.553	276.116
00:19:00	28.165	29.194	29.997	67.813	70.065	71.564	155.265	147.12	154.042	253.134	255.106	279.943
00:20:00	27.309	29.193	28.71	66.942	71.276	70.016	155.71	148.641	150.101	251.882	260.249	277.583
00:21:00	26.6	27.749	29.069	67.229	70.144	68.467	153.797	145.826	155.673	252.328	258.449	276.861
00:22:00	26.1	28.017	26.83	65.437	67.285	67.954	155.423	147.282	153.378	252.282	256.749	275.817
00:23:00	25.594	26.333	26.521	66.685	66.376	65.248	154.209	144.66	151.848	250.658	254.298	275.481
00:24:00	25.738	26.048	26.237	64.587	66.305	65.159	152.151	145.486	149.384	251.478	255.445	279.562
00:25:00	24.443	26.666	25.141	62.097	65.021	65.436	152.325	143.061	149.635	253.548	255.288	278.341
00:26:00	23.941	26.434	25.023	63.194	65.176	64.291	150.505	146.187	150.664	252.62	257.835	275.418
00:27:00	22.544	24.016	24.566	61.71	66.215	62.172	150.006	142.256	148.342	249.871	253.363	272.379
00:28:00	22.938	23.854	23.698	60.157	62.03	63.333	148.463	140.319	149.193	250.251	254.127	272.956
00:29:00	22.811	24.65	23.357	58.188	62.639	62.738	151.504	142.508	149.446	248.668	259.572	276.596
00:30:00	22.852	22.986	22.11	58.403	62.542	61.59	150.046	142.968	148.7	250.884	253.713	272.537
00:31:00	22.228	23.217	23.296	58.895	60.269	60.677	149.741	141.134	148.252	249.603	256.811	274.729
00:32:00	22.451	23.07	21.738	59.53	60.413	62.27	149.613	142.009	147.72	252.595	256.168	271.102
00:33:00	21.285	21.801	21.774	58.395	61.004	60.125	145.882	139.571	143.85	248.976	255.373	271.591
00:34:00	20.159	20.756	22.379	56.206	61.639	60.955	150.172	139.854	148.321	248.343	253.259	274.761
00:35:00	20.482	22.852	22.369	55.979	57.986	58.529	147.676	139.006	144.69	249.632	250.981	270.887
00:36:00	18.833	21.429	21.507	56.483	57.845	59.177	146.693	139.529	145.533	242.011	250.74	268.14
00:37:00	19.072	20.399	21.439	55.521	58.402	57.178	147.062	136.405	146.81	247.013	252.825	271.008
00:38:00	18.698	20.571	20.793	55.449	57.345	57.07	146.226	138.48	146.413	249.908	254.068	272.166
00:39:00	20.036	20.757	21.451	54.734	57.138	57.159	146.014	142.016	142.184	243.41	251.934	267.098
00:40:00	19.074	20.106	20.198	54.337	57.639	56.751	145.305	139.161	145.064	246.834	256.582	269.164
00:41:00	18.24	20.218	19.329	51.912	56.304	56.374	145.239	136.783	143.987	244.992	253.46	270.148
00:42:00	19.651	19.518	18.317	51.612	54.45	55.992	143.331	137.256	144.533	247.047	256.755	270.787
00:43:00	18.292	19.534	20.044	53.565	55.632	56.013	144.28	138.632	143.968	244.919	257.793	267.815
00:44:00	19.191	19.031	18.868	52.638	55.518	53.564	145.747	137.893	144.783	249.91	254.012	268.897
00:45:00	17.895	20.737	18.584	53.01	55.908	55.651	144.171	138.59	143.292	244.946	252.235	269.296
00:46:00	18.813	18.675	18.905	50.921	54.547	55.128	146.451	139.294	146.249	244.324	250.288	266.266
00:47:00	17.9	18.437	18.925	51.621	54.52	54.02	145.831	138.613	145.431	244.644	258.065	269.23
00:48:00	17.896	19.058	19.272	50.852	54.7	54.44	144.713	136.75	143.266	244.791	250.488	267.976
00:49:00	18.177	18.605	17.953	50.506	55.182	53.013	144.099	139.104	145.854	248.914	249.794	270.293
00:50:00	17.549	18.479	18.538	49.726	54.955	54.743	144.484	136.62	144.257	252.565	252.726	269.719
00:51:00	17.809	19.185	18.296	47.304	52.513	54.518	142.927	136.414	140.985	249.309	258.769	269.541
00:52:00	17.947	18.707	18.784	49.79	53.46	52.729	143.292	135.493	141.339	245.314	248.858	270.016
00:53:00	16.332	18.588	17.547	47.144	53.091	53.067	144.107	136.788	144.246	243.95	247.043	268.007
00:54:00	17.678	17.615	16.599	48.904	51.989	52.392	142.276	136.166	139.909	244.356	243.754	269.744
00:55:00	17.983	17.427	18.157	49.683	51.726	54.26	145.616	136.067	139.39	244.597	255.462	268.898
00:56:00	17.261	18.473	17.637	48.299	51.983	53.459	145.269	137.451	142.261	249.284	249.985	266.016
00:57:00	17.431	17.806	17.028	47.791	51.559	52.304	145.052	138.059	141.113	245.725	245.291	270.01
00:58:00	16.563	17.778	17.635	48.248	52.905	51.58	143.838	136.205	143.58	247.065	249.267	266.412
00:59:00	16.94	17.134	17.132	47.232	51.911	51.85	142.676	137.865	143.513	241.858	249.502	262.918
01:00:00	18.162	17.651	16.242	47.882	52.605	52.257	141.921	136.131	139.426	243.45	246.888	271.08
01:01:00	17.793	17.491	17.061	46.551	50.332	50.433	143.563	135.162	142.632	243.816	250.441	266.513
01:02:00	17.18	17.133	17.081	48.154	52.283	51.615	140.936	136.416	141.388	243.286	244.786	266.783
01:03:00	16.893	17.595	17.09	46.681	50.122	52.467	142.536	135.381	143.93	244.687	246.313	267.242
01:04:00	16.808	17.391	17.129	45.983	52.243	50.952	141.332	136.094	141.744	244.109	244.713	266.708
01:05:00	15.729	17.564	16.658	46.812	50.634	50.71	141.929	137.597	140.261	244.297	249.351	267.847
01:06:00	16.856	17.577	17.111	46.641	51.216	48.875	144.745	134.39	141.275	245.454	252.228	268.981
01:07:00	17.326	17.344	17.001	47.771	48.856	50.422	141.537	135.66	141.411	240.168	249.675	266.678
01:08:00	16.085	17.264	16.344	45.594	50.615	51.163	144.887	134.604	139.604	250.065	248.799	268.851
01:09:00	15.945	16.691	17.173	47.456	50.536	51.537	143.455	135.503	140.951	244.805	250.143	268.8
01:10:00	16.395	17.664	16.656	47.299	50.075	50.446	141.074	136.172	139.143	244.642	247.032	264.357
01:11:00	15.468	17.05	15.745	46.435	50.169	50.149	142.623	137.339	138.925	242.962	248.701	268.824
01:12:00	17.147	17.392	16.684	45.791	50.168	50.619	142.952	131.785	141.894	242.034	247.513	264.095
01:13:00	16.043	17.13	16.688	46.238	49.352	49.337	143.373	134.486	139.14	241.165	250.622	267.881
01:14:00	16.268	17.593	16.932	45.963	49.171	50.43	143.486	133.883	139.064	243.531	246.255	263.562
01:15:00	17.064	18.018	15.967	46.105	50.35	49.461	142.784	134.251	139.434	243.686	248.496	264.353
01:16:00	17.194	17.239	16.587	46.465	50.161	49.376	142.467	135.326	140.139	244.693	245.261	266.003
01:17:00	15.88	18.246	16.594	45.67	49.053	48.904	139.64	135.454	137.823	245.121	253.759	268.631
01:18:00	16.13	17.515	16.262	44.872	53.241	49.121	141.217	135.162	140.96	243.921	247.704	266.379
01:19:00	16.418	16.685	16.525	44.142	48.681	48.803	141.153	134.085	140.014	244.948	250.24	267.356
01:20:00	16.032	17.014	15.698	44.72	49.26	49.229	141.286	136.142	139.792	243.509	246.492	265.439
01:21:00	15.582	17.888	16.419	44.654	48.429	49.644	140.982	133.586	139.53	248.395	247.416	268.929
01:22:00	16.43	16.511	16.78	44.134	51.021	49.337	142.301	134.298	139.729	244.898	245.273	262.667
01:23:00	16.403	17.036	16.493	44.142	50.079	49.761	141.378	134.135	140.684	243.503	253.153	261.461
01:24:00	17.226	17.319	15.82	43.458	49.657	47.595	142.244	134.585	139.251	246.589	247.614	266.534
01:25:00	15.868	17.106	15.55	43.611	48.715	49.859	141.181	132.025	137.238	244.241	243.764	263
01:26:00	16.205	15.409	16.716	42.806	47.998	48.607	139.845	135.624	140.359	240.811	248.423	267.506
01:27:00	16.015	17.008	17.286	42.982	47.779	47.947	142.405	134.831	138.732	242.737	246.187	264.692
01:28:00	15.787	16.479	17.118	42.767	48.483	49.482	139.465	136.13	140.288	245.216	249.808	265.883
01:29:00	16.661	16.031	16.987	43.762	47.805	49.265	142.719	134.181	141.51	242.421	245.537	264.201
01:30:00	15.945	15.76	15.817	45.338	49.258	47.288	141.143	133.634	138.888	243.441	251.222	264.509
01:31:00	17.133	16.742	15.767	44.064	48.037	47.622	137.747	133.02	138.856	244.351	243.179	267.191
01:32:00	16.291	16.293	16.311	43.29	46.554	47.717	139.571	131.852	138.94	242.034	241.906	263.158
01:33:00	16.668	16.895	16.401	43.431	47.015	47.69	141.313	133.81	136.789	242.503	248.579	264.97
01:34:00	15.913	16.466	15.91	43.084	48.219	47.546	140.825	132.566	139.047	241.646	244.478	264.884
01:35:00	16.359	17.323	16.369	43.876	47.238	46.641	142.92	133.863	139.364	243.723	245.449	264.23
01:36:00	15.839	17.195	15.79	42.849	46.683	47.779	143.467	134.152	139.292	243.998	252.284	262.842
01:37:00	15.427	17.139	15.039	43.51	46.011	47.116	140.184	131.685	139.379	241.489	245.125	264.125
01:38:00	16.16	15.968	16.629	41.657	46.576	47.542	139.543	133.65	138.938	243.368	244.166	262.404
01:39:00	15.854	16.914	15.072	41.95	45.634	45.617	140.516	132.11	142.375	242.941	250.1	264.663
01:40:00	16.489	17.403	16.472	43.872	46.996	47.382	139.585	135.868	142.184	245.153	247.608	263.898
01:41:00	15.52	17.119	15.476	41.994	46.554	47.559	139.576	136.714	139.548	245.222	246.631	266.001
01:42:00	16.101	16.841	15.206	42.801	45.194	46.479	140.069	130.273	140.255	239.099	249.439	260.664
01:43:00	15.923	16.039	15.987	43.602	47.862	45.254	139.586	135.857	139.685	241.73	244.527	266.488
01:44:00	15.525	16.651	16.123	42.467	46.954	46.807	140.803	133.416	138.323	242.773	245.247	262.1
01:45:00	16.194	17.455	16.013	40.368	45.564	46.197	140.699	130.727	137.912	238.839	250.877	261.238
01:46:00	16.415	16.333	15.862	41.512	46.241	44.497	139.994	134.608	138.185	240.778	249.084	262.919
01:47:00	15.709	16.749	15.378	41.259	46.188	46.942	142.033	128.809	140.214	243.909	247.394	258.062
01:48:00	15.834	17.781	15.922	43.109	46.696	47.488	140.51	131.012	136.832	241.944	248.522	260.939
01:49:00	16.591	16.409	15.451	41.593	46.402	46.149	137.251	130.661	139.319	241.327	246.039	260.461
01:50:00	16.782	16.51	16.158	42.241	45.205	45.123	138.855	132.541	137.22	244.878	249.573	258.057
01:51:00	15.772	17.121	16.124	41.344	45.463	45.729	139.664	133.585	138.841	238.839	245.03	261.12
01:52:00	16.224	16.441	16.32	41.575	45.807	47.166	138.88	133.099	138.323	243.185	252.374	260.499
01:53:00	16.694	16.308	15.635	41.103	46.126	45.543	138.48	130.913	136.749	239.983	247.313	260.599
01:54:00	16.016	16.689	17.105	41.398	44.74	46.522	139.351	132.091	137.762	241.077	243.883	257.93
01:55:00	17.055	16.882	14.996	41.865	45.299	46.077	140.714	131.41	139.922	240.081	247.528	263.731
01:56:00	16.578	18.341	16.192	43.514	45.763	45.405	140.561	130.394	138.627	238.4	244.846	260.985
01:57:00	15.854	17.132	15.68	40.773	45.232	45.763	138.581	133.714	140.173	243.04	240.966	261.389
01:58:00	16.325	16.583	15.725	41.688	44.619	46.693	139.641	133.82	138.493	240.708	248.834	258.371
01:59:00	16.572	17.147	15.806	41.051	46.48	45.332	141.239	132.367	137.999	241.529	250.327	258.675
02:00:00	16.016	16.335	16.136	41.367	44.961	45.955	141.525	134.343	135.912	240.988	251.525	260.641