Time	25_1	25_2	25_3	50_1	50_2	50_3	100_1	100_2	100_3	150_1	150_2	150_3
00:00:00	73.014	71.452	77.909	141.749	138.96	152.715	254.145	270.902	260.093	373.639	377.13	370.085
00:01:00	68.508	67.119	72.169	130.818	127.774	127.906	242.258	233.505	242.475	361.811	361.932	357.653
00:02:00	62.685	60.254	65.521	120.48	119.956	121.301	228.553	228.854	233.991	337.782	342.922	332.282
00:03:00	57.671	58.408	60.846	112.84	110.576	117.841	216.025	214.142	222.884	323.239	323.043	324.693
00:04:00	54.821	56.423	57.951	108.754	106.557	109.557	210.942	204.201	208.573	314.271	317.589	312.154
00:05:00	51.043	52.376	56.17	106.462	103.057	104.632	199.821	193.515	199.052	301.861	306.644	302.91
00:06:00	48.256	51.033	54.464	99.898	98.674	103.515	188.962	183.072	191.748	298.203	302.322	298.881
00:07:00	47.154	48.364	51.37	95.932	96.353	99.46	184.284	181.975	185.465	294.168	300.735	300.865
00:08:00	44.883	47.027	48.404	93.838	93.088	97.158	175.684	173.799	177.402	291.945	300.015	290.676
00:09:00	43.169	46.661	48.585	90.961	91.106	94.931	173.591	168.662	174.93	291.383	297.157	288.993
00:10:00	40.45	44.324	45.158	87.451	85.491	91.788	167.749	165.886	171.386	286.596	293.393	288.477
00:11:00	39.535	43.167	43.372	86.936	84.614	88.526	165.697	160.155	168.135	284.276	290.407	289.199
00:12:00	37.966	43.665	42.34	84.976	85.206	85.164	163.512	157.564	165.176	282.885	287.094	283.798
00:13:00	37.621	39.237	40.42	84.129	82.202	82.979	159.122	154.435	162.614	286.218	285.053	286.461
00:14:00	36.095	40.669	39.963	80.458	78.379	81.946	155.518	154.861	161.125	277.179	282.806	280.722
00:15:00	34.218	38.832	39.501	81.506	78.215	82.197	157.372	155.814	161.801	279.704	280.8	285.932
00:16:00	33.006	37.418	37.468	79.17	78.604	81.596	154.341	150.911	159.687	281	283.82	283.703
00:17:00	32.614	37.08	37.314	77.67	76.635	79.843	155.183	148.176	157.233	282.237	274.1	277.094
00:18:00	31.329	35.979	36.08	77.708	76.299	78.604	153.109	148.814	159.246	277.824	279.21	280.766
00:19:00	30.828	34.094	35.073	75.272	74.64	76.98	150.15	149.23	155.582	275.89	280.184	280.117
00:20:00	31.131	34.124	34.994	73.484	75.936	75.443	151.964	146.868	155.494	281.094	282.154	281.975
00:21:00	30.312	33.278	34.514	74.007	71.521	74.558	147.971	145.629	156.454	275.853	279.119	276.309
00:22:00	30.205	32.988	33.371	72.254	72.256	75.371	148.805	145.715	152.475	273.689	279.607	276.32
00:23:00	28.928	31.187	31.09	70.771	71.022	73.708	148.136	146.633	153.769	275.513	276.319	279.926
00:24:00	28.152	31.706	32.321	73.1	70.98	72.035	148.536	142.179	152.627	273.684	276.035	273.958
00:25:00	27.783	32.266	32.4	71.304	67.385	71.793	146.857	142.89	150.007	270.258	278.536	275.921
00:26:00	27.954	31.058	32.158	70.734	70.062	71.985	147.655	144.566	153.14	273.399	276.537	279.571
00:27:00	27.151	30.649	31.248	69.448	70.202	68.739	146.705	143.352	149.704	270.9	274.437	278.55
00:28:00	26.862	29.367	29.407	68.947	67.661	66.152	142.845	143.299	150.668	272.59	271.976	268.736
00:29:00	26.251	28.95	31.037	67.03	66.664	67.465	146.239	142.639	150.645	271.467	278.273	276.361
00:30:00	25.528	28.596	28.877	64.856	66.797	67.406	142.378	140.37	148.83	274.422	272.296	274.271
00:31:00	26.081	29.094	28.354	68.672	65.712	64.6	143.694	139.118	149.074	273.073	277.559	275.299
00:32:00	25.977	27.391	28.421	65.469	66.292	63.616	146.276	138.475	149.884	273.154	277.786	272.462
00:33:00	25.01	27.791	27.971	66.618	67.548	63.752	142.948	139.674	149.086	274.165	277.501	275.678
00:34:00	23.503	28.481	26.789	60.333	61.823	61.747	141.865	137.381	145.497	270.156	274.19	273.141
00:35:00	24.675	27.433	26.673	62.856	63.741	62.541	144.378	136.971	146.837	270.409	274.601	271.413
00:36:00	23.514	26.439	25.905	62.617	61.728	61.711	142.518	137.925	145.405	272.228	275.461	271.687
00:37:00	23.673	26.588	27.028	58.32	61.22	60.418	142.088	141.056	144.057	268.169	272.676	269.519
00:38:00	24.524	26.963	25.059	59.424	59.58	59.628	141.034	135.4	148.763	273.263	273.533	270.137
00:39:00	23.217	25.791	25.718	58.418	57.653	57.772	142.193	136.368	144.754	266.683	273.088	273.535
00:40:00	23.337	25.975	24.914	59.509	58.891	60.321	143.213	135.963	146.29	272.297	273.095	274.05
00:41:00	23.34	24.837	25.762	57.776	59.63	58.319	140.942	136.591	143.824	268.496	272.265	271.004
00:42:00	22.825	26.101	25.368	56.45	56.301	58.07	141.757	139.471	145.082	270.273	270.379	266.929
00:43:00	21.965	25.347	25.836	57.326	55.089	58.689	139.507	134.571	146.771	266.513	268.984	267.871
00:44:00	21.813	24.4	25.042	56.26	55.865	56.078	140.911	137.42	142.778	270.712	272.167	269.308
00:45:00	22.151	25.152	25.139	55.434	55.307	55.259	138.07	136.078	144.415	265.888	271.302	271.517
00:46:00	21.499	24.071	25.549	54.752	55.838	56.617	139.968	137.027	144.131	265.926	272.009	268.401
00:47:00	21.051	24.315	24.494	54.246	55.903	54.081	142.181	135.443	146.241	265.927	274.163	271.35
00:48:00	21.848	24.005	25.198	53.983	53.768	56.795	139.477	134.94	142.616	268.634	273.341	269.4
00:49:00	22.741	25.022	23.844	53.964	52.738	56.318	142.403	138.489	146.828	269.068	273.503	271.705
00:50:00	21.555	25.44	24.062	54.39	54.302	54.374	141.38	136.924	147.191	269.973	274.299	269.495
00:51:00	20.576	23.092	25.291	52.69	51.658	55.57	138.199	132.933	143.445	268.184	274.866	271.577
00:52:00	21.182	22.917	24.36	54.209	52.545	54.128	139.714	135.066	143.09	267.274	273.091	265.953
00:53:00	20.738	23.508	24.409	52.594	52.485	55.326	138.17	135.447	144.76	266.619	272.197	267.885
00:54:00	20.836	23.28	23.482	53.093	51.212	54.034	140.439	135.514	142.448	263.146	269.731	267.216
00:55:00	19.928	22.077	23.419	53.152	52.268	53.956	141.498	135.808	144.659	263.546	269.27	266.033
00:56:00	19.589	23.307	22.432	52.819	52.329	53.594	139.278	134.267	143.798	265.867	272.608	272.375
00:57:00	21.089	22.844	23.196	52.919	51.341	53.743	140.586	134.992	144.375	267.752	270.438	269.433
00:58:00	21.337	22.785	23.094	51.91	50.742	53.523	139.34	133.326	144.063	265.812	271.75	269.001
00:59:00	20.503	23.32	23.09	51.497	51.953	51.425	138.316	134.961	142.684	267.351	275.898	270.962
01:00:00	20.438	22.664	22.04	52.841	51.359	53.363	140.63	134.408	142.868	267.01	269.572	264.369
01:01:00	21.144	23.052	22.987	52.781	52.072	52.283	137.88	134.289	141.507	266.359	272.225	268.864
01:02:00	18.346	23.539	22.164	52.901	51.792	52.058	136.125	135.415	143.766	265.368	271.854	266.71
01:03:00	19.862	22.057	23.374	53.491	50.297	51.796	137.557	135.749	144.928	268.259	271.992	269.963
01:04:00	20.852	22.244	22.442	52.413	51.233	53.11	139.694	134.579	143.326	267.183	272.839	268.978
01:05:00	19.379	20.183	23.594	51.591	50.949	53.123	136.04	132.312	145.696	269.806	271.307	268.314
01:06:00	19.259	21.782	23.017	52.895	51.357	52.023	137.702	136.18	141.588	266.24	274.503	267.561
01:07:00	20.13	21.919	22.778	53.064	49.629	51.843	136.681	133.335	139.743	266.503	271.61	270.967
01:08:00	19.745	22.721	22.016	52.539	49.157	51.647	139.758	136.962	143.76	268.138	273.842	270.059
01:09:00	20.225	21.051	23.231	51.681	50.399	50.922	138.715	135.176	141.88	267.848	274.151	269.573
01:10:00	18.861	22.209	21.19	52.685	49.904	51.779	140.037	138.134	143.279	265.641	268.852	268.943
01:11:00	20.342	21.15	22.501	50.97	49.675	52.742	138.433	136.879	143.235	264.923	272.599	268.048
01:12:00	20.351	21.879	22.283	51.343	51.534	51.237	140.032	135.54	144.479	266.509	273.233	267.165
01:13:00	18.796	21.098	23.059	51.749	50.396	50.962	138.851	133.258	140.489	262.723	271.801	263.538
01:14:00	20.044	22.327	21.305	50.894	49.741	50.683	139.085	135.916	143.954	265.717	267.745	259.991
01:15:00	19.376	22.352	21.884	51.699	50.15	52.221	139.219	133.036	142.748	268.209	270.193	266.193
01:16:00	19.92	21.938	21.755	52.094	51.019	52.006	139.267	136.417	141.986	265.427	268.884	270.389
01:17:00	19.88	20.833	21.658	50.691	48.803	50.906	139.537	135.081	140.082	264.83	270.669	263.038
01:18:00	20.087	20.675	22.064	51.185	49.982	51.312	138.338	135.383	140.226	269.277	271.884	266.722
01:19:00	19.37	20.841	21.08	52.473	50.37	50.888	140.269	134.244	141.606	269.648	275.602	265.089
01:20:00	19.977	20.456	21.08	50.706	48.197	51.254	139.569	136.089	141.05	266.511	273.781	265.508
01:21:00	19.22	20.568	20.366	52.209	50.213	52.53	137.947	136.298	144.352	264.714	268.58	263.6
01:22:00	19.008	22.492	19.963	50.128	49.971	50.913	137.951	136.746	142.85	268.181	271.242	265.909
01:23:00	19.492	21.293	20.938	50.926	50.816	51.266	137.47	134.844	142.996	266.617	269.823	264.714
01:24:00	19.328	21.436	21.952	50.668	49.632	50.083	136.645	137.828	139.03	266.96	272.929	265.959
01:25:00	20.256	21.486	22.074	50.843	48.053	51.112	136.72	134.489	143.255	266.195	273.103	267.532
01:26:00	18.843	21.209	20.814	49.714	49.641	48.79	136.87	137.358	141.111	263.837	266.511	265.937
01:27:00	18.964	20.922	22.091	50.77	48.733	49.385	137.253	135.71	144.808	263.239	270.321	266.577
01:28:00	18.968	21.05	21.997	49.765	48.751	48.731	138.662	134.119	140.878	268.084	273.451	266.24
01:29:00	18.663	21.173	21.002	50.656	47.374	50.224	139.588	132.935	141.567	265.002	270.617	264.61
01:30:00	19.293	21.267	22.013	51.837	50.927	50.494	140.54	136.993	143.948	264.867	272.552	264.87
01:31:00	18.688	21.66	20.434	50.577	48.426	50.688	137.581	134.179	141.834	266.399	266.716	266.916
01:32:00	18.528	21.297	22.288	50.496	48.683	50.15	137.236	135.385	141.347	264.82	265.367	264.42
01:33:00	19.822	21.211	20.925	49.66	50.313	49.738	137.635	133.04	142.45	268.506	268.439	264.808
01:34:00	19.232	21.016	20.41	50.778	49.116	51.269	136.466	134.865	142.34	267.173	270.832	264.685
01:35:00	18.518	20.533	21.003	48.526	47.805	51.538	139.992	134.685	141.333	266.293	270.263	264.956
01:36:00	19.764	20.851	21.498	49.53	48.209	50.228	138.795	136.728	141.576	264.595	266.419	266.889
01:37:00	18.189	20.071	20.166	51.855	48.96	50.062	134.932	135.759	140.792	267.357	269.339	264.655
01:38:00	18.94	19.981	20.451	49.452	47.737	48.999	139.029	135.003	143.112	265.563	267.622	262.789
01:39:00	19.13	19.579	20.568	49.719	49.796	50.401	137.241	136.748	141.927	265.592	267.306	263.013
01:40:00	19.035	20.887	21.186	50.247	49.298	50.013	136.982	138.266	141.684	269.464	269.166	266.669
01:41:00	19.562	19.517	21.674	49.462	49.214	48.241	138.22	135.825	142.012	269.542	271.967	266.585
01:42:00	18.555	20.3	20.049	49.536	47.715	48.331	135.986	132.682	141.968	261.441	263.296	259.86
01:43:00	18.848	20.798	21.585	49.085	46.101	49.242	139.368	135.174	142.789	262.382	266.597	264.114
01:44:00	19.671	20.958	20.198	48.893	47.401	49.679	137.369	135.726	145.57	261.473	269.987	258.818
01:45:00	19.763	20.23	20.9	49.146	48.132	49.298	135.471	132.241	140.584	260.563	264.034	259.105
01:46:00	19.022	19.975	20.765	49.374	46.703	49.14	134.631	135.708	141.926	267.424	265.816	262.518
01:47:00	18.885	20.557	20.892	48.295	46.925	49.172	136.162	133.026	140.095	261.404	267.17	261.032
01:48:00	19.082	21.215	20.586	48.967	47.65	49.301	136.932	136.066	142.789	260.818	264.826	259.648
01:49:00	18.724	20.682	20.189	48.671	46.84	49.998	138.186	134.193	141.475	264.608	268.084	259.745
01:50:00	18.869	20.303	21.545	49.718	46.941	48.789	137.156	134.266	142.223	263.895	264.944	259.788
01:51:00	19.221	20.437	21.12	49.843	47.076	48.678	136.843	135.407	142.259	264.02	266.88	265.484
01:52:00	18.293	20.66	20.31	49.007	48.804	48.369	138.59	133.351	141.515	264.818	263.09	258.59
01:53:00	18.106	21.822	20.904	49.437	45.815	46.493	136.319	134.693	138.924	265.407	263.766	257.98
01:54:00	19.281	20.364	20.194	49.193	47.087	49.184	137.741	136.252	140.111	264.287	261.93	262.82
01:55:00	18.519	20.348	20.082	48.372	46.735	47.393	137.546	135.575	138.972	263.453	262.154	264.82
01:56:00	18.282	20.045	20.696	48.13	45.369	47.957	135.153	135.06	140.769	261.41	261.849	258.239
01:57:00	19.017	21.452	22.188	49.65	47.09	48.187	138.24	134.954	140.832	264.518	261.91	259.941
01:58:00	19.015	19.929	19.516	48.762	47.954	47.396	138.89	133.262	142.616	266.252	263.955	259.845
01:59:00	18.715	20.176	20.906	47.737	47.307	49.009	138.469	134.06	141.348	261.967	260.499	259.503
02:00:00	18.617	20.929	20.786	47.614	47.683	49.254	138.577	134.454	144.313	267.161	268.005	259.524