Time	25_1	25_2	25_3	50_1	50_2	50_3	100_1	100_2	100_3	150_1	150_2	150_3
00:00:00	70.748	76.351	79.334	139.709	152.635	151.794	261.972	265.146	276.491	384.996	389.636	384.493
00:01:00	68.526	65.224	68.561	132.607	132.064	123.448	251.294	257.292	258.91	368.621	365.766	366.32
00:02:00	64.128	61.33	61.266	123.837	114.182	114.632	243.215	238.315	250.48	351.357	351.466	346.906
00:03:00	57.825	56.199	58.219	120.019	112.244	111.449	232.151	232.637	238.187	342.992	339.357	340.277
00:04:00	56.23	53.57	55.088	112.311	107.146	107.057	222.031	218.866	230.021	333.002	333.027	327.233
00:05:00	53.148	52.069	52.321	105.802	105.026	100.997	211.643	212.774	212.892	323.251	325.649	320.991
00:06:00	52.14	50.413	50.08	103.097	98.701	100.582	203.316	205.536	208.694	320.149	322.911	315.343
00:07:00	49.047	49.435	47.285	99.778	95.462	98.495	197.111	194.589	201.964	316.474	319.37	313.314
00:08:00	45.282	44.975	45.075	96.109	89.554	91.148	197.644	194.494	197.981	311.703	314.375	314.259
00:09:00	45.439	43.625	42.866	94.228	89.609	90.761	188.745	185.202	192.125	308.261	310.649	306.455
00:10:00	41.737	40.582	41.197	90.047	88.793	87.132	181.981	180.582	187.357	310.474	307.563	307.141
00:11:00	41.77	41.93	39.038	89.291	87.12	85.686	184.686	181.121	181.134	303.063	306.741	305.886
00:12:00	39.236	40.639	39.66	87.457	82.159	85.458	181.719	175.41	181.304	304.911	306.204	303.857
00:13:00	38.191	38.144	37.78	85.157	81.946	82.674	181.169	172.632	181.705	302.363	309.086	304.296
00:14:00	37.336	37.742	36.471	84.295	78.305	79.95	177.971	173.522	178.901	298.656	307.95	303.168
00:15:00	34.949	38.379	34.252	81.146	78.482	77.449	176.441	174.428	176.056	301.867	304.544	298.007
00:16:00	34.999	35.215	35.739	78.775	78.355	76.595	174.915	170.407	174.631	299.064	301.711	296.762
00:17:00	34.059	34.24	33.106	79.707	74.363	75.628	171.918	167.884	174.258	298.494	299.401	295.756
00:18:00	30.834	32.233	32.897	77.966	73.973	74.371	168.439	165.93	169.188	296.538	298.345	289.854
00:19:00	33.367	33.57	32.36	77.161	72.136	72.631	171.431	169.03	171.877	295	298.733	295.243
00:20:00	30.214	32.885	30.419	77.131	72.802	71.693	167.952	167.648	168.655	296.366	298.522	295.386
00:21:00	30.81	31.441	30.635	73.783	72.55	71.613	169.724	166.927	169.984	295.539	293.723	294.294
00:22:00	28.92	31.215	29.661	72.772	69.776	70.236	169.146	165.801	168.312	293.789	295.793	292.297
00:23:00	29.833	28.618	29.163	71.235	70.403	70.013	167.874	165.956	168.724	293.239	295.919	292.502
00:24:00	28.832	29.455	28.078	73.124	68.603	66.632	167.582	164.671	168.538	296.637	296.464	293.4
00:25:00	27.653	28.999	27.795	73.097	67.744	69.381	165.585	161.66	165.985	295.668	297.931	290.778
00:26:00	27.575	27.914	28.074	68.506	66.016	64.178	162.909	162.261	168.184	291.782	291.908	287.874
00:27:00	26.473	28.095	27.155	71.364	66.072	66.708	165.67	162.031	167.757	293.257	293.111	288.281
00:28:00	26.574	27.45	25.661	68.436	64.682	65.013	165.079	161.771	164.198	289.309	296.563	291.967
00:29:00	27.136	26.825	26.939	70.157	65.438	64.393	160.986	160.728	165.361	293.148	297.549	286.769
00:30:00	25.988	26.762	25.591	70.246	64.238	63.504	163.134	161.162	164.07	298.303	288.625	291.637
00:31:00	24.773	26.491	25.443	68.83	63.4	62.593	161.985	163.887	162.303	289.529	293.143	289.34
00:32:00	23.831	25.671	24.379	67.521	61.746	64.465	162.184	157.922	163.369	286.819	294.386	289.345
00:33:00	25.547	25.154	25.657	66.181	62.883	61.708	162.273	159.726	165.658	288.401	295.198	291.896
00:34:00	24.73	25.446	23.131	64.94	62.025	61.834	161.835	159.192	162.228	289.848	287.845	288.268
00:35:00	23.504	25.596	23.833	64.863	62.087	59.906	159.019	157.988	163.182	287.634	289.089	289.262
00:36:00	23.324	25.597	24.132	64.779	59.485	60.927	162.291	159.271	159.607	287.395	286.159	288.222
00:37:00	23.924	24.687	22.615	66.216	58.928	59.924	157.426	158.007	161.64	287.823	290.849	288.159
00:38:00	24.088	23.219	23.339	63.431	57.507	57.944	162.153	158.783	164.164	287.287	290.284	286.432
00:39:00	22.733	23.658	22.427	65.058	58.926	58.589	157.661	157.571	160.53	287.881	292.591	287.736
00:40:00	23.152	23.784	22.014	63.973	59.275	56.998	158.263	156.07	164.956	286.611	287.732	286.533
00:41:00	22.886	23.629	21.931	63.915	58.528	59.007	158.355	157.372	161.938	289.833	289.853	285.473
00:42:00	23.628	22.608	22.062	63.111	58.572	58.203	160.325	156.043	162.422	287.913	285.798	284.266
00:43:00	22.477	22.769	22.331	61.073	57.261	57.455	160.562	156.812	160.072	291.117	289.682	287.858
00:44:00	21.557	22.848	21.352	61.717	57.009	57.479	160.339	158.077	161.477	290.307	292.367	284.04
00:45:00	22.366	22.667	21.689	62.857	56.954	55.654	158.494	154.665	162.176	289.307	290.484	284.833
00:46:00	21.288	22.625	22.279	62.706	55.432	57.937	157.769	158.787	160.915	286.493	290.99	288.334
00:47:00	22.39	21.893	20.565	61.646	55.574	56.274	157.295	156.579	162.474	284.412	286.97	282.379
00:48:00	21.548	21.974	20.79	62.39	57.937	56.05	155.928	154.44	160.604	285.339	288.712	290.238
00:49:00	21.148	21.14	21.507	60.329	54.9	56.446	156.639	156.041	162.919	288.933	288.829	285.632
00:50:00	21.334	20.56	20.414	60.248	55.73	56.35	157.974	156.932	156.728	286.185	286.288	282.725
00:51:00	21.359	21.098	19.737	58.76	55.03	55.576	156.083	152.666	158.285	284.421	288.029	287.802
00:52:00	21.571	21.749	20.529	59.282	53.5	55.35	158.193	157.231	159.984	283.139	286.688	285.076
00:53:00	20.426	20.69	19.427	59.568	53.314	54.241	156.792	156.997	160.443	286.89	287.045	285.059
00:54:00	20.816	21.846	20.603	58.065	55.467	53.059	157.307	156.711	161.732	288.525	289.892	285.025
00:55:00	20.068	20.814	19.734	59.106	53.536	53.712	154.955	154.542	157.696	284.075	288.736	284.525
00:56:00	20.455	21.846	19.88	59.777	54.621	55.053	158.755	155.801	158.701	288.658	289.467	286.795
00:57:00	20.32	20.879	19.902	58.827	53.436	52.746	156.233	153.631	160.046	288.644	285.885	283.617
00:58:00	19.877	21.505	20.084	57.701	52.303	52.819	153.896	152.185	157.93	285.79	287.845	281.036
00:59:00	20.48	20.371	19.721	59.314	53.877	53.315	156.99	157.167	157.395	284.393	289.399	284.397
01:00:00	19.58	19.938	19.12	58.705	52.123	52.116	153.582	153.832	159.743	285.405	287.873	284.487
01:01:00	20.029	21.047	19.593	56.008	53.127	53.216	156.996	153.493	160.076	280.747	290.524	285.728
01:02:00	18.911	20.879	20.007	58.021	51.952	50.703	157.587	155.243	159.622	282.005	288.551	277.125
01:03:00	19.758	19.117	19.24	57.811	52.864	51.917	155.398	155.792	158.278	285.28	287.387	284.695
01:04:00	18.844	20.609	18.484	56.206	51.432	51.319	157.203	153.068	156.885	281.025	289.533	281.275
01:05:00	18.803	19.794	18.333	56.247	51.513	52.602	155.151	154.289	160.586	285.568	282.983	282.195
01:06:00	19.809	19.517	18.771	57.229	50.578	51.36	153.379	155.14	155.781	282.523	284.248	279.659
01:07:00	18.955	19.683	19.41	53.799	50.855	51.256	156.511	151.336	158.097	278.368	285.362	278.897
01:08:00	19.911	19.878	18.417	53.721	51.429	51.879	157.229	154.336	154.591	281.536	285.044	277.132
01:09:00	20.234	19.311	19.661	53.881	49.953	51.69	155.565	153.198	157.977	283.114	286.134	285.913
01:10:00	18.731	19.383	18.802	53.321	49.782	51.364	155.418	153.368	158.138	284.529	285.117	281.791
01:11:00	19.456	19.118	18.382	53.87	50.237	52.254	156.727	154.367	155.914	282.662	282.7	280.532
01:12:00	18.109	20.522	19.246	53.014	50.174	51.724	156.464	154.273	156.43	282.309	286.737	279.232
01:13:00	18.047	19.018	18.889	52.589	48.995	51.074	155.057	153.821	158.711	278.277	284.961	282.341
01:14:00	19.065	19.098	18.068	52.655	48.362	51.819	156.502	154.555	158.948	285.121	286.383	282.797
01:15:00	19.182	19.352	18.767	52.17	49.526	50.747	156.895	153.779	158.303	282.939	282.399	281.459
01:16:00	19.246	19.586	17.358	50.79	49.41	50.891	153.503	156.234	156.558	278.949	285.77	279.254
01:17:00	18.859	19.414	18.529	50.439	49.285	50.718	155.38	157.272	159.397	283.35	287.681	281.875
01:18:00	19.072	18.147	18.207	49.946	48.651	50.07	154.528	154.543	156.938	282.614	286.734	276.69
01:19:00	18.925	19.699	18.417	50.272	50.509	51.045	151.704	155.192	154.309	283.275	286.344	277.721
01:20:00	18.92	18.618	18.558	49.017	49.584	49.645	154.122	153.812	160.21	283.586	285.973	280.666
01:21:00	18.923	19.872	17.992	49.649	48.496	49.2	156.165	153.803	156.113	282.067	280.105	277.883
01:22:00	17.854	18.818	17.775	50.631	48.078	49.869	152.221	152.218	156.744	282.012	280.226	278.123
01:23:00	19.463	18.085	17.826	48.908	48.51	48.603	154.036	153.083	158.277	281.912	283.312	277.002
01:24:00	20.02	19.169	17.751	50.044	48.818	49.671	152.688	152.469	156.763	283.295	279.199	280.863
01:25:00	18.382	19.003	17.848	49.564	47.73	49.382	154.58	150.83	158.948	280.079	284.511	278.89
01:26:00	17.554	18.351	18.082	50.353	49.323	49.246	154.549	151.488	155.161	281.744	283.533	275.858
01:27:00	18.172	18.893	18.797	48.478	47.172	49.88	149.804	154.837	156.132	284.482	280.191	285.409
01:28:00	18.147	18.345	18.355	49.79	46.578	48.706	154.524	153.68	156.543	275.978	284.907	279.127
01:29:00	18.399	18.682	17.377	49.71	46.858	48.285	155.727	153.018	158.652	281.215	283.589	284.763
01:30:00	18.378	18.545	17.799	48.352	47.654	47.049	153.163	150.498	153.697	275.747	282.298	281.813
01:31:00	19.37	18.681	18.649	48.56	48.445	49.217	154.261	151.378	155.312	279.257	287.275	281.879
01:32:00	17.631	18.554	18.085	50.498	47.367	47.701	153.744	152.729	157.544	280.241	283.87	279.493
01:33:00	19.131	18.255	18.991	48.414	48.449	46.756	153.737	152.035	157.238	277.192	282.58	279.761
01:34:00	19.116	19.36	17.88	48.025	46.881	48.261	152.434	154.105	156.165	279.925	282.997	278.149
01:35:00	18.43	18.631	17.975	49.076	46.966	47.405	153.435	152.095	155.78	279.514	280.928	275.379
01:36:00	18.561	18.337	18.044	47.142	47.923	48.334	150.744	151.708	156.706	282.596	281.686	277.525
01:37:00	19.136	19.08	17.79	49.106	47.433	46.786	154.097	149.855	153.509	279.546	279.987	280.65
01:38:00	19.03	18.776	18.089	47.47	48.758	47.276	153.603	150.73	157.977	279.458	283.093	278.128
01:39:00	18.903	19.692	17.873	48.799	46.849	47.16	149.622	155.013	157.545	280.2	281.366	276.335
01:40:00	19.383	19.45	17.941	48.392	48.55	47.906	151.127	151.606	154.933	284.477	282.531	270.428
01:41:00	18.669	19.718	17.687	48.459	46.804	46.485	153.808	151.698	156.538	280.337	281.236	274.759
01:42:00	18.437	19.455	18.272	47.68	47.37	46.874	151.951	154.273	157.546	285.508	281.21	275.148
01:43:00	17.775	18.509	18.265	47.831	47.297	46.84	154.265	153.074	156.937	282.615	282.479	278.176
01:44:00	18.056	18.412	17.769	47.002	46.514	47.629	154.334	150.997	156.939	280.279	283.256	274.025
01:45:00	19.605	18.376	17.568	47.019	48.404	47.27	153.294	149.804	157.357	279.423	280.872	274.896
01:46:00	18.375	19.822	18.741	46.597	47.852	47.022	156.089	149.315	156.297	280.218	279.809	275.202
01:47:00	18.984	19.453	17.116	48.426	47.067	46.833	154.091	149.166	154.438	280.048	280.546	281.125
01:48:00	18.617	17.859	17.533	47.383	46.383	46.85	152.482	151.551	154.102	280.311	281.217	273.926
01:49:00	17.368	19.089	19.044	49.238	47.369	46.208	153.219	151.67	155.761	278.621	283.433	273.672
01:50:00	18.694	18.493	17.366	48.41	46.459	46.738	152.437	151.14	154.717	276.74	283.052	276.354
01:51:00	17.66	18.861	18.545	47.748	46.684	45.356	153.32	149.447	157.75	277.548	278.31	274.821
01:52:00	18.463	18.956	17.485	47.469	46.116	46.691	154.114	151.866	155.602	280.325	280.892	273.104
01:53:00	18.999	18.6	18.024	47.013	47.182	45.919	149.846	154.756	155.656	278.91	280.532	270.65
01:54:00	18.122	18.614	18.194	47.934	47.588	44.647	150.176	153.395	155.668	276.768	281.349	277.212
01:55:00	17.523	19.277	17.504	46.949	45.624	46.219	153.404	151.511	153.224	276.455	282.089	275.443
01:56:00	19.808	18.624	18.245	47.623	46.797	46.427	150.932	152.842	155.333	279.718	280.376	274.018
01:57:00	18.034	18.981	18.264	46.858	47.108	46.394	152.482	151.603	153.887	277.087	281.364	274.362
01:58:00	17.876	18.206	18.373	47.044	46.584	45.9	152.877	151.334	153.971	277.202	278.131	277.266
01:59:00	18.277	17.608	18.357	48.367	44.679	44.47	150.726	152.521	155.089	276.867	282.059	270.017
02:00:00	18.534	17.68	16.886	47.793	46.671	46.167	152.811	151.037	155.956	280.053	280.639	265.491