Time	25_1	25_2	25_3	50_1	50_2	50_3	100_1	100_2	100_3	150_1	150_2	150_3
00:00:00	129.54	104.915	102.269	171.062	168.984	187.637	331.765	333.386	326.93	493.257	483.039	478.675
00:01:00	122.91	100.873	93	159.481	160.174	161.539	325.258	313.949	323.434	467.964	459.261	458.725
00:02:00	117.313	96.878	88.471	156.619	156.875	158.897	316.388	306.938	307.036	457.134	446.478	445.127
00:03:00	112.727	92.753	81.798	149.982	149.184	148.299	293.509	287.969	290.499	439.11	429.026	427.645
00:04:00	110.453	89.72	80.643	142.083	147.377	144.133	286.093	278.737	281.581	434.92	421.681	423.932
00:05:00	108.185	86.483	74.611	136.769	138.851	140.341	273.752	272.181	273.577	434.421	422.743	420.086
00:06:00	101.684	85.016	72.227	132.541	137.412	140.689	263.905	263.556	261.977	424.948	417.346	416.882
00:07:00	101.125	81.554	72.844	126.059	133.221	133.551	251.965	252.061	257.607	416.459	412.604	413.079
00:08:00	99.546	78.213	69.87	121.465	128.83	128.84	246.211	248.798	250.573	417.713	407.091	409.8
00:09:00	94.219	75.498	65.735	117.726	123.982	124.32	244.61	248.838	250.227	417.238	410.293	406.725
00:10:00	92.217	73.616	65.622	115.892	125.404	121.257	242.18	241.043	239.731	411.446	406.64	402.12
00:11:00	94.684	72.738	64.72	110.487	121.633	120.928	235.865	241.09	243.948	413.635	398.963	407.971
00:12:00	87.882	71.518	59.208	112.816	117.994	116.918	237.697	238.405	239.385	414.282	401.359	404.634
00:13:00	89.914	68.443	61.902	110.506	117.444	115.917	230.29	237.327	240.961	408.353	402.223	404.829
00:14:00	86.75	65.35	58.794	108.112	117.841	116.5	229.753	234.978	234.254	408.524	398.505	396.55
00:15:00	83.287	66.974	58.162	108.607	112.789	113.839	232.864	237.629	233.119	410.225	397.4	398.958
00:16:00	82.437	63.513	56.882	105.199	113.604	112.383	231.805	232.974	235.158	413.214	399.948	400.877
00:17:00	82.369	61.183	54.969	106.88	110.211	111.526	228.122	233.413	231.678	405.598	395.61	395.296
00:18:00	77.412	60.169	55.014	104.315	106.206	108.347	230.723	232.499	232.451	409.427	399.535	394.354
00:19:00	76.481	56.926	53.08	102.913	110.742	109.71	226.838	232.181	232.798	404.573	391.469	395.533
00:20:00	74.62	55.906	53.191	99.914	104.662	109.296	227.021	230.214	232.335	406.904	396.822	398.776
00:21:00	70.697	52.871	51.23	100.407	105.989	105.844	224.295	232.83	226.965	401.462	391.531	395.032
00:22:00	71.056	53.462	52.895	101.616	104.718	106.312	222.652	225.786	229.142	403.076	395.846	395.827
00:23:00	71.72	51.409	52.102	98.903	99.826	107.587	225.988	228.06	225.693	405.648	395.419	391.552
00:24:00	69.782	50.873	49.159	97.879	100.795	104.299	222.433	230.156	225.777	403.971	392.453	393.931
00:25:00	67.213	50.865	49.274	96.558	98.977	102.712	225.55	226.794	226.641	404.283	395.122	395.975
00:26:00	67.969	50.369	46.807	96.585	97.361	98.848	223.017	223.706	227.54	402.104	394.887	392.359
00:27:00	68.209	48.227	47.964	96.625	97.267	99.674	222.513	227.326	225.283	403.385	394.604	392.39
00:28:00	66.379	49.308	48.748	96.735	96.865	100.914	221.382	230.997	228.408	404.125	392.128	391.757
00:29:00	65.408	49.078	47.023	95.078	99.951	95.719	219.972	224.061	223.261	401.898	400.909	392.381
00:30:00	66.746	46.385	46.248	93.591	96.051	95.573	222.094	227.114	225.912	399.982	394.635	384.209
00:31:00	67.098	44.876	45.116	92.385	96.695	96.792	221.283	224.631	222.541	402.184	393.815	392.73
00:32:00	63.945	46.547	46.059	94.576	93.444	94.086	220.9	223.767	224.39	401.084	397.305	387.074
00:33:00	63.744	45.516	43.651	90.409	93.919	91.935	218.766	222.864	220.173	401.564	388.546	386.47
00:34:00	62.175	45.683	44.182	91.003	93.877	93.636	218.594	222.921	222.84	399.136	391.507	389.883
00:35:00	62.064	45.691	43.796	90.001	92.635	89.938	218.795	225.142	221.732	402.384	387.486	391.223
00:36:00	60.727	46.139	43.127	91.332	91.154	90.626	217.853	227.352	225.153	398.519	391.259	389.319
00:37:00	60.269	44.338	41.822	89.448	89.85	90.114	218.615	225.87	222.142	402.498	392.505	389.346
00:38:00	61.743	44.273	43.042	90.552	90.434	91.329	218.777	223.87	222.615	396.575	390.385	389.706
00:39:00	61.454	43.838	42.085	88.887	92.224	88.63	215.889	226.544	223.844	396.206	391.775	381.106
00:40:00	59.297	42.812	41.8	90.018	88.415	90	218.638	218.536	224.001	396.168	384.147	385.135
00:41:00	59.983	44.128	42.474	89.38	91.927	89.899	218.96	226.074	220.205	397.674	389.559	385.039
00:42:00	58.416	44.574	41.259	86.908	87.621	89.039	217.494	222.647	220.921	398.812	391.188	391.412
00:43:00	58.938	41.863	41.482	88.65	88.026	88.89	218.887	227.952	221.99	400.881	389.685	393.223
00:44:00	56.879	42.99	41.655	89.325	90.039	87.569	216.855	222.379	224.37	398.476	387.795	386.221
00:45:00	57.834	42.811	42.25	87.884	89.309	86.012	217.331	222.845	220.658	398.489	388.477	388.329
00:46:00	58.33	41.741	40.972	88.196	87.543	85.964	220.001	222.917	222.483	397.997	386.821	381.769
00:47:00	56.8	42.964	41.978	87.535	88.66	86.638	213.638	218.728	223.252	399.865	385.318	384.303
00:48:00	58.613	42.624	41.303	87.534	85.738	85.832	216.413	223.218	220.4	394.543	386.13	386.474
00:49:00	57.557	41.507	39.616	86.6	86.941	84.928	216.303	225.181	224.604	398.662	385.165	390.913
00:50:00	57.948	42.001	40.12	84.078	84.323	86.038	217.877	221.258	220.856	400.705	390.16	385.734
00:51:00	57.194	41.608	39.005	85.705	85.837	85.519	216.005	220.679	222.547	394.124	384.466	383.429
00:52:00	57.483	40.293	39.408	82.379	84.821	85.18	216.833	220.937	222.479	397.001	390.565	380.844
00:53:00	54.708	39.806	38.303	82.37	83.699	85.028	214.831	223.886	217.977	396.62	384.314	384.808
00:54:00	57.72	40.169	38.319	82.197	83.012	84.008	218.894	220.159	220.659	393.604	387.292	384.219
00:55:00	57.364	40.754	39.07	80.855	82.429	82.947	214.822	226.164	220.135	393.289	385.695	387.715
00:56:00	56.703	40.466	38.547	81.366	81.259	82.419	214.349	221.535	222.409	391.434	388.731	381.852
00:57:00	57.291	39.217	37.581	79.949	82.165	82.586	218.38	219.716	218.682	393.657	387.055	389.633
00:58:00	54.803	39.885	36.561	81.11	83.958	84.005	214.834	221.115	218.304	395.217	388.786	380.642
00:59:00	54.89	39.714	38.144	79.715	80.503	83.755	214.829	219.758	219.674	394.801	386.544	384.907
01:00:00	54.947	39.677	37.143	78.184	80.589	80.475	214.441	222.201	218.443	395.655	387.758	383.606
01:01:00	54.537	40.507	38.368	79.187	80.464	80.611	216.314	218.902	222.938	397.599	390.901	378.619
01:02:00	53.505	38.254	36.528	77.415	80.068	82.339	211.195	217.168	220.339	392.775	383.192	380.78
01:03:00	56.181	38.628	37.582	77.488	81.895	80.627	214.31	217.173	220.365	388.454	391.063	379.543
01:04:00	52.523	39.108	36.771	77.449	80.69	82.045	213.065	218.948	220.492	391.836	382.223	378.795
01:05:00	53.254	39.113	37.758	76.229	78.982	79.735	216.351	217.332	217.658	395.178	384.415	376.963
01:06:00	53.232	38.811	37.236	78.98	79.467	82.494	217.376	221.84	221.052	397.088	390.429	385.468
01:07:00	53.175	39.415	37.042	77.868	81.388	81.859	211.072	218.816	220.706	394.165	382.437	380.772
01:08:00	52.453	39.673	35.76	75.112	81.638	79.873	214.999	218.478	217.652	389.87	381.013	379.435
01:09:00	53.969	37.063	36.629	77.212	80.327	78.464	212.868	217.744	221.423	391.387	377.563	377.643
01:10:00	52.097	37.986	37.064	78.587	79.3	80.563	212.003	221.416	223.239	390.736	384.629	382.907
01:11:00	54.391	37.157	36.251	75.758	78.936	77.748	215.082	217.028	216.527	396.102	385.394	376.156
01:12:00	51.961	40.077	35.634	75.684	81.11	78.216	214.192	220.122	217.132	389.958	387.184	377.933
01:13:00	51.763	37.629	35.153	75.641	77.632	81.082	211.999	219.582	219.297	394.036	382.961	383.344
01:14:00	51.845	37.609	35.72	76.778	80.002	80.705	213.815	219.348	221.1	396.218	383.714	375.201
01:15:00	51.671	37.021	35.85	76.153	78.521	77.925	212.455	213.844	217.175	388.933	380.078	374.504
01:16:00	51.854	37.646	35.821	76.758	77.727	78.167	213.203	216.158	219.208	389.889	379.428	380.668
01:17:00	50.941	38.104	36.506	76.372	76.859	75.76	210.333	220.83	217.935	393.585	383.161	375.734
01:18:00	52.52	37.08	35.901	75.853	76.714	77.818	209.813	215.867	215.082	390.583	379.608	375.704
01:19:00	52.18	36.503	34.873	76.572	77.409	78.702	213.496	216.082	216.803	390.014	375.484	376.33
01:20:00	50.598	37.16	35.984	74.301	75.782	77.27	215.398	217.272	218.507	390.271	379.658	373.209
01:21:00	51.191	37.54	34.366	76.605	76.599	77.715	211.378	218.687	217.353	391.299	374.653	376.1
01:22:00	51.492	38.386	35.245	75.566	78.7	78.636	214.677	217.666	215.525	389.161	379.755	377.733
01:23:00	49.972	36.302	35.913	75.027	75.836	76.907	211.92	219.301	217.569	389.29	380.324	376.036
01:24:00	52.431	36.938	34.468	74.877	77.137	76.856	213.677	216.291	216.472	391.931	379.098	372.106
01:25:00	51.493	36.19	34.716	73.547	77.077	77.594	213.672	216.895	214.687	393.847	377.145	372.063
01:26:00	52.695	37.316	34.96	75.864	74.377	77.197	209.284	223.084	216.892	389.088	378.638	370.804
01:27:00	51.437	35.686	35.641	73.998	76.196	75.81	211.52	216.232	217.629	389.055	382.276	372.626
01:28:00	51.797	36.639	35.909	73.437	77.036	75.28	210.059	217.024	217.966	388.551	377.384	372.939
01:29:00	51.256	36.628	35.242	74.723	75.573	76.876	211.536	216.101	217.952	386.913	377.885	376.102
01:30:00	51.308	35.956	34.841	74.906	75.109	76.492	209.727	215.682	220.035	383.98	375.486	374.733
01:31:00	50.083	36.053	34.902	76.225	75.944	75.379	210.58	219.802	213.242	386.524	379.992	369.668
01:32:00	50.851	37.288	35.431	72.804	76.267	77.609	211.108	218.915	214.759	386.995	382.584	371.321
01:33:00	53.649	36.015	34.172	72.964	75.219	77.546	210.737	217.325	217.077	386.58	377.105	371.126
01:34:00	49.56	36.051	35.231	74.885	75.818	76.358	215.183	217.473	216.08	391.71	381.735	374.495
01:35:00	50.706	36.523	34.378	73.582	74.55	75.101	211.266	217.129	217.698	387.275	378.834	373.963
01:36:00	49.182	37.56	34.258	72.028	75.17	76.164	210.657	218.173	216.546	386.206	375.023	373.693
01:37:00	51.065	35.766	35.549	73.963	73.176	75.411	208.368	218.166	216.209	390.362	376.255	367.837
01:38:00	49.952	35.589	35.177	72.988	74.642	76.376	210.614	214.441	212.451	382.476	378.714	374.023
01:39:00	50.547	35.92	35.19	74.293	75.947	74.213	209.921	216.815	217.287	388.568	379.933	373.456
01:40:00	50.099	36.744	34.991	74.388	75.909	76.133	213.489	215.877	217.013	391.224	379.464	372.56
01:41:00	50.088	36.142	34.346	71.219	75.555	73.818	211.67	216.307	213.691	387.85	378.222	372.139
01:42:00	50.41	36.139	34.65	73.385	74.796	72.848	212.534	220.345	220.143	390.068	375.331	368.722
01:43:00	50.026	35.818	34.987	71.878	73.527	74.135	212.072	219.285	215.78	385.446	378.958	370.711
01:44:00	49.839	35.272	34.041	71.353	73.065	74.852	210.97	215.684	213.633	389.382	374.972	364.789
01:45:00	51.76	35.745	34.928	73.716	75.63	73.595	208.552	219.311	218.535	389.625	374.897	367.896
01:46:00	48.755	35.794	33.147	71.827	75.818	73.445	212.915	216.485	215.785	384.446	376.714	365.147
01:47:00	49.327	35.024	32.656	72.441	74.55	73.146	213.237	218.695	218.237	383.292	376.354	365.292
01:48:00	49.608	36.098	34.509	73.412	74.576	74.199	208.191	220.281	216.355	384.865	371.338	368.265
01:49:00	48.524	34.497	32.777	71.198	74.582	75.876	211.232	216.326	216.967	383.519	367.493	366.833
01:50:00	50.122	35.588	34.826	72.571	74.766	73.513	212.741	213.677	215.126	385.704	371.094	366.487
01:51:00	49.278	35.319	34.911	71.25	73.334	73.165	210.597	211.39	215.846	381.755	375.973	366.989
01:52:00	46.738	34.773	34.179	70.833	75.589	75.713	211.968	218.262	217.786	378.544	369.541	366.185
01:53:00	49.267	33.98	34.204	72.072	73.233	73.865	211.608	219.004	213.24	388.056	371.26	366.882
01:54:00	51.18	35.774	34.62	72.262	73.276	73.771	208.944	218.516	219.658	384.367	374.728	369.08
01:55:00	49.398	35.377	35.011	72.403	71.953	72.67	209.37	215.706	212.16	380.387	367.558	366.943
01:56:00	49.407	35.163	34.232	72.141	73.902	73.604	213.234	217.142	215.666	381.17	368.667	365.489
01:57:00	50.429	36.134	34.209	71.737	74.462	73.852	207.922	218.438	216.599	379.393	370.789	363.17
01:58:00	49.932	35.133	34.559	71.207	74.672	72.843	209.932	215.203	212.771	384.429	374.646	361.233
01:59:00	49.552	35.567	34.96	72.581	72.993	72.91	206.813	213.57	213.76	383.149	372.858	366.964
02:00:00	50.403	34.03	34.225	71.207	73.507	72.708	212.428	215.808	214.533	378.598	368.62	365.892