Time	25_1	25_2	25_3	50_1	50_2	50_3	100_1	100_2	100_3	150_1	150_2	150_3
00:00:00	65.806	72.695	71.094	122.843	146.213	153.29	259.788	268.596	305.828	387.216	395.077	382.189
00:01:00	62.083	67.561	65.003	116.663	126.514	136.023	251.761	256.764	249.801	363.768	368.675	363.667
00:02:00	58.213	61.919	59.82	111.095	121.072	120.985	242.521	243.343	234.529	347.136	348.492	345.257
00:03:00	57.111	59.682	54.808	108.538	114.311	112.803	235.554	231.885	223.585	333.965	339.451	339.099
00:04:00	52.091	56.415	51.971	102.305	106.515	109.778	219.664	219.044	207.491	323.28	331.904	327.977
00:05:00	50.01	53.797	51.359	99.881	106.576	105.435	210.092	207.813	204.746	318.755	323.628	323.43
00:06:00	49.479	49.866	49.562	94.793	97.267	103.106	200.288	203.792	198.7	315.85	313.74	315.66
00:07:00	47.475	46.719	46.684	92.822	93.811	97.216	196.271	200.58	188.036	310.061	319.48	318.465
00:08:00	44.233	45.098	43.747	89.271	91.67	90.919	189.82	191.278	179.842	307.238	309.312	308.007
00:09:00	43.144	44.359	42.591	85.595	88.864	89.345	185.218	186.06	182.534	308.185	307.592	312.197
00:10:00	41.783	40.805	40.634	85.926	85.288	90.221	176.331	182.163	177.143	304.191	307.155	306.474
00:11:00	39.706	41.219	40.072	82.709	85.733	85.742	175.303	177.496	175.464	300.629	307.561	299.934
00:12:00	39.354	38.692	36.208	82.839	83.121	83.191	167.866	175.919	172.057	300.201	300.572	299.657
00:13:00	36.757	37.15	36.548	78.995	79.049	80.302	165.751	171.82	170.766	299.387	301.337	301.191
00:14:00	36.649	36.876	35.06	76.548	78.89	78.857	165.267	172.863	168.418	296.798	302.639	304.332
00:15:00	34.853	35.248	35.056	75.98	78.559	78.758	167.902	169.852	169.471	292.965	299.271	303.978
00:16:00	32.755	35.346	34.014	73.935	76.027	77.701	161.803	169.215	165.232	291.939	296.059	300.411
00:17:00	33.997	32.733	33.943	71.601	73.547	74.314	158.951	169.225	162.856	290.852	297.865	300.318
00:18:00	32.091	32.36	30.632	70.919	73.391	74.65	158.4	166.658	161.797	291.046	295.57	296.615
00:19:00	30.614	31.665	32.037	69.127	70.56	73.431	160.821	161.435	162.991	290.851	292.88	293.01
00:20:00	31.142	31.945	30.613	68.995	70.742	71.473	156.85	162.604	159.999	287.128	294.455	296.569
00:21:00	29.271	29.952	30.459	66.648	69.851	70.831	156.67	163.123	159.082	284.86	291.913	295.233
00:22:00	29.107	29.432	29.081	65.463	68.382	69.758	158.232	163.27	158.354	291.656	294.851	292.756
00:23:00	28.581	28.247	28.339	66.059	67.057	69.733	150.87	162.213	158.921	290.322	292.462	292.488
00:24:00	27.926	28.712	27.927	65.829	68.043	69.036	155.076	159.986	159.281	286.917	292.273	294.313
00:25:00	27.489	28.199	26.429	64.74	67.262	69.323	153.089	157.715	157.436	285.269	289.417	289.483
00:26:00	26.897	28.68	26.018	62.972	66.957	68.314	153.459	157.468	158.569	283.829	291.078	290.687
00:27:00	27.079	27.319	27.06	63.742	65.382	68.14	154.101	157.749	158.663	285.073	292.998	292.104
00:28:00	26.098	26.749	26.411	60.8	63.48	66.691	154.01	158.729	153.867	283.466	289.669	293.948
00:29:00	25.016	26.523	26.118	60.528	63.892	64.631	152.004	157.294	156.214	287.597	284.844	288.458
00:30:00	25.509	24.864	25.456	60.571	62.636	65.714	150.531	157.721	151.789	280.571	290.834	293.701
00:31:00	24.455	24.436	25.2	58.674	62.135	64.684	149.93	156.266	155.985	285.228	291.453	289.673
00:32:00	23.5	25.163	24.59	59.424	61.998	63.564	149.654	157.626	155.32	285.257	291.428	294.457
00:33:00	23.947	25.947	24.11	58.979	58.972	62.098	150.848	160.804	154.269	285.546	291.434	291.598
00:34:00	22.304	23.636	23.744	58.692	61.665	62.097	150.006	157.708	151.669	284.561	289.929	283.549
00:35:00	23.793	24.843	23.614	57.921	58.839	62.7	150.48	155.34	154.151	285.008	290.669	289.073
00:36:00	22.611	23.032	23.95	56.55	57.626	61.863	151.56	158.025	152.463	283.716	287.386	289.971
00:37:00	23.202	24.463	23.026	57.499	55.536	60.409	149.765	157.948	154.523	283.935	286.91	288.484
00:38:00	23.59	22.721	24.408	55.962	57.804	60.978	150.526	154.216	152.213	278.763	284.658	284.676
00:39:00	22.615	22.9	22.391	54.657	54.862	60.454	147.029	157.334	151.603	280.359	284.749	291.833
00:40:00	21.338	23.448	23.23	56.73	55.884	61.256	145.913	154.28	152.901	280.095	286.448	286.345
00:41:00	21.668	22.94	23.223	56.799	53.356	59.881	146.473	153.405	153.483	281.869	288.261	284.51
00:42:00	21.177	23.04	21.798	55.492	52.731	59.522	145.54	155.614	151.915	281.307	292.117	285.728
00:43:00	21.875	22.326	22.194	55.315	53.621	59.212	145.464	154.103	150.485	282.807	287.791	286.628
00:44:00	21.797	22.763	22.078	54.849	54.411	58.846	146.011	153.626	152.286	283.74	288.306	287.907
00:45:00	21.164	23.987	22.459	55.245	54.161	59.573	145.572	153.361	154.476	279.429	286.355	286.904
00:46:00	20.286	21.969	21.176	53.794	52.695	57.11	145.429	150.168	149.804	283.741	283.997	287.723
00:47:00	21.364	21.635	21.064	52.511	52.583	57.255	146.977	154.484	151.32	283.379	285.855	283.158
00:48:00	20.922	21.779	20.738	54.321	51.218	57.195	146.229	154.258	150.618	279.558	288.489	285.434
00:49:00	20.123	20.368	21.808	54.008	53.203	57.291	147.669	152.004	149.021	283.532	283.5	288.306
00:50:00	21.119	21.65	21.61	52.642	52.045	56.103	146.855	153.874	150.447	276.487	281.5	285.127
00:51:00	20.053	21.714	21.299	52.528	50.955	56.1	145.887	154.618	148.981	279.025	286.357	284.38
00:52:00	19.972	20.559	21.209	53.038	51.814	55.721	145.887	149.941	150.216	280.989	283.255	284.751
00:53:00	19.862	19.76	21.019	50.989	51.094	55.774	144.834	152.577	149.507	282.247	284.283	282.673
00:54:00	19.577	20.718	20.884	52.241	50.339	56.811	145.736	153.249	150.235	280.635	290.112	289.016
00:55:00	18.946	20.893	20.447	50.87	50.187	54.703	143.258	151.075	148.683	276.654	282.148	282.163
00:56:00	20.4	20	20.612	50.093	50.863	55	147.709	152.997	147.832	278.323	283.402	285.609
00:57:00	19.827	19.962	19.772	51.829	49.229	56.791	145.92	151.813	149.114	278.08	284.393	285.776
00:58:00	18.256	20.391	20.641	50.353	50.373	54.696	141.954	150.808	148.704	281.231	281.024	280.117
00:59:00	19.102	20.663	20.083	51.436	49.799	53.463	142.159	152.317	148.617	281.996	284.075	279.878
01:00:00	18.825	19.377	20.26	52.648	48.836	50.261	147.283	150.82	147.086	279.806	282.211	283.337
01:01:00	18.799	19.401	19.202	50.871	49.259	52.29	143.065	151.659	150.411	280.602	285.063	278.611
01:02:00	18.963	18.929	19.8	50.577	49.079	49.672	146.784	152.082	144.416	279.167	282.44	283.555
01:03:00	19.461	19.328	20.104	51.051	50.108	49.68	142.417	150.672	147.569	274.117	284.265	280.914
01:04:00	19.286	19.26	19.18	51.774	49.26	48.597	145.2	147.654	145.576	280.138	286.03	281.918
01:05:00	18.313	19.584	19.95	49.254	48.709	51.107	141.663	149.329	148.09	275.377	281.74	281.926
01:06:00	18.476	19.24	19.766	49.344	48.417	50.253	144.074	149.796	149.435	278.49	280.159	282.822
01:07:00	18.523	20.111	19.389	48.864	47.812	48.648	145.038	148.086	142.897	275.979	281.563	280
01:08:00	18.881	19.606	19.365	49.169	46.996	48.135	144.69	150.088	149.402	275.494	284.308	279.927
01:09:00	18.86	18.691	18.703	46.804	48.376	49.002	143.553	151.275	146.791	281.994	281.985	277.611
01:10:00	17.334	19.235	19.598	44.417	48.88	48.03	144.682	151.079	146.469	275.572	284.56	280.292
01:11:00	17.782	19.411	18.756	49.006	48.202	47.743	144.722	148.567	144.112	278.521	285.112	283.983
01:12:00	17.867	18.595	19.859	46.598	47.079	48.296	146.189	147.882	144.145	276.784	281.137	278.375
01:13:00	18.417	19.723	18.518	47.095	47.651	45.586	143.206	151.731	145.96	276.469	286.196	281.67
01:14:00	18.461	19.779	18.961	46.521	47.545	47.793	146.02	150.11	147.314	278.35	279.41	285.059
01:15:00	17.687	19.472	19.277	46.083	46.423	46.182	143.149	149.406	145.927	272.43	282.518	282.166
01:16:00	18.225	19.075	19.041	46.132	47.245	48.285	144.443	149.969	143.804	272.842	280.332	276.043
01:17:00	16.985	18.754	18.082	45.712	47.819	47.819	141.05	149.253	148.681	273.853	282.52	277.001
01:18:00	17.504	18.356	20.025	45.153	47.776	45.691	143.047	150.866	145.426	275.203	281.163	280.51
01:19:00	18.178	18.948	19.599	45.057	46.028	46.422	142.731	151.398	144.839	279.551	281.537	279.369
01:20:00	17.87	19.429	19.014	44.879	47.333	45.485	145.355	149.964	146.331	275.776	281.605	276.68
01:21:00	17.483	18.844	19.506	44.417	46.509	47.042	141.087	150.292	144.277	277.181	280.584	273.04
01:22:00	17.733	18.979	19.19	43.211	45.762	44.358	140.9	148.236	143.599	274.698	277.24	277.473
01:23:00	17.955	18.447	18.583	44.002	46.122	45.037	143.288	149.21	143.007	277.069	280.026	277.258
01:24:00	17.886	19.353	18.652	44.701	46.171	45.328	144.299	147.897	147.221	272.264	282.259	274.974
01:25:00	18.454	19.846	19.07	44.085	44.677	44.272	145.64	151.495	144.409	276.587	282.074	276.614
01:26:00	18.105	17.984	19.561	44.88	45.104	45.142	141.697	148.699	141.697	279.199	280.602	273
01:27:00	17.105	19.537	18.656	43.977	45.077	45.492	144.13	149.507	143.776	281.646	281.21	275.074
01:28:00	17.253	18.997	18.187	42.453	46.725	43.855	144.681	152.232	145.615	276.681	281.91	275.531
01:29:00	17.317	18.161	18.441	44.773	46.843	45.417	140.255	150.543	140.685	275.695	278.45	274.3
01:30:00	18.328	18.704	19.013	44.167	46.001	44.335	143.266	151.125	143.217	274.917	274.842	273.632
01:31:00	18.279	18.183	19.111	45.463	48.215	44.917	140.423	149.429	143.038	273.763	281.332	275.873
01:32:00	16.973	19.102	19.567	44.095	44.169	46.852	143.895	151.721	143.1	271.731	282.829	273.803
01:33:00	18.276	18.325	20.531	44.618	47.713	44.144	143.997	151.713	140.101	272.146	275.611	273.593
01:34:00	17.384	19.492	18.651	44.077	45.942	45.032	144.177	148.46	143.591	275.866	272.901	276.182
01:35:00	17.41	18.929	18.661	42.483	45.47	44.126	141.622	149.16	142.32	270.697	270.99	274.216
01:36:00	17.391	18.866	18.154	42.244	43.957	44.907	142.971	148.229	140.639	272.397	274.177	275.785
01:37:00	17.57	18.327	17.289	43.312	43.128	44.304	143.11	150.203	136.729	270.017	274.915	271.756
01:38:00	18.194	19.121	19.314	44.095	45.152	42.888	142.725	148.975	139.481	275.212	276.627	272.32
01:39:00	17.907	18.798	18.947	43.091	46.01	44.387	142.542	151.276	140.596	279.75	282.713	270.951
01:40:00	17.206	18.525	18.318	42.204	45.255	43.368	142.744	153.222	141.15	270.348	275.943	272.194
01:41:00	16.585	18.095	19.231	43.266	44.805	43.014	142.627	148.67	139.9	271.834	278.018	270.696
01:42:00	18.106	17.879	17.836	42.241	44.829	43.07	143.663	147.739	142.098	274.154	276.252	271.425
01:43:00	17.137	18.115	18.292	43.989	45.033	43.217	145.839	149.524	142.628	272.117	277.589	273.351
01:44:00	18.529	17.668	17.678	42.356	44.642	44.345	141.234	150.079	142.044	271.926	279.021	267.962
01:45:00	17.003	17.818	18.628	42.031	45.286	42.916	143.49	148.076	140.488	273.316	276.825	272.283
01:46:00	16.724	17.864	19.801	43.485	45.759	43.319	142.11	149.972	139.325	274.569	276.708	271.911
01:47:00	17.27	18.073	18.87	40.622	41.438	44.159	144.055	147.755	137.74	271.851	273.192	271.392
01:48:00	18.646	18.455	18.081	44.326	44.931	42.746	143.248	151.017	139.369	268.012	274.204	270.693
01:49:00	17.161	18.697	19.064	42.964	45.103	42.173	140.157	149.29	140.885	273.175	275.806	263.677
01:50:00	17.777	18.22	18.42	42.854	44.067	42.472	139.553	149.969	141.093	273.165	270.974	262.768
01:51:00	17.732	18.679	18.496	41.577	43.916	42.332	140.016	148.69	139.464	270.778	276.254	268.059
01:52:00	17.981	18.049	18.931	41.979	45.395	43.394	142.541	147.438	136.683	273.017	272.413	268.694
01:53:00	17.46	17.774	18.007	43.231	45.318	41.93	140.672	150.184	139.98	271.475	270.568	266.386
01:54:00	16.636	18.6	17.613	41.958	45.086	43.424	142.288	148.697	139.562	272.417	272.65	266.57
01:55:00	17.738	18.581	18.223	42.321	44.786	43.242	143.163	149.75	137.582	271.426	273.564	269.528
01:56:00	17.48	17.573	18.945	42.393	43.784	43.669	141.59	150.656	139.904	272.861	274.527	264.937
01:57:00	18.233	18.834	19.314	42.92	44.46	43.502	142.6	148.087	140.575	271.288	270.67	262.572
01:58:00	17.276	18.705	19.415	41.777	44.252	43.491	141.872	149.717	138.876	271.514	273.961	262.336
01:59:00	17.859	18.591	19.014	42.293	44.413	42.289	140.945	151.792	136.242	273.527	274.053	265.855
02:00:00	17.538	17.726	18.272	40.985	44.666	42.238	142.742	147.913	136.86	269.86	270.007	266.398