Time	25_1	25_2	25_3	50_1	50_2	50_3	100_1	100_2	100_3	150_1	150_2	150_3
00:00:00	84.502	80.937	67.021	151.464	135.261	149.606	254.973	273.765	249.929	385.184	361.576	357.4
00:01:00	81.181	80.194	69.6	138.497	129.044	130.482	244.821	259.29	238.808	366.111	355.536	341.073
00:02:00	76.104	69.577	62.325	119.79	116.67	111.875	242.229	238.589	232.805	345.458	340.398	326.425
00:03:00	68.665	61.482	58.958	113.477	111.178	106.164	229.986	226.139	221.779	326.496	317.464	313.807
00:04:00	58.926	58.358	52.959	107.298	109.327	104.31	219.53	216.33	212.1	315.838	311.325	305.724
00:05:00	55.695	56.116	50.687	103.207	101.999	99.883	212.535	207.456	200.295	308.047	306.182	296.594
00:06:00	51.619	51.278	47.964	101.569	97.146	95.613	204.327	195.648	192.569	301.703	299.744	297.194
00:07:00	48.379	48.22	44.57	96.794	95.301	91.98	197.729	189.796	184.911	301.202	289.845	287.663
00:08:00	46.991	45.697	43.774	91.843	91.087	87.06	198.301	185.612	181.949	293.89	289.041	286.062
00:09:00	45.145	43.043	40.118	89.964	90.213	86.825	191.589	181.047	178.566	298.597	287.005	284.919
00:10:00	42.146	43.231	40.214	86.714	85.61	83.155	187.785	175.79	173.036	291.862	286.292	286.661
00:11:00	39.434	40.911	37.446	85.038	85.229	83.295	184.776	172.913	167.725	292.297	285.492	279.468
00:12:00	37.775	39.334	36.602	83.754	82.895	79.189	183.688	169.916	166.594	286.861	283.611	281.399
00:13:00	35.448	37.548	35.371	80.8	79.402	77.644	182.13	167.018	161.936	284.504	277.339	278.749
00:14:00	33.853	35.172	33.094	79.353	81.291	76.662	178.181	165.29	162.428	288.18	280.375	282.827
00:15:00	34.093	34.417	32.427	79.482	78.559	76.445	177.178	166.433	161.361	285.026	276.213	275.04
00:16:00	31.412	33.611	30.727	77.923	77.361	74.485	176.579	161.977	162.675	285.466	277.717	279.08
00:17:00	30.038	31.442	29.512	75.872	74.973	72.746	173.466	162.09	157.002	283.508	277.403	276.828
00:18:00	30.03	32.488	29.778	73.421	74.567	71.647	173.674	162.781	155.511	281.398	278.435	275.019
00:19:00	29.228	30.682	28.138	72.494	74.239	69.976	169.813	161.575	155.366	280.497	275.442	273.556
00:20:00	28.149	30.673	27.22	72.428	70.162	69.777	169.493	160.013	155.94	279.072	275.172	275.43
00:21:00	27.593	29.344	27.661	72.236	71.677	69.701	168.659	157.921	152.498	280.865	275.487	274.748
00:22:00	26.734	27.722	23.729	69.635	69.302	67.379	166.065	159.378	151.733	278.063	272.388	275.075
00:23:00	25.673	26.322	25.139	70.646	70.364	65.685	167.137	155.799	150.904	280.132	275.27	275.042
00:24:00	24.821	27.501	25.074	68.792	68.52	66.46	164.384	156.411	151.973	279.975	276.919	271.236
00:25:00	25.384	25.891	23.701	68.373	66.737	63.905	161.742	156.589	152.747	278.505	272.754	272.535
00:26:00	22.838	25.81	23.782	65.462	69.508	64.406	156.562	155.591	149.771	278.795	271.005	274.347
00:27:00	22.53	24.819	22.752	68.375	67.117	62.504	160.208	153.009	148.211	276.561	271.827	271.863
00:28:00	22.6	25.026	22.606	68.708	65.344	63.414	157.256	151.656	147.715	276.412	272.727	268.904
00:29:00	22.619	24.245	22.637	66.198	64.495	62.902	162.146	153.837	149.28	280.055	270.304	269.565
00:30:00	22.417	23.901	21.865	67.408	63.613	62.2	153.023	152.64	147.058	275.203	266.725	268.17
00:31:00	21.026	23.452	21.104	63.777	64.406	61.693	158.891	149.498	149.296	278.842	271.602	272.502
00:32:00	20.894	23.792	22.03	64.808	63.169	61.943	155.113	153.567	146.887	275.496	272.737	270.998
00:33:00	19.841	24.581	21.306	63.087	63.489	61.067	154.771	148.887	146.505	277.549	269.538	271.754
00:34:00	20.649	22.332	21.261	64.283	62.849	60.255	153.533	149.653	146.686	277.884	270.83	269.938
00:35:00	20.641	22.699	19.706	64.133	61.312	59.226	152.853	151.661	147.259	278.82	270.665	269.985
00:36:00	20.714	21.458	19.798	62.461	61.207	60.105	152.188	149.26	146.759	276.799	272.691	269.801
00:37:00	19.151	22.307	20.129	61.725	61.636	60.595	148.353	147.679	143.711	274.158	268.922	270.668
00:38:00	18.886	21.212	20.279	61.793	59.719	57.873	150.272	152.089	145.857	273.19	276.371	271.16
00:39:00	17.793	21.964	19.955	62.397	61.028	58.686	150.061	150.653	145.936	277.92	270.097	272.341
00:40:00	19.267	20.992	19.453	61.802	59.866	57.492	151.122	148.772	144.92	276.165	265.221	268.711
00:41:00	18.234	20.695	19.27	60.482	58.519	58.493	152.178	150.351	146.845	278.712	270.643	273.388
00:42:00	18.235	21.342	19.238	59.817	59.387	57.36	152.234	146.811	146.039	276.342	273.222	269.78
00:43:00	18.706	20.758	19.322	60.713	60.221	57.623	148.575	147.445	144.366	275.921	269.276	266.356
00:44:00	18.3	20.835	18.155	60.167	59.534	56.497	150.722	149.704	145.087	275.254	269.736	265.755
00:45:00	18.053	20.511	18.339	59.045	57.011	57.269	147.587	147.188	143.582	276.013	269.264	262.98
00:46:00	17.468	19.945	17.98	58.291	57.513	55.679	148.075	147.09	143.307	276.597	264.358	269.598
00:47:00	17.281	20.8	17.439	58.478	55.744	57.32	148.727	145.539	144.556	276.218	272.003	264.855
00:48:00	17.087	19.324	18.543	57.478	56.925	57.043	151.496	147.521	142.803	279.501	272.901	269.079
00:49:00	16.978	19.626	17.982	57.394	57.11	55.457	147.162	146.643	145.794	273.724	270.466	266.08
00:50:00	16.826	20.391	18.107	56.869	57.991	54.902	149.584	146.037	143.648	276.252	266.809	268.088
00:51:00	17.176	20.826	18.417	56.281	57.003	53.904	148.899	146.147	145.282	272.75	266.331	268.845
00:52:00	17.826	19.15	19.016	55.065	56.185	53.477	148.467	147.579	146.944	276.367	269.964	264.815
00:53:00	17.727	19.188	16.46	54.504	56.082	54.124	152.715	146.62	141.94	273.474	265.82	267.414
00:54:00	17.022	19.405	18.037	56.057	55.547	53.515	149.658	148	143.75	278.204	271.26	267.114
00:55:00	16.878	19.268	18.269	55.648	56.803	54.076	146.048	146.609	142.192	270.672	271.589	267.262
00:56:00	15.665	18.2	17.018	55.072	55.692	54.04	145.675	144.516	143.62	276.794	268.741	268.575
00:57:00	16.329	18.704	17.872	54.201	55.759	52.054	147.724	149.699	140.562	273.28	268.326	267.637
00:58:00	16.784	19.072	17.308	55.941	55.423	52.13	149.069	145.746	141.714	271.111	267.32	269.336
00:59:00	16.075	18.933	16.409	54.212	56.778	53.561	147.602	147.568	141.781	273.935	265.544	266.572
01:00:00	16.666	17.851	17.036	55.09	55.086	53.407	146.667	147.138	141.174	271.958	266.184	265.12
01:01:00	16.667	18.424	16.859	54.724	56.094	51.659	146.449	145.894	140.829	271.409	268.707	267.241
01:02:00	17.491	18.73	17.875	53.467	55.446	52.55	146.316	142.713	142.323	273.877	270.631	268.063
01:03:00	16.47	17.427	16.73	53.523	54.409	53.057	147.794	146.354	141.245	276.235	271.096	265.654
01:04:00	16.842	17.691	16.974	52.333	54.366	51.062	146.988	147.385	142.3	270.112	265.79	265.143
01:05:00	17.212	17.468	16.952	55.479	55.687	50.439	147.223	146.411	141.594	278.374	270.045	263.952
01:06:00	16.563	17.883	16.911	52.466	53.391	49.169	143.13	145.456	140.401	276.137	265.19	265.39
01:07:00	16.521	18.08	17.03	50.315	53.501	50.739	146.428	145.601	142.395	272.632	268.534	264.811
01:08:00	16.4	17.569	16.825	50.969	53.087	49.73	144.749	147.133	143.15	275.373	267.186	267.553
01:09:00	15.541	18.803	17.346	50.976	53.797	49.023	147.246	144.77	143.135	276.952	266.678	269.485
01:10:00	15.274	18.863	16.655	51.879	52.565	50.793	148.168	147.536	143.322	273.161	269.155	263.558
01:11:00	16.419	17.751	17.134	50.464	54.358	51.095	148.045	147.148	141.459	269.74	266.267	267.363
01:12:00	16.854	17.727	15.972	48.821	52.554	50.468	144.044	143.411	141.809	271.044	268.888	265.937
01:13:00	16.531	17.503	16.896	50.961	54.325	48.374	147.241	143.287	139.006	275.174	270.967	266.083
01:14:00	15.968	17.371	15.934	51.611	51.905	48.599	144.154	145.134	141.299	271.798	265.671	264.155
01:15:00	15.984	18.257	16.311	49.865	54.481	51.759	145.843	146.279	141.892	271.226	267.774	271.28
01:16:00	16.06	16.928	15.898	50.192	52.166	49.801	145.233	144.749	142.02	271.319	268.558	260.922
01:17:00	15.877	18.096	16.774	49.922	50.059	49.625	146.261	143.937	139.712	273.084	264.758	262.423
01:18:00	16.216	17.341	16.663	50.104	52.463	49.547	146.797	144.753	139.997	273.891	270.035	269.671
01:19:00	16.889	18.723	15.833	49.037	51.529	49.488	144.182	145.054	143.892	272.915	268.453	262.488
01:20:00	16.41	18.53	16.284	49.149	53.524	48.631	145.184	142.783	141.169	275.373	265.752	263.519
01:21:00	15.688	17.055	16.315	49.064	52.101	50.609	146.754	142.807	139.631	268.907	265.283	266.548
01:22:00	15.678	18.24	16.406	47.721	50.331	48.945	145.746	146.456	141.044	274.452	270.902	266.067
01:23:00	15.785	17.927	16.056	48.683	51.235	48.878	145.339	144.87	139.218	270.841	264.165	262.939
01:24:00	16.774	17.396	16.337	49.605	49.695	48.601	145.591	144.11	137.819	270.235	267.412	260.334
01:25:00	15.714	18.089	15.691	48.748	50.979	49.984	145.111	143.985	138.991	270.164	266.83	260.351
01:26:00	15.187	16.105	15.956	47.384	51.372	49.074	142.584	145.226	141.391	273.611	264.841	266.627
01:27:00	15.606	16.754	15.969	48.288	52.115	48.693	143.369	143.967	142.464	269.972	266.13	263.953
01:28:00	15.405	17.195	17.122	48.64	51.982	49.168	145.189	145.623	138.709	271.132	267.45	263.205
01:29:00	15.257	17.209	15.827	51.287	52.517	48.991	145.057	144.242	142.678	273.127	264.8	265.371
01:30:00	14.523	16.989	16.396	48.758	52.854	49.508	144.679	144.79	140.231	275.961	268.678	264.621
01:31:00	15.302	16.41	16.373	48.589	51.456	48.392	146.946	144.249	140.861	271.263	264.471	267.475
01:32:00	15.802	17.544	15.518	49.049	50.104	48.619	145.216	142.816	144.591	275.47	267.006	266.245
01:33:00	15.248	16.76	16.051	49.667	50.686	49.119	148.117	143.919	142.79	276.312	266.864	264.992
01:34:00	15.329	17.209	16.774	48.364	50.096	47.392	145.999	143.406	142.688	271.703	266.583	264.772
01:35:00	14.762	17.064	16.373	47.999	51.214	47.078	144.18	146.182	140.986	273.429	266.151	261.394
01:36:00	14.705	17.23	15.955	48.323	51.055	47.788	147.611	143.026	137.865	271.354	265.889	263.406
01:37:00	15.793	17.149	16.261	49.328	51.205	48.87	144.049	143.975	140.709	270.704	271.213	266.447
01:38:00	16.075	16.073	16.049	48.373	51.104	49.402	142.848	147.118	140.963	273.641	266.944	262.805
01:39:00	16	16.522	16.165	47.735	51.733	47.187	143.527	143.624	142.75	274.999	266.465	266.6
01:40:00	14.44	16.668	16.365	48.303	51.245	48.683	146.422	145.039	142.836	273.529	269.281	263.131
01:41:00	15.292	17.273	15.795	48.584	50.773	48.463	145.004	146.585	140.636	271.307	268.695	261.764
01:42:00	16.242	16.508	16.327	49.816	51.102	48.614	147.452	144.745	141.401	274.201	268.299	264.66
01:43:00	15.746	16.925	15.821	48.487	50.358	48.206	142.891	143.676	141.468	276.435	264.125	258.386
01:44:00	15.191	17.491	15.656	48.136	50.127	47.486	143.655	144.415	140.468	270.088	266.962	259.446
01:45:00	15.685	16.945	16.169	47.629	49.391	48.632	146.398	147.457	144.914	278.201	269.463	265.347
01:46:00	15.928	16.706	16.39	48.263	52.816	46.693	143.825	142.899	142.31	274.301	268.247	264.705
01:47:00	14.807	16.631	15.793	47.938	50.509	48.473	144.828	145.07	140.539	273.172	266.479	263.119
01:48:00	15.361	17.15	15.431	48.785	52.062	47.608	143.127	144.184	141.579	274.904	266.787	262.517
01:49:00	16.218	17.095	16.027	48.369	49.502	47.249	145.729	144.777	140.865	269.908	262.783	263.37
01:50:00	15.596	17.179	15.743	47.341	52.055	48.27	146.652	145.398	139.799	275.097	266.101	263.191
01:51:00	16.259	15.633	16.222	47.002	50.871	47.711	147.68	144.626	140.628	275.891	267.502	263.71
01:52:00	15.506	16.463	16.537	48.549	48.586	45.932	143.701	146.744	139.966	273.787	267.961	262.721
01:53:00	15.611	16.97	15.844	47.496	51.542	47.496	146.402	143.16	139.268	273.826	268.417	267.079
01:54:00	15.772	16.945	16.115	47.762	48.555	47.388	143.146	144.481	141.259	273.338	265.776	261.961
01:55:00	15.378	16.297	15.946	48.751	49.702	46.294	143.031	144.526	141.759	272.533	268.163	263.408
01:56:00	15.525	16.431	16.273	48.074	49.109	47.328	146.078	144.203	144.119	272.531	269.174	264.864
01:57:00	15.474	16.396	15.367	48.156	50.425	48.388	145.013	142.168	140.876	271.238	267.849	260.322
01:58:00	16.151	16.856	16.042	47.822	48.809	47.694	145.447	142.585	139.41	271.578	270.284	265.507
01:59:00	15.558	16.082	15.902	46.016	49.556	46.346	144.848	142.919	139.276	271.965	267.065	262.789
02:00:00	14.876	16.831	15.99	47.007	49.975	47.066	142.686	143.074	140.701	268.706	264.994	263.795