Time	25_1	25_2	25_3	50_1	50_2	50_3	100_1	100_2	100_3	150_1	150_2	150_3
00:00:00	73.223	75.448	75.181	147.035	147.641	142.715	266.758	252.312	268.289	393.876	369.934	386.247
00:01:00	66.246	70.108	72.043	136.563	129.003	131.794	250.357	241.219	259.372	372.498	354.672	363.975
00:02:00	64.609	65.869	64.572	124.01	124.019	118.543	245.692	230.55	247.546	360.35	331.84	346.075
00:03:00	58.573	62.393	60.464	118.161	116.304	117.421	235.708	223.504	238.416	344.103	326.759	337.248
00:04:00	57.918	57.423	56.252	113.433	110.202	109.03	223.628	213.375	226.731	336.405	317.516	326.606
00:05:00	53.485	55.155	54.969	111.671	109.448	107.017	214.436	200.504	214.743	332.627	312.815	318.982
00:06:00	51.57	51.528	51.259	105.616	101.103	103.417	208.218	196.315	207.853	324.596	309.13	316.915
00:07:00	49.948	49.979	48.781	102.116	99.744	99.699	197.268	189.609	202.592	324.853	301.606	313.691
00:08:00	48.543	46.723	47.743	97.115	98.289	98.939	193.348	181.239	195.108	321.735	298.568	308.663
00:09:00	45.773	46.693	44.243	95.37	93.08	94.633	188.333	178.515	193.377	316.072	295.398	307.694
00:10:00	43.766	45.923	44.413	93.076	92.773	93.059	184.036	171.285	185.79	312.29	291.915	304.934
00:11:00	43.696	43.542	41.872	89.541	90.285	89.644	180.67	173.225	187.468	316.281	291.644	300.297
00:12:00	41.821	43.296	40.381	91.381	87.89	88.406	175.086	168.83	185.816	313.292	289.943	303.356
00:13:00	38.765	40.883	38.697	87.926	87.52	87.466	180.072	165.472	181.064	314.253	290.88	300.212
00:14:00	36.977	37.389	38.152	86.792	83.38	83.641	174.822	165.009	183.725	311.688	285.246	300.268
00:15:00	38.263	39.357	37.174	85.104	81.844	82.113	171.82	164.562	181.028	310.123	287.385	301.052
00:16:00	36.639	38.494	34.975	82.914	80.944	81.375	169.59	162.565	176.567	304.633	286.184	297.285
00:17:00	34.802	35.32	33.29	82.297	79.916	79.49	168.935	160.669	173.507	303.628	285.079	293.098
00:18:00	34.114	35.511	32.882	78.333	79.398	79.727	165.963	160.69	175.747	302.92	281.903	294.812
00:19:00	33.453	34.859	33.166	80.558	78.225	76.777	168.589	156.234	172.626	304.035	280.74	296.369
00:20:00	31.602	32.637	31.503	78.221	75.014	77.161	169.476	156.11	170.079	300.114	281.026	295.557
00:21:00	33.259	33.186	30.324	79.604	75.555	78.039	167.646	155.19	173.907	302.914	280.523	292.7
00:22:00	31.815	32.86	32.184	77.12	74.126	74.922	165.36	153.686	170.088	306.617	279.027	290.575
00:23:00	30.987	31.921	30.477	75.713	73.751	74.127	163.767	154.688	169.22	300.559	280.974	292.199
00:24:00	31.401	30.431	28.77	76.412	73.025	75.167	162.784	152.014	168.988	301.91	281.461	293.114
00:25:00	29.569	30.313	29.677	74.415	73.662	73.405	161.504	151.958	171.252	304.792	279.526	291.42
00:26:00	29.033	30.294	27.023	72.869	71.66	71.281	163.454	152.947	165.982	299.203	279.715	293.149
00:27:00	28.368	29.696	28.011	71.184	70.936	72.707	161.641	154.814	166.041	303.542	278.149	290.222
00:28:00	29.045	28.407	27.617	72.021	70.936	71.88	164.209	152.89	167.069	302.979	277.214	293.13
00:29:00	27.314	28.679	27.618	70.345	68.775	69.598	162.131	153.752	165.165	302.479	280.005	290.258
00:30:00	26.732	28.683	26.446	69.448	69.093	70.428	160.771	152.974	164.341	301.143	275.395	284.435
00:31:00	27.752	27.499	24.974	69.979	66.3	68.205	159.856	153.028	163.117	302.031	276.08	291.084
00:32:00	26.354	26.912	27.085	69.891	67.144	68.123	160.368	148.183	164.064	296.885	278.446	289.452
00:33:00	25.764	27.516	25.294	69.194	66.433	67.3	158.726	150.556	162.853	296.904	278.261	288.626
00:34:00	26.392	27.11	25.805	66.579	65.004	66.111	160.341	148.492	162.041	297.668	274.913	288.427
00:35:00	25.555	26.522	24.972	65.851	63.833	65.634	158.999	145.851	162.307	301.85	278.291	287.905
00:36:00	24.909	25.215	25.466	67.262	63.451	62.98	158.343	148.836	167.237	299.903	275.258	286.151
00:37:00	25.619	25.725	24.521	66.521	61.723	63.841	157.228	146.535	163.506	296.873	273.587	288.646
00:38:00	25.756	25.587	24.009	65.825	62.296	62.571	158.308	145.492	162.61	297.715	275.946	284.92
00:39:00	23.913	25.337	24.123	65.295	65.066	62.986	158.852	149.245	162.372	295.886	275.462	285.026
00:40:00	23.124	25.237	23.565	65.256	60.567	63.106	157.641	145.209	160.493	292.763	274.88	287.015
00:41:00	24.371	25.017	23.42	65.794	60.252	60.73	158.719	146.035	162.437	298.698	276.318	284.913
00:42:00	24.131	24.378	23.948	65.02	60.612	61.738	156.269	147.862	164.083	297.554	273.728	285.583
00:43:00	23.818	23.433	22.785	64.45	60.906	60.631	154.388	146.046	160.28	292.948	271.001	285.936
00:44:00	23.809	24.097	23.134	64.025	59.912	60.224	157.462	146.694	161.164	299.365	274.704	283.015
00:45:00	22.681	23.277	22.776	65.104	59.866	61.202	154.678	145.788	160.868	296.256	273.397	286.201
00:46:00	24.587	22.892	22.65	62.177	60.478	58.684	155.956	147.648	162.853	292.161	275.313	285.824
00:47:00	23.297	22.99	22.55	63.368	59.456	59.491	155.137	147.424	161.207	292.588	274.002	286.445
00:48:00	22.319	23.388	22.583	64.081	59.63	58.276	155.77	142.689	163.607	297.603	273.292	280.821
00:49:00	22.301	24.648	21.296	61.576	58.652	57.071	156.46	143.237	160.352	297.247	273.178	283.307
00:50:00	22.648	23.182	20.889	61.622	57.945	58.864	156.963	146.386	158.932	294.24	274.377	285.006
00:51:00	22.509	23.937	21.686	61.934	58.777	57.914	156.026	145.933	158.376	291.758	270.867	279.063
00:52:00	21.189	22.187	21.307	59.864	55.922	59.455	156.017	145.003	158.019	292.699	272.634	286.872
00:53:00	22.173	22.08	21.766	60.353	58.007	59.114	155.071	146.255	159.283	290.514	274.279	280.906
00:54:00	22.828	23.048	20.725	61.036	57.926	57.14	157.318	147.024	158.533	297.266	271.541	283.721
00:55:00	21.729	22.867	21.324	59.192	56.304	58.539	153.725	145.241	160.221	293.322	269.808	281.862
00:56:00	21.509	22.183	21.891	57.804	55.661	56.824	157.395	146.363	160.575	299.674	275.251	284.796
00:57:00	20.8	21.85	19.446	57.326	57.025	57.785	157.113	143.94	159.668	292.612	273.066	282.946
00:58:00	22.446	22.251	20.489	56.787	55.88	56.21	153.722	146.174	160.858	287.905	271.424	281.415
00:59:00	20.934	20.425	20.435	57.124	55.47	58.238	154.659	142.356	160.446	290.446	270.065	284.78
01:00:00	20.783	21.11	20.506	55.987	55.219	55.54	154.868	145.069	160.606	296.592	275.566	282.977
01:01:00	21.126	20.973	20.146	55.533	55.773	55.924	152.046	141.631	159.474	294.193	270.443	283.242
01:02:00	21.133	20.74	19.799	56.549	54.446	55.86	158.999	143.047	159.319	289.497	266.548	281.011
01:03:00	21.99	21.269	20.862	55.753	55.823	57.082	153.77	144.58	157.188	291.474	273.013	279.561
01:04:00	20.913	20.994	19.157	55.003	54.922	54.982	155.005	142.837	159.32	292.534	274.447	279.115
01:05:00	20.113	21.463	20.684	55.562	53.344	54.92	151.499	144.959	158.473	293.381	270.479	281.056
01:06:00	20.719	19.99	20.034	54.975	53.442	55.681	149.529	142.362	156.883	292.552	268.427	281.751
01:07:00	19.533	21.181	20.268	53.286	56.003	54.122	149.677	145.943	159.666	288.405	265.711	281.149
01:08:00	20.078	21.22	19.556	53.893	53.212	54.442	155.586	142.818	159.334	294.636	270.037	281.497
01:09:00	20.391	20.067	20.087	53.339	54.073	54.952	152.229	145.316	156.887	288.828	268.969	278.763
01:10:00	21.225	20.051	19.425	54.936	53.258	53.53	151.455	141.896	157.582	288.442	269.623	279.276
01:11:00	19.837	19.661	20.507	52.599	53.665	54.029	152.7	144.32	155.998	289.004	271.002	279.338
01:12:00	20.721	20.411	19.58	54.81	53.877	53.59	150.634	142.06	158.21	290.76	270	278.214
01:13:00	20.36	19.997	19.642	52.493	53.719	53.829	151.159	143.37	158.175	289.26	269.793	282.029
01:14:00	19.764	19.422	20.328	53.364	55.057	54.005	150.699	144.639	154.873	289.38	268.26	282.049
01:15:00	20.009	20.458	18.793	52.64	52.617	54.086	151.307	142.27	158.975	288.794	270.491	280.043
01:16:00	20.018	19.637	19.72	51.169	51.719	53.441	152.591	141.188	157.615	292.044	265.672	280.444
01:17:00	19.431	20.473	18.734	50.586	53.734	54.186	151.778	140.917	155.819	290.602	266.319	277.756
01:18:00	20.041	21.196	19.115	53.401	50.848	52.724	151.215	141.092	156.873	290.789	273.603	278.871
01:19:00	19.469	20.018	19.495	52.395	52.401	54.057	150.271	138.698	154.674	287.647	268.003	275.743
01:20:00	19.994	20.498	19.597	51.4	53.78	52.316	151.121	144.13	156.634	287.568	269.611	275.139
01:21:00	19.884	21.108	18.132	50.737	51.148	51.998	153.253	141.141	155.696	292.474	265.371	277.162
01:22:00	19.465	20.596	19.414	49.489	51.757	51.699	151.846	142.238	153.793	289.078	266.518	278.071
01:23:00	19.441	20.063	18.618	50.031	51.253	51.071	155.373	144.245	156.27	289.734	268.132	277.637
01:24:00	19.685	19.961	18.758	50.644	52.191	52.067	154.951	143.73	158.506	291.451	269.175	279.757
01:25:00	19.23	19.197	19.859	50.552	51.538	53.322	154.65	141.618	157.779	288.68	265.736	279.194
01:26:00	19.15	21.649	18.692	49.342	52.118	50.831	150.581	140.504	154.867	292.453	269.19	279.474
01:27:00	19.201	19.778	19.247	50.627	51.223	50.821	153.491	143.132	155.213	289.208	267.518	279.952
01:28:00	20.018	19.94	18.961	51.423	52.596	51.304	154.344	141.304	156.704	287.528	268.805	275.158
01:29:00	20.252	19.174	19.722	49.83	52.01	51.767	150.972	143.238	155.581	287.091	268.466	272.995
01:30:00	20.635	19.787	18.944	48.853	50.178	51.188	150.942	140.746	155.7	285.967	265.834	274.947
01:31:00	19.964	19.846	19.314	50.677	52.29	51.38	153.412	139.141	157.084	292.497	269.619	278.814
01:32:00	20.126	20.022	18.685	50.039	49.617	50.756	151.199	142.715	155.945	289.733	265.073	277.375
01:33:00	19.204	19.797	18.466	49.409	50.186	51.308	150.97	143.406	155.786	290.684	268.763	274.402
01:34:00	18.901	19.595	18.975	49.717	50.781	50.214	153.659	141.29	157.9	287.92	263.585	276.882
01:35:00	19.109	19.387	19.025	49.307	49.881	52.083	150.971	142.484	157.484	281.76	268.574	276.86
01:36:00	19.514	20.536	18.859	48.848	49.944	49.455	150.804	140.959	157.461	287.017	261.812	276.118
01:37:00	19.714	19.537	18.066	49.403	50.27	49.91	150.655	141.346	156.146	285.811	261.199	275.136
01:38:00	20.713	18.9	19.11	48.987	50.043	50.173	152.143	143.304	156.031	286.143	269.95	276.081
01:39:00	20.222	20.279	19.188	49.574	50.45	51.53	153.7	141.496	156.815	284.648	271.573	277.246
01:40:00	19.492	18.34	18.684	49.282	49.482	49.326	150.39	141.963	157.862	291.95	269.113	275.119
01:41:00	18.421	18.993	18.383	48.777	49.044	49.02	152.207	142.333	158.509	286.952	262.899	267.606
01:42:00	19.808	19.664	18.025	49.049	50.288	50.257	151.582	142.043	157.019	290.652	262.693	274.381
01:43:00	20.577	20.213	20.205	48.703	49.208	51.303	154.462	141.802	156.735	286.981	269.541	272.122
01:44:00	20.056	20.595	18.544	47.148	49.795	49.088	152.044	143.674	158.483	285.344	265.578	273.871
01:45:00	19.627	20.188	18.652	47.374	50.337	49.467	151.902	141.001	154.893	283.442	266.09	275.323
01:46:00	18.688	19.001	18.433	47.662	48.947	51.326	152.763	141.076	154.105	286.018	267.525	273.324
01:47:00	19.608	19.33	17.895	47.967	50.153	48.969	147.747	141.432	157.198	287.213	266.484	271.748
01:48:00	19.05	18.66	18.611	48.841	48.979	49.822	150.615	141.844	153.253	285.8	263.104	270.455
01:49:00	20.218	20.064	18.493	48.423	50.127	51.083	152.186	139.344	154.734	283.129	264.683	276.223
01:50:00	18.722	18.949	17.713	48.636	48.61	48.978	154.455	139.216	156.386	287.335	262.755	269.38
01:51:00	20.14	20.06	17.487	47.367	49.991	51.182	152.155	139.761	155.734	283.325	266.17	272.713
01:52:00	20.009	19.559	18.378	47.785	49.134	49.509	152.535	142.417	154.524	287.761	266.532	270.398
01:53:00	19.016	17.91	18.384	46.383	49.013	47.741	151.041	140.015	154.592	287.22	265.121	270.635
01:54:00	19.419	20.303	18.387	47.584	49.507	48.427	151.262	139.229	155.612	284.069	264.783	269.996
01:55:00	19.514	19.235	19.005	48.038	48.289	48.946	152.602	141.737	155.715	287.317	266.227	273.962
01:56:00	19.887	19.03	17.8	48.396	50.202	48.086	150.63	138.573	155.69	286.173	266.366	274.425
01:57:00	18.794	19.448	18.398	47.851	48.634	49.724	149.316	141.751	155.629	284.836	265.672	267.566
01:58:00	19.532	19.713	18.425	47.013	47.652	49.43	152.355	139.84	155.11	287.331	264.41	265.777
01:59:00	19.253	19.209	18.308	46.772	49.016	50.101	147.761	143.881	153.227	285.717	264.933	268.765
02:00:00	19.559	19.386	17.795	47.423	50.652	48.895	154.011	138.21	154.396	284.179	265.674	269.268