Time	25_1	25_2	25_3	50_1	50_2	50_3	100_1	100_2	100_3	150_1	150_2	150_3
00:00:00	74.474	67.863	81.243	151.014	150.891	137.176	266.033	251.887	269.895	383.094	373.749	368.355
00:01:00	67.491	64.099	67.133	127.025	129.438	126.176	249	243.613	251.906	360.042	357.877	357.609
00:02:00	63.523	59.233	59.706	117.388	118.958	120.264	235.627	232.443	238.989	346.847	338.214	337.226
00:03:00	58.793	58.678	55.46	113.037	114.368	114.861	227.596	228.335	226.707	336.507	329.672	328.396
00:04:00	56.799	52.795	53.004	111.497	111.078	110.253	207.456	213.999	214.682	321.268	320.563	317.932
00:05:00	54.172	52.307	51.953	102.709	105.294	103.858	202.534	205.431	208.01	317.843	314.206	311.44
00:06:00	49.788	48.786	48.229	99.52	100.525	102.2	199.138	199.229	199.467	308.677	310.964	309.792
00:07:00	46.687	46.807	47.53	99.247	97.869	98.839	189.597	192.303	194.924	313.602	310.868	303.829
00:08:00	44.578	45.812	44.64	92.557	93.353	95.507	192.365	187.594	191.357	312.16	305.058	300.08
00:09:00	43.347	43.675	41.932	93.239	92.399	93.713	183.721	181.641	186.027	306.659	301.94	298.634
00:10:00	40.746	41.723	41.554	88.863	86.584	88.107	184.358	177.065	188.35	301.977	296.927	298.872
00:11:00	40.587	40.292	40.753	87.222	85.705	87.409	178.201	175.476	181.593	300.606	299.531	294.745
00:12:00	39.595	38.282	37.251	84.49	82.232	85.115	176.373	171.863	179.52	301.857	291.231	295.165
00:13:00	36.038	36.231	38.707	81.138	79.345	83.807	172.608	169.206	176.41	297.065	291.621	290.825
00:14:00	35.941	36.73	35.278	82.281	79.9	82.537	174.884	167.9	179.027	296.129	296.115	290.495
00:15:00	35.613	34.901	33.513	79.541	78.278	82.954	172.447	170.173	177.092	293.523	286.997	287.741
00:16:00	33.889	35.801	33.843	78.368	77.235	79.495	168.807	166.078	175.767	291.282	290.69	288.03
00:17:00	32.293	33.55	32.05	76.512	75.204	78.833	169.473	160.615	175.694	291.291	288.483	287.979
00:18:00	32.412	33.525	31.092	74.845	75.914	78.005	165.494	163.844	171.875	289.336	287.611	289.537
00:19:00	32.111	30.71	29.72	75.341	72.751	73.849	165.269	158.656	170.156	288.267	288.439	286.62
00:20:00	32.314	30.705	29.892	71.173	71.189	71.419	163.61	160.595	170.504	282.115	287.793	288.022
00:21:00	28.712	29.796	30.236	69.732	71.868	72.333	162.947	160.544	165.893	291.11	286.644	285.045
00:22:00	28.579	29.358	29.7	70.699	68.641	72.852	165.107	158.338	167.778	289.195	284.185	285.396
00:23:00	28.804	28.938	28.475	70.913	67.23	68.806	163.431	157.281	165.782	283.852	282.366	283.891
00:24:00	26.659	29.239	26.885	67.812	66.58	73.693	161.269	158.309	170.262	281.994	285.266	283.746
00:25:00	28.134	26.75	27.292	69.282	66.132	69.282	162.253	154.957	167.499	284.722	284.846	284.265
00:26:00	26.337	27.148	25.399	65.769	67.18	69.243	163.293	155.59	165.22	287.511	284.178	281.217
00:27:00	26.729	26.56	25.958	66.383	66.071	69.519	161.554	154.328	167.68	282.443	279.896	283.275
00:28:00	26.478	26.563	26.852	64.925	64.599	65.773	162.765	156.791	163.794	283.697	280.564	280.915
00:29:00	25.544	25.725	25.316	65.613	64.996	66.491	158.621	153.329	162.601	283.95	282.713	280.263
00:30:00	24.716	26.955	26.015	63.972	64.084	66.806	161.033	152.459	162.021	284.378	286.219	284.317
00:31:00	24.545	24.236	24.2	63.629	62.329	65.668	162.134	154.468	164.448	283.568	279.03	280.643
00:32:00	23.896	25.529	25.263	63.271	60.123	64.907	160.545	152.532	164.311	282.636	281.562	281.47
00:33:00	25.101	24.452	24.013	63.647	61.807	65.398	158.102	153.352	162.616	284.156	280.656	279.613
00:34:00	24.563	24.119	24.066	62.896	61.852	65.203	157.676	154.501	161.677	284.412	276.347	278.709
00:35:00	23.309	23.189	23.501	61.486	61.736	62.976	160.872	152.637	164.345	280.044	277.526	278.586
00:36:00	22.428	23.353	24.368	61.319	59.707	62.991	157.222	154.579	164.427	282.683	282.983	278.328
00:37:00	22.926	23.721	22.995	59.716	60.029	63.079	156.759	152.177	162.027	280.36	280.342	277.406
00:38:00	22.596	23.36	22.195	58.815	58.818	61.469	155.745	150.18	161.921	282.554	274.611	281.052
00:39:00	22.078	22.73	22.526	59.996	58.485	61.046	155.389	151.495	160.985	278.855	277.299	280.581
00:40:00	20.645	22.813	21.966	58.868	57.622	59.927	154.808	148.58	159.643	280.345	275.778	276.601
00:41:00	22.137	23.282	22.674	58.561	58.026	58.752	157.973	150.013	161.46	280.576	279.372	273.482
00:42:00	22.323	22.081	21.433	59.193	57.051	59.158	157.312	150.287	160.36	279.32	277.313	278.116
00:43:00	21.417	22.432	21.358	57.471	58.136	61.256	156.454	149.105	159.057	281.329	277.357	272.44
00:44:00	21.791	21.114	22.12	56.359	56.401	58.551	154.861	151.435	161.63	282.654	282.565	276.325
00:45:00	20.524	22.073	21.495	56.9	55.954	60.82	157.375	149.37	159.978	278.423	281.854	276.309
00:46:00	22.081	21.683	20.556	55.942	57.559	57.689	156.52	150.456	160.39	278.388	275.864	278.178
00:47:00	21.914	20.631	20.791	54.601	56.837	57.67	153.301	151.131	158.149	280.301	278.181	275.633
00:48:00	19.443	21.291	21.008	57.595	55.287	56.04	152.361	147.687	157.911	281.522	278.607	277.768
00:49:00	20.608	20.633	20.341	55.591	55.746	55.721	157.381	151.278	159.627	277.412	278.004	273.806
00:50:00	21.391	21.223	21.158	54.794	54.502	57.804	155.197	150.534	159.783	281.535	275.865	275.977
00:51:00	20.48	19.936	20.021	55.033	56.201	56.031	151.414	149.303	158.809	279.783	273.772	275.871
00:52:00	20.096	19.793	19.469	53.08	53.325	57.221	156.461	148.635	157.182	278.746	273.338	275.576
00:53:00	18.094	20.012	19.343	54.791	52.866	56.981	153.624	149.129	155.956	273.761	271.807	273.424
00:54:00	19.28	19.83	20.6	53.006	54.365	57.802	155.453	148.207	158.443	281.592	275.163	275.665
00:55:00	19.991	19.363	19.82	53.135	53.298	56.07	153.309	146.925	159.399	275.639	275.099	273.595
00:56:00	19.443	19.886	18.915	52.908	53.549	55.428	154.187	150.556	160.803	281.481	275.656	279.158
00:57:00	20.23	19.778	19.837	53.867	53.142	55.975	155.464	148.841	155.276	272.83	273.778	270.922
00:58:00	18.933	18.98	18.906	52.605	52.198	54.603	151.608	150.4	158.248	276.099	275.329	270.633
00:59:00	18.521	19.408	19.123	52.101	52.445	55.472	154.711	147.534	157.627	276.049	275.277	275.751
01:00:00	20.095	19.739	19.555	52.122	52.174	54.032	153.033	146.003	156.583	276.949	275.448	277.633
01:01:00	19.669	19.416	19.148	50.946	51.864	53.318	154.264	148.518	155.113	276.944	272.725	271.06
01:02:00	18.447	18.265	19.315	52.583	52.36	54.724	153.472	149.018	158.046	277.935	275.012	271.432
01:03:00	19.413	18.331	18.171	52.472	53.748	55.651	152.662	148.357	159.467	276.749	274.632	271.219
01:04:00	19.777	18.8	18.49	50.992	51.846	53.422	154.534	146.744	156.278	279.585	273.083	274.83
01:05:00	19.629	18.832	18.219	52.063	50.982	51.726	152.278	145.499	157.266	276.112	274.234	273.004
01:06:00	18.587	19.548	19.229	51.235	51.724	53.539	151.533	145.948	154.747	273.226	272.243	268.737
01:07:00	19.605	19.211	18.923	50.522	50.498	53.412	153.547	147.377	156.27	273.057	270.333	271.845
01:08:00	18.633	18.839	19.531	49.568	52.735	53.336	154.523	147.016	154.421	277.511	277.795	269.399
01:09:00	19.393	18.408	18.265	51.728	51.038	51.954	154.87	148.963	157.759	273.546	278.341	274.482
01:10:00	18.464	17.88	18.839	49.001	49.946	52.275	151.985	146.553	156.72	275.031	274.522	274.202
01:11:00	18.826	19.257	18.618	49.202	51.032	52.129	153.067	147.631	156.454	275.932	275.082	273.444
01:12:00	18.911	18.319	17.961	49.911	51.959	53.082	152.89	146.378	158.935	276.47	275.502	268.836
01:13:00	17.943	18.32	18.653	49.121	50.202	52.99	153.096	147.505	155.511	276.355	274.083	272.656
01:14:00	18.31	17.739	18.473	49.338	51.176	51.644	152.713	147.674	154.811	271.058	271.784	269.439
01:15:00	19.41	19.112	17.24	49.359	50.98	52.068	151.434	146.252	156.863	273.631	272.861	272.585
01:16:00	18.388	19.889	17.606	49.625	48.313	53.241	150.901	144.656	154.092	276.013	270.682	269.954
01:17:00	18.182	18.694	18.025	50.274	49.898	49.324	152.535	146.046	156.802	276.118	272.811	271.122
01:18:00	18.431	17.832	18.586	49.271	49.471	50.586	151.593	144.594	155.748	275.028	271.573	272.408
01:19:00	18.353	18.544	18.757	50.152	48.627	51.875	148.785	145.608	154.751	273.288	273.861	267.379
01:20:00	17.58	17.236	17.093	51.032	49.917	51.341	149.82	145.366	158.974	273.825	269.206	269.812
01:21:00	17.424	18.115	18.04	49.963	50.586	50.365	152.284	146.34	155.588	273.558	269.333	268.158
01:22:00	17.889	18.392	18.772	48.118	50.167	51.312	150.265	145.321	153.768	273.597	267.419	269.66
01:23:00	17.799	17.669	17.709	49.524	50.224	49.171	149.065	146.525	152.916	274.262	273.949	268.64
01:24:00	16.894	18.585	17.223	47.241	50.731	49.793	152.678	149.135	154.608	272.346	267.225	270.651
01:25:00	18.052	17.869	18.573	47.657	48.44	51.088	149.125	144.215	153.545	273.794	271.11	267.473
01:26:00	17.151	17.946	17.516	49.202	49.496	49.692	150.538	144.994	155.391	272.869	271.015	269.349
01:27:00	19.179	17.579	18.226	48.135	49.302	50.232	151.382	143.165	153.928	273.428	273.821	271.156
01:28:00	18.26	17.898	17.634	47.374	49.925	50.692	148.621	144.035	157.44	275.61	270.751	268.757
01:29:00	18.18	18.08	17.322	48.855	49.388	49.277	150.167	146.26	152.795	274.281	270.072	265.797
01:30:00	18.136	17.356	17.871	48.277	48.629	49.987	153.802	141.491	153.214	268.303	267.209	268.026
01:31:00	18.194	17.637	17.521	49.796	48.88	50.711	149.01	146.484	154.629	273.188	273.206	269.824
01:32:00	17.586	18.326	16.977	47.924	48.22	48.733	150.428	144.081	155.527	272.258	270.273	268.78
01:33:00	18.114	17.83	18.427	49.32	47.726	49.899	150.558	143.337	149.971	269.616	270.107	267.092
01:34:00	17.903	17.991	18.351	48.988	48.67	49.416	150.907	143.775	154.87	277.091	269.064	269.315
01:35:00	17.29	17.299	18.336	47.095	48.004	48.003	146.936	142.453	151.918	273.021	269.038	267.306
01:36:00	17.597	17.83	17.757	47.392	47.855	46.963	149.099	145.032	152.078	275.379	268.691	265.474
01:37:00	17.696	17.457	17.812	47.322	47.91	49.559	148.465	144.081	151.588	269.736	271.091	264.747
01:38:00	18.338	17.584	16.863	47.531	47.211	48.895	149.168	144.203	154.347	271.397	271.186	267.685
01:39:00	18.038	18.008	18.149	47.935	47.166	47.916	148.972	146.865	152.588	271.29	269.042	267.142
01:40:00	17.279	18.638	17.696	46.684	48.518	47.471	147.209	142.769	150.356	270.513	266.887	265.149
01:41:00	17.576	19.326	17.608	48.135	47.322	47.693	149.451	144.024	152.072	272.723	268.819	262.387
01:42:00	18.082	17.803	17.179	47.485	47.365	47.858	151.925	146.282	154.111	272.094	273.044	259.625
01:43:00	17.572	17.793	17.336	46.38	47.541	47.224	151.969	144.731	155.328	273.789	268.618	265.311
01:44:00	17.336	17.659	17.581	46.735	47.764	48.247	147.77	142.882	154.729	271.579	267.953	261.046
01:45:00	17.879	17.355	17.336	47.224	47.755	47.917	148.125	143.849	154.061	269.485	265.197	260.499
01:46:00	17.719	17.491	17.074	45.665	46.662	48.735	151.363	143.855	155.87	267.813	269.062	264.167
01:47:00	17.271	17.651	17.232	47.924	47.093	47.494	149.6	142.491	154.59	269.513	266.643	261.026
01:48:00	17.378	17.657	17.45	46.904	46.505	46.997	146.34	143.365	153.036	271.367	268.735	266.141
01:49:00	17.278	17.242	17.846	46.68	46.352	49.575	147.926	140.712	149.973	270.782	265.126	260.482
01:50:00	17.798	17.946	16.909	46.855	45.796	48.798	147.209	143.377	153.5	272.824	268.993	262.47
01:51:00	17.876	18.316	17.24	46.89	48.058	49.418	148.991	143.341	151.434	269.177	266.061	260.241
01:52:00	17.616	17.217	17.091	46.425	47.542	46.309	150.276	142.392	155.87	274.154	269.697	260.211
01:53:00	17.554	18.233	18.069	46.158	48.167	46.662	148.721	143.973	154.174	266.948	263.943	264.134
01:54:00	18.018	17.734	17.988	46.378	47.557	47.09	147.881	141.903	151.876	273.777	267.674	261.427
01:55:00	17.789	16.904	17.799	46.467	47.714	46.695	148.923	147.553	154.07	268.349	268.658	262.65
01:56:00	18.697	17.452	17.701	46.326	46.476	47.036	145.312	144.037	154.054	272.561	269.084	263.541
01:57:00	17.998	17.441	16.998	47.581	47.459	47.096	149.703	144.246	154.715	266.116	265.688	260.251
01:58:00	16.916	17.751	17.872	47.482	46.805	47.76	147.034	145.635	150.867	270.268	268.144	254.907
01:59:00	17.596	17.747	16.924	46.579	46.74	47.768	147.589	141.968	152.554	273.835	265.754	259.778
02:00:00	17.911	17.879	18.689	47.707	47.73	45.53	147.618	139.436	153.23	269.827	261.454	257.682