Time	25_1	25_2	25_3	50_1	50_2	50_3	100_1	100_2	100_3	150_1	150_2	150_3
00:00:00	69.945	73.738	78.807	129.603	144.749	150.524	266.916	266.773	252.038	365.88	353.161	337.192
00:01:00	64.741	65.699	73.315	120.348	135.449	130.855	245.717	247.128	245.137	347.616	340.035	323.275
00:02:00	64.746	62.935	65.907	118.352	125.318	120.616	239.866	241.031	240.009	336.135	323.526	307.962
00:03:00	59.726	57.748	60.311	108.696	114.224	114.788	228.399	228.744	224.007	320.259	306.551	296.207
00:04:00	55.877	54.381	58.299	102.684	114.879	110.306	220.066	216.403	217.16	312.702	297.788	290.44
00:05:00	53.957	50.971	53.842	98.989	112.022	105.505	207.768	207.78	204.81	306.395	290.099	286.049
00:06:00	51.246	50.597	52.115	97.266	104.958	101.786	201.433	200.26	199.523	301.639	288.513	281.013
00:07:00	50.331	46.101	49.414	91.028	103.907	97.992	193.898	192.73	193	298.202	287.919	281.079
00:08:00	45.642	43.547	45.502	92.05	99.418	94.099	187.216	186.101	186.094	297.502	282.687	274.963
00:09:00	43.426	42.732	45.346	87.643	100.144	95.642	181.154	185.395	185.34	298.245	283.887	273.977
00:10:00	42.969	41.716	43.742	83.372	97.672	92.334	178.122	184.613	182.827	292.019	285.373	268.822
00:11:00	41.621	38.759	42.229	82.588	94.734	89.113	180.119	179.717	179.018	294.279	278.094	275.082
00:12:00	38.784	36.799	39.969	84.29	90.451	88.825	180.441	176.785	175.602	291.269	280.571	266.822
00:13:00	39.505	37.118	38.996	81.067	91.389	85.147	178.024	174.297	173.285	289.349	277.463	267.614
00:14:00	36.628	34.32	35.738	78.724	89.34	85.976	172.095	172.621	173.146	287.475	280.778	268.58
00:15:00	37.72	33.815	35.546	76.466	88.78	85.008	173.756	176.219	174.151	291.575	276.078	269.919
00:16:00	35.635	34.056	35.153	76.845	87.375	84.867	168.799	174.224	170.074	291.608	279.395	268.113
00:17:00	34.418	32.458	34.924	76.583	86.191	80.817	170.59	170.485	170.958	289.011	277.107	270.286
00:18:00	34.342	32.115	33.105	73.827	83.56	81.832	170.165	169.302	171.794	288.305	280.474	267.258
00:19:00	32.225	31.976	31.67	75.111	83.746	82.206	168.398	169.841	171.154	290.987	273.996	268.013
00:20:00	31.859	28.874	31.83	73.297	82.434	79.636	169.483	168.246	167.313	287.578	276.531	270.781
00:21:00	32.397	29.703	31.06	73.306	82.479	79.966	170.342	173.707	170.08	291.765	278.455	270.348
00:22:00	31.03	29.829	32.147	72.442	82.579	77.497	171.054	167.965	171.068	286.699	275.041	264.73
00:23:00	31.816	29.081	29.644	73.712	82.145	76.354	169.361	169.698	168.771	288.33	276.875	267.57
00:24:00	29.852	28.763	29.885	73.426	81.016	74.673	169.468	170.127	167.461	288.892	277.144	266.949
00:25:00	29.523	28.19	29.791	69.932	80.971	74.228	170.451	168.171	166.998	290.011	272.937	267.729
00:26:00	29.391	28.256	29.27	70.409	77.712	76.291	166.897	168.638	169.154	289.399	280.554	269.624
00:27:00	28.359	27.982	28.841	70.452	79.616	77.099	166.642	167.147	165.916	288.174	275.034	268.866
00:28:00	28.487	27.509	27.831	67.114	78.066	74.486	165.679	167.746	168.396	291.237	275.657	262.737
00:29:00	28.339	26.828	27.641	68.716	79.833	75.56	167.236	170.362	168.192	291.462	276.527	273.14
00:30:00	28.194	25.887	25.895	67.179	78.366	75.216	170.606	170.853	170.868	289.703	280.163	266.881
00:31:00	27.261	26.188	27.306	66.783	78.318	75.927	170.944	169.073	166.595	289.552	283.12	268.373
00:32:00	27.816	26.022	26.558	68.073	77.26	72.804	166.551	168.207	170.578	292.416	279.875	269.746
00:33:00	27.439	26.268	27.636	66.029	78.84	71.662	168.715	168.655	170.498	290.285	279.272	265.597
00:34:00	27.757	25.703	26.389	64.815	77.077	72.189	167.983	168.372	170.186	288.873	278.477	269.629
00:35:00	27.171	26.38	25.295	64.718	76.664	71.426	171.131	167.416	166.149	288.375	281.071	271.718
00:36:00	26.639	24.62	25.798	65.056	75.253	71.072	168.071	171.104	169.111	288.149	274.255	268.974
00:37:00	24.892	24.457	26.372	64.367	75.313	68.769	167.645	171.194	167.227	290.702	276.467	269.494
00:38:00	26.329	24.256	25.421	63.577	73.953	71.858	170.9	169.658	168.791	296.923	279.689	269.635
00:39:00	27.314	26.319	25.679	61.733	71.912	70.273	167.666	171.343	170.983	292.697	280.167	271.378
00:40:00	26.374	24.32	24.711	62.639	73.756	67.974	171.334	173.31	170.261	295.777	284.007	273.253
00:41:00	26.212	23.197	25.014	63.376	70.339	67.32	169.668	171.672	165.816	295.547	283.203	269.838
00:42:00	26.328	24.906	24.796	62.061	72.687	68.887	166.064	172.696	169.639	292.661	280.79	271.609
00:43:00	25.233	23.741	25.642	63.118	72.166	69.525	169.902	170.43	170.944	296.112	280.667	273.679
00:44:00	27.298	23.908	23.901	61.172	72.198	67.921	171.067	172.098	170.841	292.653	283.317	270.471
00:45:00	25.146	23.727	24.594	58.737	71.013	66.917	169.383	171.68	167.65	293.789	282.892	274.053
00:46:00	25.88	23.553	25.351	61.403	70	69.956	169.942	173.718	169.603	290.38	281.964	269.447
00:47:00	25.456	23.779	24.548	60.284	70.614	66.606	170.446	172.264	170.14	295.452	285.987	273.068
00:48:00	25.11	23.963	25.247	58.719	68.899	67.049	171.02	170.082	169.417	293.356	279.843	272.749
00:49:00	25.721	23.561	25.25	59.224	70.055	66.995	173.541	174.63	175.361	295.27	283.118	275.576
00:50:00	25.631	23.833	25.005	61.516	69.327	67.237	172.514	174.645	171.066	300.382	286.103	275.886
00:51:00	25.858	22.528	22.958	59.621	69.272	67.506	172.857	174.316	174.043	298.159	283.266	276.684
00:52:00	25.523	24.016	24.181	58.922	71.26	65.947	170.67	174.323	172.161	300.387	286.33	274.27
00:53:00	24.293	24.128	25.065	60.916	70.256	65.161	171.283	172.113	172.052	293.682	284.811	276.312
00:54:00	23.848	23.89	24.493	58.914	68.754	65.639	170.326	170.373	169.164	297.56	280.627	276.504
00:55:00	25.914	23.39	24.489	59.894	67.795	65.931	170.831	176.493	171.828	297.655	285.765	279.365
00:56:00	23.985	23.123	23.406	61.526	70.654	67.082	173.004	173.922	173.913	297.972	284.427	276.057
00:57:00	25.365	22.399	23.567	58.403	69.858	66.149	173.431	173.513	171.33	300.957	287.277	278.349
00:58:00	25.429	23.199	24.096	59.731	68.506	65.57	176.045	175.964	170.905	297.233	288.556	274.556
00:59:00	26.019	22.856	23.464	60.189	71.061	66.085	173.522	173.924	174.018	303.215	287.152	275.45
01:00:00	23.812	23.254	24.344	60.949	67.586	65.776	172.785	172.152	176.718	298.568	288.991	277.832
01:01:00	25.344	21.767	24.499	60.063	70.127	66.073	174.269	174.311	173.444	302.338	286.825	279.45
01:02:00	24.131	23.882	24.115	61.68	68.862	65.434	172.405	174.499	173.26	299.903	285.911	279.903
01:03:00	25.07	22.332	24.503	59.115	70.205	65.431	172.8	176.613	173.121	302.727	290.21	279.399
01:04:00	24.561	23.208	25.113	59.045	70.096	66.306	173.175	177.441	174.398	300.961	290.38	276.685
01:05:00	24.131	22.409	23.554	60.666	71.408	63.634	174.727	177.185	177.673	301.235	292.346	281.087
01:06:00	24.868	22.974	24.283	60.094	69.88	64.468	174.08	178.033	172.408	303.633	289.668	275.825
01:07:00	25.038	22.305	23.717	61.568	68.525	65.367	176.329	172.917	173.286	299.893	288.885	281.285
01:08:00	24.807	23.871	24.299	61.06	70.234	65.381	175.927	178.948	175.41	306.037	295.361	279.896
01:09:00	23.851	22.646	23.655	60.785	68.688	65.321	174.638	176.955	177.912	303.269	293.617	282.983
01:10:00	24.29	22.307	23.283	59.169	70.183	66.088	177.242	178.279	175.054	303.74	288.344	282.456
01:11:00	23.864	22.719	24.388	60.805	69.934	65.215	178.793	183.077	177.086	306.231	292.436	280.577
01:12:00	24.238	22.466	23.445	60.852	69.414	66.125	177.42	178.42	178.905	303.132	290.63	283.888
01:13:00	23.503	22.629	23.475	61.449	69.041	65.945	177.16	180.617	178.39	305.481	292.444	279.712
01:14:00	24.321	22.092	22.815	59.548	70.428	66.856	179.144	181.357	176.445	304.733	291.368	283.023
01:15:00	24.856	23.075	24.123	59.074	71.21	67.966	175.774	178.246	178.601	311.212	292.044	284.138
01:16:00	24.782	22.235	23.273	61.309	71.429	67.832	178.3	180.879	177.176	307.868	294.047	287.513
01:17:00	25.341	22.675	23.76	60.872	70.086	65.887	179.951	178.18	177.51	308.3	292.893	278.391
01:18:00	23.964	22.914	24.379	60.894	72.565	65.812	178.685	180.323	178.891	309.749	293.981	284.342
01:19:00	23.608	23.713	24.005	60.675	70.203	65.269	177.516	178.99	176.729	309.874	294.755	283.519
01:20:00	24.93	22.724	23.472	60.286	69.603	65.671	179.289	179.399	178.097	308	294.897	286.896
01:21:00	25.011	21.922	24.126	61.649	69.624	67.311	179.516	182.324	181.077	308.906	297.957	285.458
01:22:00	24.232	22.265	23.314	60.591	70.372	65.887	178.273	180.917	180.586	308.562	300.395	286.205
01:23:00	23.987	23.412	24.084	61.19	68.149	66.582	178.672	180.438	181.123	310.587	297.219	285.294
01:24:00	25.892	23.037	23.888	59.306	70.414	66.127	182.026	181.285	181.238	309.287	291.414	289.105
01:25:00	23.002	22.148	24.191	59.592	69.587	66.651	180.155	182.707	180.87	307.545	294.44	285.676
01:26:00	24.646	23.256	24.445	60.929	68.05	66.78	179.21	180.999	180.953	307.789	293.222	287.1
01:27:00	23.797	23.191	23.03	60.561	70.366	65.826	180.583	183.099	178.295	307.881	297.867	284.823
01:28:00	23.486	22.358	24.791	60.652	70.178	69.568	179.656	183.175	180.658	309.347	293.586	287.325
01:29:00	24.92	23.086	24.88	58.915	68.938	66.35	185.053	180.795	178.23	314.529	299.311	288.995
01:30:00	24.489	22.139	23.245	59.603	70.578	64.02	182.769	185.1	181.63	308.515	298.447	288.72
01:31:00	24.855	21.938	23.363	60.817	67.986	66.649	182.484	185.569	183.733	313.025	297.246	288.131
01:32:00	24.659	23.248	24.183	58.702	69.521	66.246	182.314	181.389	181.678	314.658	298.35	289.335
01:33:00	24.435	22.781	23.403	60.364	70.239	67.467	182.276	182.809	183.204	314.194	300.255	290.926
01:34:00	24.778	21.396	23.13	58.439	68.824	66.619	182.468	185.351	184.348	313.563	298.7	285.757
01:35:00	23.219	21.399	23.577	59.75	69.435	67.485	182.853	185.887	186.485	315.642	299.77	292.628
01:36:00	23.997	21.969	25.167	59.069	70.246	65.731	182.085	184.722	182.173	318.354	299.737	289.832
01:37:00	23.873	22.46	23.186	60.274	69.486	66.445	183.951	184.79	185.896	316.372	303.227	288.467
01:38:00	23.647	21.872	23.311	58.911	69.584	66.451	183.969	186.255	183.945	313.152	298.779	292.514
01:39:00	24.736	22.376	22.699	59.618	68.694	65.385	184.108	187.639	185.729	312.473	298.311	294.452
01:40:00	24.992	22.983	22.649	62.875	69.729	65.904	184.139	188.941	184.212	313.598	302.215	297.819
01:41:00	24.36	22.624	24.025	59.652	70.291	65.665	185.436	188.923	186.085	314.756	301.353	292.871
01:42:00	23.005	23.044	23.576	59.904	70.525	67.128	183.501	187.663	184.905	315.555	299.63	291.16
01:43:00	24.039	22.405	24.006	61.157	70.127	65.45	185.115	186.068	185.652	313.655	301.205	296.606
01:44:00	23.811	21.982	23.475	61.403	70.236	65.949	183.945	189.65	187.195	318.701	304.481	294.688
01:45:00	23.99	22.591	23.014	60.265	68.198	65.594	186.664	185.081	183.904	315.272	300.623	294.721
01:46:00	24.189	22.712	22.153	60.345	69.114	65.634	188.806	186.329	186.004	316.644	302.329	291.239
01:47:00	24.639	23.353	23.773	59.374	69.339	63.164	188.524	186.067	186.217	319.487	307.048	294.088
01:48:00	24.021	21.522	23.048	59.953	68.821	65.133	186.825	186.086	186.205	320.029	301.824	294.588
01:49:00	24.725	21.886	23.489	57.932	71.378	65.095	185.949	186.627	182.719	322.802	304.287	293.174
01:50:00	23.415	21.572	23.825	60.16	69.876	64.728	185.744	188.552	186.322	321.89	304.511	292.86
01:51:00	23.754	22.198	23.494	62.797	70.774	67.427	189.587	190.185	186.27	319.453	306.57	292.486
01:52:00	24.31	23.479	23.09	61.395	69.057	65.963	187.823	189.871	190.733	319.091	305.864	295.857
01:53:00	24.029	21.997	23.86	59.555	70.445	65.201	188.598	189.136	185.962	320.326	304.466	288.807
01:54:00	23.734	23.494	24.005	61.236	71.259	67.186	189.204	188.941	188.447	322.622	305.744	291.686
01:55:00	23.884	22.056	24.154	61.321	70.06	67.523	184.852	192.84	187.242	322.987	302.974	295.252
01:56:00	23.9	23.061	22.626	60.998	71.492	65.766	190.343	190.439	184.294	320.421	305.241	293.363
01:57:00	25.393	22.082	23.446	59.522	70.7	66.164	188	191.183	188.013	323.382	306.308	298.252
01:58:00	24.672	23.151	24.161	59.651	69.974	65.635	187.888	188.202	187.538	319.479	306.521	294.692
01:59:00	24.117	23.662	24.465	58.063	70.526	69.347	191.769	193.429	187.467	321.397	306.763	297.048
02:00:00	23.924	22.704	23.706	61.068	71.127	66.321	189.434	193.409	187.994	324.353	308.03	299.307