Time	25_1	25_2	25_3	50_1	50_2	50_3	100_1	100_2	100_3	150_1	150_2	150_3
00:00:00	71.302	71.949	75.004	150.234	145.123	148.671	280.741	266.875	272.742	360.648	379.637	373.532
00:01:00	69.321	70.116	67.666	130.688	132.831	128.455	263.869	259.262	254.217	352.708	371.686	354.473
00:02:00	63.037	62.487	60.8	121.934	121.444	118.449	253.924	254.343	245.294	332.429	349.024	342.397
00:03:00	57.663	57.54	57.583	117.568	116.78	114.358	235.992	234.193	232.455	312.882	328.289	321.898
00:04:00	55.299	53.422	54.703	112.583	110.582	108.782	226.359	229.774	221.512	300.415	321.586	317.348
00:05:00	50.721	50.292	52.309	106.996	107.922	106.082	215.001	214.761	208.73	297.644	319.026	307.418
00:06:00	52.248	47.453	49.551	100.668	102.516	100.784	206.735	207.317	200.734	290.309	308.149	304.116
00:07:00	47.538	47.152	47.985	102.863	99.525	98.388	198.575	195.328	196.319	283.824	303.758	295.129
00:08:00	44.288	45.938	44.291	93.588	97.919	94.7	195.481	190.362	189.987	282.566	302.098	295.064
00:09:00	44.101	44.391	44.804	93.699	95.119	91.065	189.065	184.595	187.314	282.061	299.954	291.713
00:10:00	42.53	43.48	43.185	93.878	92.931	90.544	187.195	181.838	188.251	280.926	297.223	295.469
00:11:00	41.218	40.495	40.726	91.006	91.372	87.831	185.445	178.969	183.872	275.796	299.333	292.78
00:12:00	39.775	38.274	38.501	87.977	90.688	85.896	181.295	177.041	181.176	274.723	296.886	291.995
00:13:00	39.021	38.818	37.324	82.719	86.133	86.172	174.566	170.704	172.017	279.617	291.744	286.071
00:14:00	36.239	36.006	37.299	86.947	87.128	82.752	173.32	170.613	176.423	273.922	294.398	289.442
00:15:00	35.773	35.491	35.911	82.204	84.364	82.141	176.529	169.138	176.897	271.972	294.87	288.596
00:16:00	33.622	34.053	33.347	81.979	84.112	81.496	173.161	170.516	173.419	271.021	289.26	287.964
00:17:00	32.75	33.496	33.911	80.029	81.624	77.903	173.104	167.606	170.215	272.316	290.581	285.883
00:18:00	31.987	32.613	32.917	79.974	80.487	77.608	168.492	165.996	172.123	266.788	289.616	290.895
00:19:00	32.165	30.895	30.892	77.494	78.73	76.398	167.378	164.396	170.963	267.024	289.003	286.626
00:20:00	30.473	31.352	30.838	76.425	78.912	74.275	169.713	164.544	167.647	265.739	288.154	281.593
00:21:00	30.058	31.827	29.994	76.578	77.162	75.451	168.982	163.494	167.172	271.019	286.476	282.226
00:22:00	30.053	29.882	31.141	75.053	77.191	75.559	165.536	161.723	165.288	266.762	281.949	280.544
00:23:00	30.259	28.901	29.039	76.933	76.939	72.897	165.191	161.365	169.313	267.016	289.196	283.214
00:24:00	28.49	28.744	29.553	75.143	75.292	72.566	167.398	162.525	165.751	268.048	287.226	282.317
00:25:00	28.319	28.847	27.188	73.237	75.679	73.143	166.516	161.918	166.923	266.093	282.564	283.357
00:26:00	28.96	28.147	27.373	71.786	74.175	70.027	164.07	158.598	165.221	262.798	286.981	282.848
00:27:00	27.599	28.746	26.636	71.662	72.571	72.279	162.718	159.252	165.163	265.15	283.479	284.803
00:28:00	26.297	27.014	26.169	72.366	73.612	72.669	163.242	158.064	165.471	265.879	283.175	281.798
00:29:00	26.269	26.438	26.41	69.93	72.335	69.432	166.568	160.63	163.915	264.036	285.279	280.007
00:30:00	25.957	25.886	26.346	71.751	70.805	68.706	161.753	159.423	161.015	264.926	280.326	279.27
00:31:00	25.854	25.854	25.55	68.402	71.137	69.819	162.466	157.712	166.751	262.497	283.907	285.189
00:32:00	25.295	25.432	25.004	68.275	69.989	68.908	163.246	158.472	163.492	263.604	284.181	279.662
00:33:00	25.34	26.038	25.517	69.025	69.605	67.374	160.011	156.486	159.55	262.063	285.821	280.856
00:34:00	25.21	25.921	24.551	67.029	67.596	67.554	162.971	154.783	163.202	264.986	283.513	281.924
00:35:00	24.541	23.778	24.112	67.371	68.319	67.37	159.34	157.652	162.053	261.332	280.864	279.921
00:36:00	23.681	25.051	23.856	67.641	65.151	65.736	159.314	156.967	159.964	264.369	283.471	279.828
00:37:00	24.026	24.985	23.93	66.915	67.981	65.825	159.172	156.238	161.652	261.125	283.824	278.061
00:38:00	25.193	23.359	24.224	66.368	67.766	65.701	162.24	155.888	162.069	263.057	285.813	284.248
00:39:00	23.704	23.845	24.208	68.156	68.119	67.336	162.826	156.188	161.925	264.236	285.067	278.11
00:40:00	23.08	23.195	22.731	66.459	65.672	62.395	156.097	154.132	161.311	259.58	284.003	276.315
00:41:00	22.477	23.443	23.857	67.048	67.333	66.902	158.449	155.685	160.81	263.588	284.4	284.519
00:42:00	23.016	23.587	22.887	65.932	66.963	63.877	160.505	157.697	161.456	263.506	282.586	280.415
00:43:00	23.082	23.404	23.48	65.517	66.997	65.617	159.799	157.194	159.83	263.282	281.473	275.645
00:44:00	22.719	22.254	23.099	65.214	64.988	64.677	158.713	158.335	159.114	265.782	280.487	276.648
00:45:00	21.924	23.239	22.534	64.544	64.816	63.247	159.147	153.877	157.747	263.182	280.393	278.281
00:46:00	21.588	22.328	22.394	63.784	64.774	63.947	158.092	152.502	158.529	264.193	281.266	278.54
00:47:00	22.637	22.248	21.411	64.8	64.365	64.46	160.148	153.112	158.767	261.102	275.926	273.088
00:48:00	21.711	22.166	21.818	62.33	65.141	63.141	161.61	152.721	159.586	262.361	282.161	279.288
00:49:00	22.428	22.629	21.549	62.807	65.527	63.675	161.649	154.531	159.494	260.325	282.106	281.974
00:50:00	22.865	20.802	20.645	61.686	63.719	62.155	158.381	152.806	159.329	259.882	279.699	277.318
00:51:00	21.593	21.255	20.55	62.746	61.837	63.524	157.798	154.255	157.611	261.376	281.964	275.594
00:52:00	21.505	21.205	21.201	61.96	61.066	63.088	157.97	154.305	159.032	261.173	279.449	282.382
00:53:00	22.861	21.715	20.526	63.404	60.914	62.046	158.485	153.166	157.632	261.908	284.486	280.497
00:54:00	21.677	21.422	22.002	60.369	61.675	60.356	158.355	156.447	157.872	263.024	285.376	280.184
00:55:00	21.457	21.038	20.829	61.48	60.981	61.486	156.486	154.187	158.867	259.16	282.168	275.341
00:56:00	20.793	21.389	19.707	63.373	61.093	60.925	160.619	153.428	159.54	265.487	283.256	277.991
00:57:00	21.107	20.518	20.453	61.827	61.557	59.933	156.065	153.998	158.51	263.252	280.85	276.955
00:58:00	21.293	21.45	20.659	60.641	60.372	62.431	156.754	154.557	157.001	262.635	280.023	278.532
00:59:00	21.1	21.247	21.107	60.526	60.71	60.445	158.264	154.072	160.515	263.428	284.433	277.646
01:00:00	20.366	20.068	20.711	61.228	62.217	60.519	159.387	153.837	158.395	258.677	278.361	274.795
01:01:00	20.704	20.398	19.819	60.41	60.788	61.354	155.941	152.8	158.815	263.519	280.932	278.531
01:02:00	20.677	21.207	20.537	58.928	60.926	61.388	158.61	152.618	158.162	262.456	283.586	277.699
01:03:00	21.3	19.946	20.689	60.56	60.273	60.791	160.485	156.368	155.639	262.625	281.551	277.713
01:04:00	20.297	20.863	19.502	61.098	59.628	58.923	156.795	150.232	158.17	263.465	282.278	274.524
01:05:00	20.949	20.21	20.085	59.071	59.468	59.517	157.566	153.6	157.454	260.077	283.382	273.644
01:06:00	20.553	20.714	19.612	60.65	61.006	58.639	157.338	152.451	156.082	259.054	275.92	277.516
01:07:00	20.563	20.33	20.203	61.981	58.529	59.668	156.389	153.517	161.842	261.651	277.447	275.514
01:08:00	20.638	20.385	19.723	60.559	60.585	57.902	157.568	152.731	159.172	262.374	278.603	275.963
01:09:00	20.4	21.154	19.243	59.381	59.524	59.496	157.2	152.986	155.228	259.479	280.829	279.193
01:10:00	20.974	20.179	20.619	60.541	60.159	58.761	155.168	153.916	157.522	261.23	280.69	277.99
01:11:00	19.051	20.338	20.053	58.789	60.072	60.364	160.433	153.347	159.067	262.479	280.789	279.402
01:12:00	20.407	19.182	20.655	60.358	59.621	59.24	156.022	151.082	156.767	258.562	279.875	276.542
01:13:00	19.793	20.266	19.151	59.046	60.045	58.349	158.215	154.107	154.24	257.104	284.762	276.4
01:14:00	19.314	20.341	19.479	59.094	60.054	59.815	159.428	149.371	155.309	258.742	277.732	275.71
01:15:00	20.15	19.655	19.719	59.989	60.286	58.575	161.314	153.781	158.433	262.841	280.434	276.203
01:16:00	19.639	19.222	18.544	59.853	59.722	58.228	157.092	154.001	155.619	259.996	281.169	274.875
01:17:00	19.762	20.13	19.037	60.513	59.212	58.195	160.206	154.031	156.938	254.92	280.197	273.916
01:18:00	20.08	19.678	19.51	60.747	59.304	59.298	159.098	155.349	158.513	259.967	277.524	274.063
01:19:00	18.813	19.965	19.831	57.985	58.966	59.378	158.464	153.957	159.828	260.738	279.072	274.259
01:20:00	19.038	20.387	19.247	59.347	60.105	58.547	157.241	151.129	157.146	257.81	280.971	276.355
01:21:00	20.266	19.895	18.298	61.774	58.863	59.19	158.075	152.718	157.723	255.644	278.427	278.587
01:22:00	19.465	19.234	19.527	60.706	57.586	57.753	159.533	153.653	157.813	262.268	276.715	279.644
01:23:00	18.853	18.84	19.459	59.505	59.051	59.913	158.406	155.122	158.299	261.02	278.936	274.17
01:24:00	19.994	20.223	19.439	59.968	60.175	57.566	158.125	153.221	157.959	262.407	277.985	274.832
01:25:00	19.083	19.761	19.09	60.6	60.058	59.733	158.16	153.862	159.956	259.209	276.777	275.257
01:26:00	18.097	19.872	18.69	59.574	58.869	58.471	156.954	155.615	159.496	261.181	279.597	274.475
01:27:00	19.334	19.313	19.536	58.303	57.879	59.585	157.115	151.748	154.727	261.033	276.843	276.148
01:28:00	19.109	19.84	19.308	58.797	57.678	58.779	159.194	154.085	156.205	258.822	278.993	270.791
01:29:00	20.226	19.96	19.101	58.962	59.59	58.752	159.333	154.502	158.046	263.252	282.553	277.049
01:30:00	19.483	19.549	19.289	58.724	61.065	59.699	160.453	153.567	157.382	264	282.791	279.922
01:31:00	18.558	19.677	18.561	59.744	57.523	58.665	159.175	155.77	157.875	264.277	280.916	272.434
01:32:00	20.512	18.575	18.754	56.284	57.754	59.086	157.701	154.8	157.722	260.814	282.495	276.698
01:33:00	19.51	18.995	18.971	60.122	58.129	59.941	162.419	156.257	159.73	263.366	283.845	275.477
01:34:00	18.145	19.482	19.546	58.671	60.104	60.08	160.398	155.055	157.371	256.299	280.413	276.899
01:35:00	19.379	19.228	18.904	59.008	57.482	59.42	159.671	153.962	159.305	262.267	279.756	279.352
01:36:00	19.516	19.163	19.026	58.827	58.274	59.156	158.7	153.521	158.938	259.148	280.091	273.485
01:37:00	19.104	18.591	18.432	58.097	58.166	58.051	159.007	155.09	160.398	262.869	279.276	275.541
01:38:00	18.986	19.432	18.749	61.135	60.547	57.548	158.133	152.842	159.05	261.512	283.256	273.694
01:39:00	18.891	19.033	18.351	58.774	58.023	58.029	158.263	152.712	157.039	261.874	279.043	278.773
01:40:00	19.758	18.801	20.082	58.941	58.095	59.535	160.805	153.464	160.112	261.362	281.086	273.8
01:41:00	19.442	18.598	18.85	58.054	58.439	57.217	160.661	152.703	158.668	256.272	280.564	272.685
01:42:00	18.777	18.91	18.284	57.905	57.85	57.133	159.952	156.172	158.884	260.319	279.108	278.122
01:43:00	19.326	19.005	19.905	58.525	57.6	57.522	161.806	152.611	156.557	259.776	279.85	275.244
01:44:00	19.849	17.566	18.425	58.828	58.67	57.863	158.498	154.004	161.358	259.296	279.745	275.115
01:45:00	19.241	18.628	18.686	57.584	58.03	58.514	158.773	154.325	158.929	262.482	281.539	275.393
01:46:00	19.77	18.791	18.743	59.537	59.126	58.003	161.307	154.425	159.433	261.226	282.043	277.119
01:47:00	19.199	19.715	17.994	57.902	58.134	58.322	160.527	154.057	160.455	263.725	283.834	277.584
01:48:00	19.217	18.213	18.334	59.323	58.656	58.085	161.614	153.785	156.827	259.752	281.532	274.264
01:49:00	19.157	19.054	19.67	59.305	57.934	58.094	158.57	152	162.03	260.14	280.142	278.776
01:50:00	18.941	19.443	19.115	59.36	58.405	57.189	158.094	153.314	159.15	259.011	283.956	273.88
01:51:00	18.528	19.902	19.021	60.637	58.02	58.337	158.947	155.664	157.661	266.301	285.856	274.521
01:52:00	18.53	18.994	18.437	59.065	56.088	57.804	158.461	155.356	157.609	260.868	283.035	274.958
01:53:00	19.291	18.333	18.362	58.674	58.49	58.09	159.792	156.192	158.926	262.585	280.713	281.554
01:54:00	18.326	19.564	19.175	59.205	56.617	56.865	159.623	153.94	156.105	261.636	278.665	272.477
01:55:00	17.994	18.674	19.03	58.336	57.364	56.526	158.454	154.521	157.116	259.885	281.589	278.022
01:56:00	18.51	18.617	17.549	60.043	57.826	56.291	161.615	156.841	161.723	266.769	283.765	277.909
01:57:00	18.208	19.653	18.568	59.393	57.901	57.669	161.508	156.035	159.153	261.068	281.194	271.643
01:58:00	18.396	19.637	19.499	60.396	57.865	56.082	160.311	156.6	156.959	260.495	277.571	277.203
01:59:00	17.804	18.479	18.063	57.144	57.93	56.691	158.362	153.677	158.657	261.892	281.304	276.419
02:00:00	18.427	18.093	19.17	57.471	58.25	55.881	158.428	153.326	159.142	260.946	282.165	274.62