Time	25_1	25_2	25_3	50_1	50_2	50_3	100_1	100_2	100_3	150_1	150_2	150_3
00:00:00	69.309	69.896	82.807	126.206	139.824	129.623	257.459	262.31	261.913	365.447	368.81	374.065
00:01:00	68.653	64.23	81.98	122.106	127.33	126.114	242.487	232.529	245.893	354.59	356.758	357.268
00:02:00	62.558	61.248	70.159	109.659	115.231	115.196	231.727	221.849	233.519	336.762	335.275	333.53
00:03:00	59.286	55.841	65.089	107.46	109.347	108.374	220.128	214.569	220.149	320.676	318.924	325.655
00:04:00	56.688	53.971	58.969	100.162	106.403	104.42	214.936	204.88	214.288	313.633	311.483	317.005
00:05:00	54.008	51.308	55.978	95.201	101.462	100.615	202.951	192.551	201.949	306.631	303.99	312.699
00:06:00	51.032	46.69	54.967	95.006	97.842	94.464	194.527	186.571	193.947	302.067	303.437	307.308
00:07:00	47.795	44.609	48.12	89.071	96.371	92.001	186.54	178.353	187.207	292.849	295.216	301.207
00:08:00	45.771	42.93	46.915	87.432	93.826	89.56	180.147	172.694	183.73	296.493	293.501	299.811
00:09:00	43.319	41.677	44.416	84.227	88.594	85.703	175.163	170.365	175.674	294.978	293.635	298.372
00:10:00	40.819	40.005	42.524	84.002	87.218	84.915	172.455	166.419	174.617	291.418	289.766	297.873
00:11:00	39.982	39.28	41.63	79.8	86.647	83.269	170.136	164.022	168.101	291.406	290.862	291.115
00:12:00	37.298	37.12	39.709	81.246	82.327	82.889	165.703	160.088	167.675	293.793	286.035	294.266
00:13:00	36.375	36.457	37.668	77.042	80.943	81.102	161.913	157.975	163.637	287.937	280.019	290.609
00:14:00	35.722	33.958	37.044	75.857	80.62	79.175	162.85	157.218	163.418	285.664	283.99	289.011
00:15:00	33.927	34.295	36.332	73.555	78.921	77.4	158.254	155.405	160.931	283.997	284.328	288.7
00:16:00	33.388	32.197	35.327	73.357	77.673	77.651	157.015	150.171	159.973	285.226	281.635	285.979
00:17:00	31.273	31.062	33.946	71.359	77.541	75.492	151.469	154.242	158.644	280.788	281.225	286.917
00:18:00	30.985	30.838	30.589	69.978	75.206	75.221	156.013	149.545	156.203	281.728	278.376	284.504
00:19:00	30.783	30.012	30.027	69.571	75.64	73.826	152.321	148.216	158.427	278.692	276.733	280.791
00:20:00	29.252	29.109	28.205	68.466	73.086	72.085	154.37	147.893	154.426	280.519	280.563	287.527
00:21:00	27.99	26.776	30.572	67.636	71.024	70.402	152.131	149.039	153.995	281.034	281.408	286.151
00:22:00	27.442	26.394	30.028	68.359	71.029	70.633	151.433	147.702	153.232	277.749	273.574	287.176
00:23:00	25.949	26.863	27.268	66.229	71.209	70.448	150.736	144.689	154.185	281.784	280.386	286.289
00:24:00	27.343	26.135	27.161	64.311	69.718	67.815	150.168	147	154.656	278.972	273.597	286.091
00:25:00	26.738	26.013	26.726	63.296	68.236	67.471	151.15	144.876	151.059	280.906	275.702	282.442
00:26:00	25.391	25.511	26.081	63.154	67.984	70.071	144.928	145.411	150.09	279.17	275.967	283.276
00:27:00	25.661	24.589	24.664	63.057	69.58	66.602	148.531	144.912	152	277.29	275.634	283.416
00:28:00	25.018	24.697	25.295	62.481	70.071	67.047	148.483	144.402	147.494	272.815	275.725	282.771
00:29:00	22.374	24.498	25.159	61.292	65.451	66.594	146.765	142.36	149.576	277.46	277.111	282.901
00:30:00	23.721	23.058	25.682	59.734	65.353	64.826	146.054	141.721	149.052	274.164	274.538	281.22
00:31:00	24.807	23.848	24.727	60.586	65.823	64.065	147.7	143.184	150.944	283.225	275.644	283.411
00:32:00	23.577	24.3	23.447	59.262	66.549	63.037	145.35	142.483	151.658	278.019	273.792	282.962
00:33:00	22.633	23.112	23.145	60.8	63.924	62.382	145.894	139.387	148.844	280.147	275.139	284.031
00:34:00	21.345	22.643	22.302	57.267	61.705	61.849	142.441	140.038	145.141	277.049	270.364	282.575
00:35:00	22.085	22.795	22.318	57.613	62.348	60.789	144.256	145.297	143.334	274.42	274.24	281.368
00:36:00	22.512	22.582	22.912	57.396	62.401	63.213	141.799	141.639	145.939	276.227	275.736	279.899
00:37:00	21.627	21.907	22.461	58.639	60.508	61.247	146.72	140.05	148.158	278.333	273.196	280.626
00:38:00	21.015	22.235	21.491	56.377	60.871	60.698	145.282	142.261	149.319	275.158	277.44	281.508
00:39:00	21.419	22.429	21.086	58.47	59.757	59.963	145.922	142.526	151.042	277.742	275.389	281.319
00:40:00	20.719	21.765	21.574	56.145	60.033	61.686	142.359	138.372	147.222	270.238	269.284	277.577
00:41:00	22.239	20.143	22.266	57.75	59.603	59.68	143.256	138.498	146.929	276.991	272.267	278.668
00:42:00	21.741	21.486	21.477	55.701	59.557	59.799	143.994	139.272	146.65	274.163	273.153	278.133
00:43:00	20.495	20.185	21.115	56.925	56.916	59.724	144.339	137.56	145.194	273.382	273.603	278.149
00:44:00	20.192	20.504	22.023	55.114	56.408	58.253	143.382	139.247	144.095	273.955	273.654	277.717
00:45:00	20.083	20.84	20.658	55.159	57.319	58.791	141.909	139.861	144.97	273.98	273.258	280.043
00:46:00	19.847	19.098	20.624	54.572	54.795	58.589	141.601	138.5	144.035	272.838	272.793	279.703
00:47:00	20.727	19.476	20.542	54.804	56.302	58.792	143.243	138.877	144.687	273.643	270.672	273.804
00:48:00	19.76	19.818	19.416	53.916	57.864	59.08	143.345	138.169	146.125	274.404	268.736	279.635
00:49:00	18.629	20.887	19.986	54.26	56.381	55.887	140.71	139.108	146.481	275.299	272.834	277.241
00:50:00	20.292	19.263	19.993	54.636	57.107	58.403	139.61	139.454	142.931	273.991	274.039	279.158
00:51:00	18.911	20.493	21.288	53.054	54.093	56.946	139.801	138.886	143.868	269.351	269.988	275.145
00:52:00	20.402	20.809	19.576	52.68	54.338	59.396	143.777	136.794	143.296	272.681	273.739	276.561
00:53:00	18.081	20.006	19.033	51.255	50.978	55.816	143.244	140.699	143.44	270.711	274.334	277.827
00:54:00	18.48	18.726	20.039	51.517	53.919	55.701	138.53	135.776	143.907	273.269	273.219	277.884
00:55:00	19.561	19.108	19.58	51.21	52.633	54.4	141.799	138.359	140.745	273.1	268.903	275.415
00:56:00	19.065	18.336	19.67	51.257	53.954	55.277	138.605	138.698	143.23	271.248	269.951	273.6
00:57:00	18.348	19.662	20.057	51.637	54.236	54.354	137.015	136.952	145.59	271.096	271.539	274.95
00:58:00	19.144	18.145	19.618	51.784	51.604	55.792	141.113	135.025	141.908	272.349	265.618	277.617
00:59:00	18.684	19.146	19.145	51.03	52.43	55.488	141.236	136.959	143.268	270.253	272.245	278
01:00:00	18.963	19.498	18.091	50.743	51.666	54.985	138.809	136.077	141.832	268.642	266.069	275.839
01:01:00	18.515	19.424	18.992	50.795	49.768	54.542	140.445	136.897	143.592	270.299	273.07	275.597
01:02:00	17.673	18.5	18.026	49.659	51.763	54.65	142.379	137.237	141.118	272.242	271.035	276.704
01:03:00	19.098	17.678	18.771	51.234	51.918	53.616	141.745	135.023	143.025	270.828	273.49	274.531
01:04:00	18.097	19.621	18.841	50.216	51.136	54.722	139.488	134.338	140.642	273.491	267.749	272.68
01:05:00	18.464	18.342	17.86	50.64	51.049	52.225	140.316	137.72	141.592	267.572	264.567	272.209
01:06:00	17.871	18.441	17.8	48.932	49.479	53.417	139.106	133.917	142.815	266.661	268.398	272.279
01:07:00	17.732	18.196	19.229	51.306	51.104	52.62	140.587	133.837	143.259	269.856	271.172	275.533
01:08:00	16.971	17.678	17.943	50.459	52.483	52.968	137.202	135.703	141.452	273.997	270.278	276.278
01:09:00	18.256	18.751	18.163	50.684	50.804	53.936	138.581	134.981	141.999	269.932	273.754	274.27
01:10:00	18.289	17.837	18.937	49.49	50.833	54.164	138.943	136.408	144.105	269.031	270.215	278.109
01:11:00	18.341	17.818	18.395	50.294	52.522	54.063	138.156	137.483	144.57	268.004	271.013	275.164
01:12:00	17.785	17.492	17.654	49.322	50.589	52.478	140.263	136.459	139.831	270.85	269.172	277.675
01:13:00	17.991	17.883	17.504	51.105	50.754	53.343	139.582	134.503	142.825	271.764	269.683	274.611
01:14:00	17.88	17.493	18.37	49.121	50.621	52.988	139.624	137.147	139.342	266.775	269.452	275.794
01:15:00	16.875	17.746	17.772	48.581	49.066	52.382	139.18	135.268	141.662	274.801	268.186	277.37
01:16:00	17.982	17.731	18.211	48.879	48.843	52.611	138.907	134.808	140.506	271.877	267.23	274.14
01:17:00	17.391	16.912	17.428	48.718	50.1	51.98	137.873	134.464	142.45	268.809	267.219	274.863
01:18:00	17.16	16.938	17.627	48.239	50.835	52.896	137.863	135.933	140.985	272.515	268.959	279.98
01:19:00	17.32	17.14	16.89	48.26	50.791	52.578	137.21	134.031	142.014	274.457	264.663	274.503
01:20:00	17.195	16.847	17.6	48.062	51.321	53.001	137.089	134.524	140.72	264.903	268.248	280.34
01:21:00	16.464	17.028	18.852	47.414	49.482	50.852	140.96	133.864	139.715	271.436	269.69	276.236
01:22:00	17.808	17.331	17.799	48.516	49.481	51.026	137.145	134.78	142.803	273.062	269.31	274.436
01:23:00	16.451	16.923	17.633	48.289	48.844	51.194	137.787	133.428	139.877	268.594	265.952	274.009
01:24:00	17.336	17.01	17.1	48.353	50.123	51.942	138.162	134.891	140.209	266.86	269.499	273.093
01:25:00	17.19	17.615	17.893	46.485	51.178	51.533	139.791	135.753	140.293	270.161	268.951	269.659
01:26:00	16.919	16.711	18.08	49.4	51.011	51.068	139.173	133.644	143.008	274.172	265.969	272.038
01:27:00	17.183	16.676	17.33	48.312	49.86	51.173	139.255	133.855	140.01	267.516	271.024	272.742
01:28:00	16.793	17.943	16.415	47.541	48.521	51.767	137.266	135.608	141.723	270.396	265.95	268.977
01:29:00	16.493	16.504	17.258	48.072	49.669	52.729	142.66	133.474	140.224	272.2	268.449	274.48
01:30:00	16.724	17.296	17.405	47.358	50.759	51.459	137.68	133.865	140.138	271.055	268.01	276.421
01:31:00	17.393	16.272	17.016	47.731	51.014	51.785	140.118	134.758	138.955	269.698	269.389	271.137
01:32:00	17.216	17.246	17.293	48.36	48.701	51.517	136.546	134.745	140.533	269.08	269.567	275.098
01:33:00	17.478	16.503	16.812	46.257	48.867	50.554	139.458	134.877	142.169	273.784	274.22	274.604
01:34:00	17.673	16.768	17.094	48.684	48.942	51.51	136.87	133.264	138.869	269.152	268.813	276.904
01:35:00	17.594	17.579	16.975	47.376	50.16	50.193	138.463	137.205	139.373	271.103	265.045	273.148
01:36:00	17.07	16.708	17.579	47.005	48.858	51.237	136.348	133.277	140.034	267.724	268.972	272.664
01:37:00	16.992	16.359	18.003	48.506	48.467	51.343	137.818	136.421	140.758	269.22	264.169	272.295
01:38:00	16.839	15.927	17.335	46.764	49.348	51.091	137.331	135.993	139.885	269.061	266.849	272.734
01:39:00	17.084	16.798	15.938	47.918	47.95	51.596	138.801	132.935	139.465	267.499	267.8	275.199
01:40:00	16.398	16.425	16.647	46.716	47.928	49.931	138.364	136.388	139.255	269.067	263.864	271.716
01:41:00	17.102	16.646	16.705	47.559	48.105	51.189	139.725	134.655	142.027	269.547	270.985	270.291
01:42:00	17.319	16.616	16.978	48.021	47.65	51.476	138.749	135.791	140.948	267.426	269.776	273.726
01:43:00	16.244	16.842	17.387	45.645	48.511	52.141	136.393	133.391	137.913	271.181	268.897	273.688
01:44:00	17.173	17.028	17.579	45.7	48.093	50.216	136.641	133.973	139.397	269.868	266.108	268.954
01:45:00	16.417	16.298	16.211	45.253	48.513	50.331	138.446	134.257	139.476	270.587	268.027	273.346
01:46:00	16.956	16.271	16.488	46.651	49.787	49.905	138.497	134.69	139.898	270.991	268.451	272.191
01:47:00	17.315	16.886	16.402	47.924	47.646	48.63	139.662	135.044	141.079	270.514	267.604	272.424
01:48:00	15.807	16.459	17.315	46.139	48.959	49.347	135.997	134.856	139.251	269.617	266.83	274.667
01:49:00	16.569	16.335	15.785	45.747	49.314	49.039	136.926	134.183	140.454	266.806	272.639	273.121
01:50:00	16.935	16.154	17.684	47.42	47.817	49.661	137.332	133.481	142.533	267.793	268.09	273.174
01:51:00	16.751	16.244	16.103	45.876	48.577	51.13	139.271	136.143	139.383	269.513	271.286	272.704
01:52:00	16.813	16.419	17.259	45.835	47.583	50.38	138.942	135.904	139.846	268.158	266.115	267.303
01:53:00	17.079	16.545	16.699	47.29	47.054	49.289	136.166	135.562	139.456	272.075	271.732	276.071
01:54:00	16.372	16.303	16.303	45.832	48.209	49.313	136.875	135.385	136.718	263.202	266.756	273.328
01:55:00	16.709	16.394	17.057	46.876	47.76	48.357	136.055	133.912	139.314	265.395	266.792	270.198
01:56:00	17.309	17.071	16.564	46.183	46.611	49.14	137.301	134.021	141.526	269.393	270.03	273.168
01:57:00	15.68	17.039	17.202	45.507	47.316	49.583	138.042	134.513	140.308	268.572	267.925	271.189
01:58:00	16.728	16.782	17.132	46.852	48.289	49.375	138.612	134.253	140.848	270.812	265.18	271.509
01:59:00	15.714	15.625	16.286	46.791	47.016	49.062	135.043	133.132	138.433	270.285	265.65	272.767
02:00:00	17.222	15.977	16.657	46.203	46.013	49.493	137.214	130.856	139.372	266.702	266.406	269.599