Time	25_1	25_2	25_3	50_1	50_2	50_3	100_1	100_2	100_3	150_1	150_2	150_3
00:00:00	66.278	78.942	84.733	144.208	146.672	144.837	253.981	253.261	255.568	385.352	362.992	364.79
00:01:00	61.016	80.314	80.01	127.964	128.656	129.915	239.561	245.358	249.219	365.344	349.935	352.671
00:02:00	56.269	68.694	72.084	119.371	122.713	123.623	229.986	232.048	240.396	341.95	325.974	328.787
00:03:00	52.521	60.974	62.819	112.621	115.723	118.435	222.331	226.543	228.763	329.994	316.806	317.235
00:04:00	51.955	54.454	55.366	110.992	112.068	111.778	203.377	211.992	211.654	323.466	306.117	306.242
00:05:00	50.467	53.31	52.326	105.697	108.939	106.513	196.833	202.023	205.1	315.15	299.567	301.789
00:06:00	44.614	49.463	50.397	100.722	103.672	103.006	189.342	196.154	194.099	310.067	294.92	298.346
00:07:00	45.044	44.394	47.883	100.795	98.45	97.702	185.373	189.88	193.687	310.309	287.95	294.141
00:08:00	43.892	42.183	44.449	96.408	98.426	99.967	178.606	184.087	188.034	299.753	284.87	290.563
00:09:00	42.571	40.273	42.51	92.516	92.611	92.361	177.17	179.766	187.252	299.788	279.958	285.108
00:10:00	38.591	41.335	40.502	88.775	92.343	89.444	171.95	175.139	182.236	300.261	282.859	285.357
00:11:00	38.428	38.113	38.549	89.132	89.318	89.113	168.753	175.063	175.285	299.622	278.717	282.799
00:12:00	36.228	35.917	36.856	84.301	85.37	84.27	166.48	169.927	171.577	292.209	283.992	283.449
00:13:00	35.645	35.893	35.846	80.032	83.532	83.304	166.452	167.19	171.673	297.725	273.536	280.67
00:14:00	34.416	33.75	34.617	83.274	84.48	83.104	161.439	165.489	173.413	294.806	275.556	277.832
00:15:00	34.088	33.365	33.448	79.427	80.001	80.115	160.334	165.29	169.896	289.065	271.016	275.84
00:16:00	33.109	32.694	32.435	78.882	78.275	78.188	158.055	162.931	168.9	292.062	277.371	275.065
00:17:00	31.063	30.939	32.344	78.189	79.415	77.003	157.914	162.567	165.526	285.701	268.892	273.495
00:18:00	30.618	28.822	31.023	74.699	78.461	74.817	157.329	158.327	166.534	282.592	274.847	268.888
00:19:00	29.723	28.185	30.328	75.082	75.722	73.709	156.199	157.569	168.266	285.476	268.472	272.176
00:20:00	29.057	28.307	27.947	73.125	74.354	74.339	153.623	157.89	163.89	289.679	270.803	268.845
00:21:00	28.508	25.926	27.35	73.216	74.841	73.262	153.774	157.728	158.426	282.647	268.634	268.067
00:22:00	27.747	26.06	27.161	71.291	71.285	72.504	153.344	156.448	163.015	288.996	269.654	268.185
00:23:00	27.136	26.536	26.168	70.627	71.118	69.065	152.886	155.764	160.338	285.333	267.779	267.769
00:24:00	27.563	26.239	26.491	69.914	71.538	68.035	151.907	156.198	157.982	283.656	267.361	269.86
00:25:00	27.669	24.243	25.805	69.329	70.334	69.042	154.976	156.498	163.438	283.631	263.715	270.486
00:26:00	25.202	24.124	24.769	65.769	69.224	68.589	150.598	149.789	158.449	283.222	265.983	267.402
00:27:00	25.283	24.11	24.905	65.113	67.927	66.877	152.911	154.137	158.196	284.695	263.337	266.372
00:28:00	24.255	22.739	22.903	65.008	68.383	66.489	151.774	150.394	156.858	282.345	265.129	264.005
00:29:00	23.446	22.855	23.887	65.604	66.625	66.399	149.307	149.725	158.744	280.066	264.943	265.551
00:30:00	23.047	22.986	23.53	64.824	65.98	64.153	152.791	149.771	154.36	280.834	263.083	266.467
00:31:00	24.267	21.975	22.366	65.674	65.754	63.956	149.713	149.685	155.674	280.91	262.124	261.289
00:32:00	23.722	21.527	22.915	65.968	64.929	62.733	147.618	151.01	156.041	280.262	264.743	263.757
00:33:00	24.459	21.814	21.868	64.072	65.433	62.695	148.506	150.749	153.987	283.274	262.769	264.187
00:34:00	21.821	20.52	22.712	62.215	62.531	63.19	145.792	149.052	154.579	281.336	262.882	264.602
00:35:00	22.678	21.195	22.467	63.15	65.258	60.203	149.111	150.171	153.003	277.931	262.892	266.587
00:36:00	23.231	19.811	21.542	62.358	62.676	62.234	148.024	151.383	153.845	279.94	262.041	266.367
00:37:00	21.885	20.374	21.47	59.073	64.327	60.128	148.282	148.509	153.66	279.554	262.602	262.946
00:38:00	22.438	19.97	20.285	61.093	63.445	59.051	145.757	147.131	154.089	278.974	260.453	260.782
00:39:00	21.463	20.041	20.277	61.521	60.688	58.025	145.358	148.702	151.746	274.925	258.785	264.831
00:40:00	21.25	19.689	20.161	59.958	60.207	59.342	147.69	146.376	152.593	274.856	259.443	262.055
00:41:00	21.693	19.88	20.747	60.063	60.119	57.64	143.77	148.679	150.989	278.117	259.923	264.682
00:42:00	21.777	18.889	19.56	58.32	60.316	57.347	144.138	147.25	150.727	275.174	258.024	261.356
00:43:00	20.21	19.066	19.576	58.625	59.019	57.99	143.466	145.143	153.394	278.295	255.938	260.928
00:44:00	20.149	19.297	19.645	56.216	60.01	57.721	147.38	146.364	154.852	280.266	261.741	266.469
00:45:00	21.207	19.428	19.131	57.882	58.731	58.752	143.906	147.107	153.512	276.848	262.298	264.06
00:46:00	21.57	18.502	19.682	58.841	57.757	57.339	146.198	148.898	150.504	278.2	261.501	259.937
00:47:00	20.076	18.61	18.528	58.304	59.668	56.594	143.343	146.949	151.709	273.464	261.096	262.711
00:48:00	20.563	18.101	17.919	57.107	57.851	55.69	144.244	144.571	154.832	276.898	257.678	262.047
00:49:00	20.208	17.789	19.504	57.286	58.789	55.143	144.73	146.102	152.079	280.082	261.141	261.901
00:50:00	19.313	18.356	19.081	57.477	57.794	56.652	141.906	144.607	150.095	275.32	259.713	262.449
00:51:00	18.708	18.085	19.288	55.112	56.146	56.106	144.848	146.303	150.622	276.749	257.037	263.022
00:52:00	20.151	18.611	18.397	56.454	54.782	55.128	143.87	145.475	151.627	273.636	258.289	258.766
00:53:00	19.564	17.572	17.66	55.522	56.184	53.943	144.788	146.188	150.742	277.623	256.388	258.834
00:54:00	19.995	18.354	18.354	56.24	54.703	55.098	143.119	144.812	150.861	275.082	261.417	262.514
00:55:00	19.642	17.975	18.813	56.336	56.979	54.046	144.669	146.987	149.581	273.972	257.23	257.952
00:56:00	19.011	18.049	18.14	55.12	54.005	55.344	143.175	144.072	154.493	273.42	260.02	261.258
00:57:00	19.714	17.326	16.862	54.389	55.245	54.36	141.769	144.722	149.363	272.596	258.456	260.484
00:58:00	19.065	16.761	17.79	56.324	53.507	53.681	143.495	141.5	149.466	271.227	255.959	257.596
00:59:00	19.04	15.962	17.616	53.648	53.803	53.15	143.376	142.546	147.981	274.699	256.18	262.091
01:00:00	19.37	17.861	17.552	54.153	56.433	53.937	144.163	143.435	151.77	271.477	258.951	263.618
01:01:00	19.107	17.83	18.132	54.243	55.199	53.652	143.561	144.077	148.316	277.037	258.625	257.978
01:02:00	17.819	17.332	17.004	54.558	55.844	53.971	143.481	143.297	150.8	274.654	257.28	257.955
01:03:00	18.693	16.814	17.607	53.332	54.269	52.027	138.851	146.717	149.741	276.601	258.036	257.983
01:04:00	19.054	17.43	16.741	54.409	52.789	53.614	143.364	144.187	152.631	274.792	254.938	257.489
01:05:00	18.386	17.491	16.62	52.548	52.495	52.274	143.06	144.174	149.288	275.909	255.058	262.04
01:06:00	18.945	16.337	17.872	52.863	53.467	53.34	142.605	144.52	147.775	274.985	253.134	259.802
01:07:00	17.346	16.302	17.297	53.228	53.866	51.519	143.19	139.972	149.986	272.847	255.067	257.241
01:08:00	18.965	17.291	18.543	53.132	54.122	52.167	141.055	143.137	149.18	276.436	253.819	257.64
01:09:00	18.229	16.41	16.25	53.552	52.746	52.515	141.445	142.159	147.473	272.284	257.979	255.866
01:10:00	17.958	16.418	16.729	52.396	52.458	50.735	140.181	143.254	148.717	268.831	257.336	258.108
01:11:00	18.607	16.565	17.454	52.568	51.464	52.049	140.998	142.65	147.448	273.435	252.889	258.123
01:12:00	19.356	15.587	17.452	53.572	52.071	52.323	144.183	142.072	149.31	275.999	255.605	256.362
01:13:00	17.065	17.117	17.69	52.063	51.313	49.584	139.324	141.974	150.183	272.012	257.791	257.499
01:14:00	17.934	16.204	16.674	52.56	53.857	51.187	140.981	144.352	147.881	272.886	257.428	258.658
01:15:00	17.998	15.68	17.056	51.671	52.471	50.596	140.195	141.758	146.749	268.724	255.474	257.256
01:16:00	18.328	16.278	16.844	50.657	52.417	50.739	142.011	143.132	149.569	267.293	255.173	257.328
01:17:00	17.018	16.542	16.311	50.133	51.736	49.703	142.201	140.294	147.027	275.935	255.809	258.019
01:18:00	17.206	16.174	16.385	52.76	51.693	49.943	139.349	143.597	148.272	273.389	254.51	256.183
01:19:00	18.941	16.448	16.458	51.954	52.106	50.054	139.267	141.717	149.17	272.944	254.207	256.361
01:20:00	17.358	15.879	16.325	50.558	50.993	50.648	140.384	140.539	147.241	273.19	253.261	253.145
01:21:00	17.94	16.758	16.934	51.863	50.762	49.226	142.429	142.888	146.379	269.564	253.321	256.218
01:22:00	17.57	15.243	16.146	50.644	50.705	50.834	137.755	141.665	148.616	269.165	255.268	255.458
01:23:00	17.282	16.436	16.652	49.823	51.758	49.867	139.982	142.319	149.377	270.594	254.374	254.289
01:24:00	17.148	15.762	17.132	50.49	50.765	49.617	141.309	140.418	147.857	269.962	251.822	251.995
01:25:00	17.779	16.028	16.143	51.908	51.595	51.475	141.83	143.688	145.969	271.948	251.203	253.857
01:26:00	17.919	17.181	16.159	50.703	51.181	50.779	140.826	140.879	145.47	268.333	249.924	256.098
01:27:00	17.823	16.09	15.801	49.925	51.057	49.997	138.137	139.738	146.234	272.651	250.455	253.572
01:28:00	17.246	15.52	16.744	50.01	51.905	49.147	142.255	140.55	148.952	267.835	252.624	253.82
01:29:00	17.621	16.726	15.807	50.862	50.342	50.119	138.425	143.011	144.452	268.244	249.639	253.474
01:30:00	17.156	15.02	16.581	50.016	50.181	47.342	138.552	138.19	147.818	265.743	254.021	251.06
01:31:00	17.729	16.446	16.66	49.583	51.972	50.661	138.711	141.143	146.963	270.601	256.009	255.592
01:32:00	17.362	16.348	16.743	49.966	50.741	50.333	137.602	140.455	151.778	269.3	250.469	254.757
01:33:00	17.564	16.235	16.338	48.358	52.511	48.809	143.412	142.647	145.567	269.484	251.604	251.42
01:34:00	17.667	15.422	15.517	50.037	49.815	50	140.885	137.609	148.936	270.596	252.885	254.065
01:35:00	18.209	15.909	16.184	49.092	49.591	49.176	141.091	136.905	145.645	266.624	251.026	251.315
01:36:00	16.879	15.756	16.723	50.386	50.188	50.412	139.858	140.181	145.849	268.414	248.587	251.375
01:37:00	16.801	15.719	16.19	49.824	49.496	49.169	137.06	138.996	144.812	262.709	248.418	251.864
01:38:00	17.226	16.302	16.551	48.715	50.245	49.45	137.491	141.223	146.38	271.198	251.902	251.788
01:39:00	18.087	16.554	16.854	50.376	49.922	48.32	140.02	142.363	148.903	265.898	251.857	251.672
01:40:00	18.281	15.822	16.277	49.342	48.156	47.811	137.91	141.179	147.265	269.286	248.628	246.614
01:41:00	17.088	16.247	16.129	50.746	49.623	50.031	137.776	138.403	146.342	271.249	251.083	247.795
01:42:00	17.577	17.407	17.105	51.088	50.342	49.333	136.127	139.982	145.812	267.569	250.139	248.563
01:43:00	17.545	16.939	17.027	50.253	50.249	49.594	139.649	141.735	146.338	268.981	252.931	251.284
01:44:00	17.25	16.13	16.625	49.148	49.235	48.014	137.9	140.042	147.608	269.418	248.87	249.991
01:45:00	17.867	16.748	16.493	50.506	51.545	47.407	137.535	140.247	147.138	269.288	248.429	249.442
01:46:00	17.626	15.975	16.282	49.129	49.911	48.15	139.241	142.554	143.427	268.697	252.367	249.798
01:47:00	17.461	16.444	16.111	48.899	50.459	49.256	139.447	140.085	144.479	263.615	248.806	250.426
01:48:00	16.652	16.123	16.345	47.426	50.048	48.37	137.225	140.881	144.193	266.217	248.598	248.536
01:49:00	17.38	15.768	16.457	48.979	49.01	47.022	136.364	138.724	144.211	265.151	248.878	248.365
01:50:00	17.316	16.208	17.005	49.219	48.274	48.301	138.913	138.358	147.483	263.702	246.826	248.748
01:51:00	17.53	15.379	16.393	49.56	49.332	47.604	138.242	140.398	146.054	267.267	252.822	245.871
01:52:00	16.997	16.553	15.926	49.452	49.643	48.362	139.497	138.62	143.716	266.926	249.155	245.448
01:53:00	16.609	15.934	16.243	50.919	49.992	48.929	137.802	138.748	143.274	265.918	249.686	247.443
01:54:00	17.165	15.999	16.924	49.113	48.529	47.841	137.224	138.9	144.498	262.782	246.932	245.796
01:55:00	16.977	15.803	16.514	48.075	47.817	47.275	136.888	140.51	145.35	267.218	249.683	246.413
01:56:00	18.252	15.481	16.33	49.759	49.479	48.204	136.85	134.894	144.041	268.094	245.439	243.517
01:57:00	17.299	16.097	15.415	48.666	49.806	46.764	138.072	137.569	147.309	265.762	248.27	246.879
01:58:00	17.767	15.656	16.579	48.529	49.388	47.294	135.347	139.391	143.462	266.049	245.021	243.237
01:59:00	17.368	15.724	15.966	48.163	47.074	48.148	136.048	139.006	145.834	264.595	246.071	244.092
02:00:00	17.947	15.909	15.692	48.867	46.962	47.928	138.06	140.747	143.334	264.989	243.757	244.24