Time	25_1	25_2	25_3	50_1	50_2	50_3	100_1	100_2	100_3	150_1	150_2	150_3
00:00:00	66.964	69.907	75.196	148.266	142.494	154.087	266.474	266.585	259.803	370.777	371.219	359.49
00:01:00	65.93	65.925	66.927	131.412	130.811	133.17	259.966	249.318	244.775	352.867	346.262	348.957
00:02:00	61.278	61.914	61.811	128.742	126.844	120.037	246.559	241.906	238.453	346.529	338.545	338.462
00:03:00	59.669	59.092	58.536	124.518	116.458	113.164	238.571	234.299	224.847	332.575	319.607	321.29
00:04:00	54.817	56.214	54.969	118.204	113.678	105.645	228.038	224.722	218.572	327.856	320.037	318.543
00:05:00	53.871	52.317	51.714	111.567	110.206	102.636	218.475	218.748	212.177	321.836	312.372	315.103
00:06:00	48.261	50.308	50.08	104.752	104.64	100.84	212.389	211.897	203.765	319.5	309.756	316.447
00:07:00	48.896	49.309	49.768	103.674	101.217	98.185	207.378	205.385	201.661	317.317	307.449	317.207
00:08:00	46.662	47.001	48.008	102.897	97.985	96.723	202.447	198.988	194.102	314.842	305.837	307.971
00:09:00	43.366	45.604	45.821	98.556	98.137	93.658	200.256	199.434	194.046	316.602	312.783	309.9
00:10:00	43.247	45.402	42.773	99.708	95.099	91.897	195.496	194.975	190.607	317.603	306.01	310.253
00:11:00	41.569	43.254	41.898	96.183	95.069	88.117	196.916	198.045	188.055	318.467	310.227	316.432
00:12:00	40.643	42.655	42.182	97.207	94.615	90.386	195.304	189.931	184.227	320.331	311.996	314.212
00:13:00	39.971	41.578	40.644	94.245	92.364	87.55	190.759	192.508	182.659	320.169	309.757	314.095
00:14:00	39.792	39.399	41.273	92.328	91.773	87.266	188.505	192.679	179.666	318.89	308.131	314.208
00:15:00	38.25	39.396	38.858	93.98	88.363	86.813	193.939	194.902	187.658	320.311	314.272	316.103
00:16:00	38.757	39.308	39.237	91.552	89.146	87.478	188.549	194.208	182.143	322.018	308.728	314.335
00:17:00	35.915	38.731	38.911	90.806	91.562	84.993	189.377	191.853	182.697	323.235	310.129	315.486
00:18:00	36.042	37.655	36.731	90.783	88.692	83.438	189.053	191.256	182.329	326.473	314.516	313.147
00:19:00	35.308	38.069	37.415	91.582	87.671	84.72	194.988	193.251	184.255	324.36	313.429	318.243
00:20:00	36.59	36.739	38.295	91.118	88.856	84.527	194.016	194.805	183.868	326.035	315.696	320.673
00:21:00	35.055	35.713	35.297	90.669	87.521	82.628	193.225	198.267	185.94	329.372	325.436	327.282
00:22:00	35.174	36.628	37.191	90.069	89.199	82.711	194.556	196.646	183.861	325	318.338	327.003
00:23:00	33.27	36.698	35.804	91.236	86.83	84.551	196.364	195.969	185.419	328.299	323.51	323.958
00:24:00	33.68	33.858	35.389	89.101	88.31	83.044	196.397	196.521	184.695	328.307	321.301	323.954
00:25:00	33.843	35.638	36.14	88.492	87.469	81.306	194.032	193.002	184.014	333.059	318.945	325.862
00:26:00	35.258	34.246	35.784	89.515	87.779	82.198	199.228	196.144	187.149	336.159	327.472	328.534
00:27:00	32.972	34.25	34.743	88.635	86.849	81.984	196.503	196.333	185.352	337.066	325.379	322.683
00:28:00	33.429	33.701	34.873	92.676	86.254	83.874	196.172	198.983	186.346	335.905	324.347	328.827
00:29:00	32.608	35.099	34.261	87.942	87.825	83.036	197.655	197.697	187.588	338.854	329.039	332.19
00:30:00	32.799	33.738	35.232	89.953	87.675	83.935	200.183	201.958	191.531	338.006	331.781	332.834
00:31:00	33.387	33.246	32.615	89.331	85.752	83.068	198.806	204.745	193.242	336.238	333.885	334.785
00:32:00	32.805	33.743	33.611	87.358	86.895	83.86	200.306	201.832	190.25	338.848	333.694	333.728
00:33:00	32.283	34.821	34.527	89.431	87.526	86.175	201.648	201.523	192.488	343.612	337.214	336.821
00:34:00	32.671	32.962	34.4	88.194	85.038	81.461	201.862	202.054	191.154	338.271	329.826	338.734
00:35:00	33.639	33.59	34.192	87.843	86.619	82.812	203.46	203.409	190.988	341.176	333.745	334.44
00:36:00	32.289	34.927	33.689	88.842	83.684	83.609	203.203	204.745	191.398	343.298	331.832	340.948
00:37:00	31.212	32.358	34.724	88.359	85.998	83.761	201.448	204.439	190.068	346.713	332.742	340.257
00:38:00	32.181	34.593	34.336	88.707	86.745	82.94	207.417	207.443	193.689	350.115	339.958	343.02
00:39:00	31.355	33.764	35.323	88.5	86.157	84.701	202.764	207.476	193.978	347.003	335.953	342.273
00:40:00	32.329	33.109	33.705	87.953	88.882	83.47	207.795	209.056	193.942	353.304	342.175	350.068
00:41:00	31.823	33.112	34.548	89.927	87.71	81.023	204.032	208.51	195.968	354.261	341.014	345.77
00:42:00	31.7	33.959	33.158	89.056	87.095	82.864	209.212	210.082	195.674	350.304	340.068	346.072
00:43:00	31.583	32.463	33.174	89.59	85.902	83.042	208.785	210.489	197.214	355.48	340.307	347.469
00:44:00	32.258	33.21	32.401	87.495	87.744	82.358	211.245	209.744	197.725	357.445	343.897	348.437
00:45:00	31.568	32.971	33.673	88.902	87.605	83.382	208.648	211.434	196.555	355.091	345.876	350.456
00:46:00	32.26	33.522	32.835	86.069	87.026	83.874	208.254	213.037	198.868	355.308	347.608	353.501
00:47:00	30.101	32.828	34.639	90.498	84.744	86.009	210.032	216.344	200.465	357.163	351.627	357.048
00:48:00	32.262	31.341	32.731	89.819	85.252	80.835	212.627	211.315	199.513	358.634	350.832	351.985
00:49:00	32.036	33.501	33.659	90.103	85.525	85.142	214.192	215.804	205.768	362.688	353.864	359.077
00:50:00	30.822	32.251	34.59	90.849	88.95	84.092	214.349	216.295	203.841	365.774	359.621	356.626
00:51:00	31.112	33.026	34.09	91.449	86.421	84.456	213.216	215.752	205.462	365.211	355.363	362.225
00:52:00	31.211	33.327	35.177	90.686	87.117	84	214.384	213.738	199.93	358.657	356.012	353.788
00:53:00	30.843	33.135	33.429	88.867	87.764	84.048	213.185	215.552	200.303	362.262	353.588	362.38
00:54:00	31.964	33.12	32.476	89.422	87.514	84.389	218.073	217.119	205.58	365.311	350.073	353.764
00:55:00	31.157	31.988	33.514	92.586	88.139	83.116	216.238	217.375	206.987	366.292	356.609	364.533
00:56:00	31.146	31.901	33.33	93.855	88.696	84.733	222.047	220.031	208.549	368.732	357.391	365.806
00:57:00	33.012	33.304	33.492	91.245	89.494	84.146	218.32	221.655	208.308	368.717	356.852	365.454
00:58:00	31.857	31.794	33.153	91.253	87.937	86.385	219.923	222.598	209.632	370.297	358.47	363.508
00:59:00	31.369	32.533	33.187	91.931	88.633	84.803	220.391	224.368	207.925	372.593	361.779	368.006
01:00:00	32.095	32.863	34.817	92.76	88.607	84.514	219.558	223.735	209.241	372.229	357.76	363.319
01:01:00	31.787	32.331	32.38	93.121	89.709	84.627	222.916	222.723	211.343	368.931	365.962	364.434
01:02:00	30.778	33.107	31.721	93.643	89.112	84.743	223.689	222.277	209.742	374.34	367.007	371.405
01:03:00	32.314	32.84	33.555	90.983	89.823	84.263	226.398	224.208	212.844	374.748	365.446	371.858
01:04:00	32.214	33.191	33.608	92.525	89.811	85.247	222.514	226.386	213.655	378.128	366.228	367.558
01:05:00	31.155	32.76	33.16	94.513	91.611	87.331	224.751	228.173	212.338	380.318	366.352	372.134
01:06:00	30.93	33.504	33.703	92.824	91.139	85.505	223.277	224.413	214.865	379.324	372.33	372.221
01:07:00	31.278	33.24	33.087	91.569	90.408	83.972	223.026	230.604	212.604	381.632	366.063	373.211
01:08:00	32.164	32.42	34.061	93.847	92.122	86.325	227.247	227.264	216.202	384.09	373.638	376.282
01:09:00	32.065	33.996	34.029	92.279	90.533	86.915	228.258	229.761	216.792	382.81	373.694	377.273
01:10:00	30.258	34.34	34.11	94.796	89.017	87.648	229.812	229.01	216.303	383.43	369.496	380.189
01:11:00	32.031	32.396	33.855	93.278	91.775	87.632	230.806	231.087	213.345	384.827	371.657	377.09
01:12:00	32.966	33.991	32.993	93.293	92.089	86.183	234.062	232.492	218.779	382.327	375.46	377.591
01:13:00	31.718	34.295	33.056	93.345	91.7	86.346	229.309	229.515	213.779	386.838	375.544	377.795
01:14:00	33.523	31.935	33.878	94.648	91.046	87.056	231.212	229.636	214.824	383.996	377.99	380.894
01:15:00	30.694	33.637	34.105	95.053	93.676	86.675	232.127	235.268	218.878	391.863	382.53	380.853
01:16:00	32.851	33.244	34.034	96.006	91.207	87.122	229.902	232.756	221.222	389.824	382.591	384.882
01:17:00	31.853	33.551	33.722	94.26	90.636	87.201	234.525	232.032	219.728	392.293	385.136	381.764
01:18:00	30.659	33.358	33.684	94.78	93.2	90.935	235.852	234.099	219.7	398.339	383.523	392.551
01:19:00	32.496	33.843	33.976	95.4	92.59	87.887	234.101	235.204	218.861	391.723	383.947	384.495
01:20:00	32.722	33.655	34.462	96.413	93.219	87.748	231.382	231.957	223.684	392.408	382.539	378.063
01:21:00	31.339	33.528	34.62	96.734	93.323	89.298	232.619	236.776	217.851	395.588	383.347	389.25
01:22:00	32.359	32.992	32.952	94.654	92.388	87.552	238.602	236.764	223.37	395.742	388.165	388.798
01:23:00	31.819	32.026	33.918	94.01	93.564	85.358	238.441	236.817	224.609	398.515	387.904	390.42
01:24:00	32.464	32.852	35.691	97.607	92.8	88.103	241.856	237.844	221.602	400.097	385.636	395.763
01:25:00	30.761	34.491	34.012	96.035	92.086	88.073	236.879	239.899	224.762	400.046	390.515	390.344
01:26:00	31.782	33.971	33.721	95.278	90.516	87.003	236.007	240.297	222.721	392.061	386.276	391.839
01:27:00	30.813	33.912	33.665	97.338	91.478	88.639	238.19	239.422	226.639	395.544	391.742	390.803
01:28:00	32.631	33.827	34.132	96.636	94.692	88.348	236.531	241.504	225.41	399.227	391.062	391.955
01:29:00	31.37	34.16	33.013	97.892	93.563	90.509	237.599	241.867	228.288	404.287	395.517	393.701
01:30:00	32.271	32.863	34.007	95.25	94.751	87.825	241.149	242.384	226.308	400.385	395.021	396.987
01:31:00	31.128	33.561	34.598	95.116	92.101	90.202	238.165	240.977	226.066	404.22	395.121	395.279
01:32:00	33.054	35.469	33.631	95.701	92.962	87.667	234.6	244.397	230.875	407.786	394.734	396.788
01:33:00	32.447	32.851	33.101	95.215	93.624	89.433	241.399	241.175	229.011	410.478	396.866	394.214
01:34:00	33.234	32.584	33.656	95.31	94.184	89.85	240.489	244.913	227.872	404.666	395.812	395.235
01:35:00	32.244	33.082	34.31	96.748	91.752	90.86	244.552	246.721	230.112	407.146	399.913	401.791
01:36:00	31.546	33.564	34.413	96.278	92.723	89.226	244.067	243.499	229.679	409.082	396.316	399.707
01:37:00	32.344	33.241	35.369	95.356	94.792	89.285	241.599	249.613	231.746	408.901	396.58	405.566
01:38:00	32.282	33.641	34.304	97.552	94.719	87.627	243.304	247.936	231.851	405.393	395.594	398.994
01:39:00	32.203	33.044	33.679	96.161	91.289	88.954	242.551	246.254	235.597	410.168	402.615	402.627
01:40:00	31.025	33.215	34.257	98.015	94.7	88.284	249.832	248.363	232.267	411.423	402.099	404.065
01:41:00	32.306	33.898	34.441	95.41	93.531	87.655	249.003	246.739	232.017	418.302	406.425	405.473
01:42:00	31.897	32.612	33.442	95.859	91.962	89.677	244.031	245.998	232.761	407.675	399.79	403.661
01:43:00	31.529	34.267	33.864	96.383	92.296	89.742	250.955	250.813	228.474	414.007	405.692	406.602
01:44:00	31.86	34.029	33.801	97.591	93.853	87.908	248.534	249.016	232.564	419.197	405.473	408.031
01:45:00	32.427	32.316	34.297	95.214	96.072	88.631	248.305	246.2	230.696	412.77	408.702	408.942
01:46:00	33.324	32.268	33.715	95.951	93.549	88.626	245.648	251.526	235.647	412.318	407.722	408.82
01:47:00	32.158	34.173	34.7	97.162	93.545	89.555	249.908	250.432	232.808	412.681	403.761	411.715
01:48:00	32.464	34.058	33.663	97.458	93.518	90.64	252.336	252.071	235.499	418.973	405.949	405.332
01:49:00	31.589	34.308	33.409	95.263	94.664	88.358	245.556	251.639	235.261	416.771	410.109	410.188
01:50:00	31.739	33.247	34.222	97.833	94.479	89.638	253.444	249.783	235.442	415.252	410.514	406.878
01:51:00	31.807	33.289	34.879	96.83	93.514	88.478	255.065	250.062	240.553	419.9	408.951	409.604
01:52:00	31.467	33.111	35.038	94.002	97.043	89.961	252.123	250.773	243.378	425.864	410.328	413.051
01:53:00	30.673	34.324	34.552	97.27	94.469	89.491	250.445	255.557	240.931	418.128	414.479	411.131
01:54:00	32.747	32.525	32.774	94.905	95.454	90.478	250.818	256.391	241.195	423.493	412.203	409.777
01:55:00	32.717	33.19	33.631	98.873	96.357	90.648	256.241	258.621	240.577	422.294	408.673	418.454
01:56:00	31.868	32.912	33.305	97.487	95.404	89.096	252.706	255.663	239.778	419.79	408.302	410.245
01:57:00	32.734	33.991	34.62	99.261	95.932	89.209	254.37	256.297	240.908	424.521	420.215	416.592
01:58:00	32.561	33.615	33.498	97.258	93.392	89.871	255.185	257.5	238.828	429.92	419.068	417.312
01:59:00	31.14	33.084	34.024	99.505	96.599	91.298	254.438	259.194	240.6	429.439	417.233	412.75
02:00:00	31.751	32.475	33.256	98.684	95.94	93.082	257.436	258.833	241.617	429.197	418.342	418.543