Time	25_1	25_2	25_3	50_1	50_2	50_3	100_1	100_2	100_3	150_1	150_2	150_3
00:00:00	83.671	79.432	72.01	137.513	135.617	132.674	262.506	257.38	263.273	370.112	376.972	386.538
00:01:00	76.05	68.677	64.209	129.468	128.061	123.306	251.366	248.694	257.029	360.623	358.153	369.561
00:02:00	67.546	60.961	59.113	118.451	116.549	114.755	234.83	236.847	244.884	337.985	337.167	349.918
00:03:00	62.444	56.285	55.533	112.239	112.84	111.518	223.222	228.632	234.007	322.115	328.171	328.575
00:04:00	57.262	54.235	52.283	109.725	107.47	104.538	219.427	219.095	223.822	312.552	316.199	317.532
00:05:00	54.033	51.145	50.619	104.974	103.47	102.317	210.689	209.837	211.69	302.704	310.133	312.821
00:06:00	51.418	47.639	48.206	100.514	98.012	100.519	199.705	201.128	205.358	301.254	309.3	306.434
00:07:00	48.556	46.995	45.865	97.356	95.151	96.437	191.099	193.792	194.487	295.911	303.14	305.526
00:08:00	45.72	45.613	44.197	95.519	92.077	91.941	185.145	187.57	192.091	291.865	298.043	297.416
00:09:00	45.056	44.218	43.156	93.932	90.525	92.64	176.286	182.085	187.948	288.524	295.018	297.779
00:10:00	44.494	39.793	41.485	90.245	85.935	89.173	176.046	179.437	184.156	288.059	294.829	297.493
00:11:00	41.301	38.907	41.423	87.38	86.805	86.996	169.365	177.217	179.529	284.32	290.848	292.978
00:12:00	40.709	39.456	38.96	85.452	86.034	86.154	164.5	174.318	177.606	283.995	289.413	292.797
00:13:00	37.215	36.7	36.985	83.286	83.969	84.022	163.107	167.966	173.343	281.542	290.736	289.265
00:14:00	36.518	34.938	36.385	82.433	80.388	82.313	162.198	169.03	174.472	284.37	289.027	286.778
00:15:00	35.683	34.557	35.785	82.155	78.858	81.034	159.96	165.796	172.578	277.544	290.562	282.983
00:16:00	33.909	32.742	35.558	80.386	78.74	78.196	160.137	164.483	169.41	278.027	291.683	289.682
00:17:00	33.371	31.51	34.136	79.8	77.1	76.558	156.478	162.738	168.786	274.509	280.45	283.689
00:18:00	31.739	32.522	32.719	76.974	74.908	77.079	154.094	161.718	166.391	275.702	281.467	282.894
00:19:00	30.7	31.17	32.346	76.397	76.414	74.878	155.564	161.508	164.708	281.33	278.843	282.086
00:20:00	29.245	30.821	31.645	74.868	74.579	76.733	152.255	157.58	165.89	269.438	283.129	283.44
00:21:00	30.148	30.537	32.12	75.063	72.672	73.364	151.196	156.847	165.218	271.175	282.18	282.674
00:22:00	28.52	28.789	30.584	75.883	73.835	72.039	153.128	158.08	162.932	271.553	281.979	280.156
00:23:00	28.378	28.271	30.579	71.598	72.359	71.081	152.736	155.712	161.693	273.085	280.157	278.122
00:24:00	28.95	27.68	29.021	72.78	71.26	71.453	152.55	155.303	165.877	275.455	279.647	283.613
00:25:00	27.621	27.407	29.056	73.09	68.518	73.246	149.551	156.119	160.612	272.925	279.689	278.561
00:26:00	27.641	27.073	26.849	70.468	70.514	71.244	148.742	152.877	158.681	269.135	276.004	281.809
00:27:00	26.799	24.904	28.251	71.324	69.427	70.039	149.278	153.695	160.886	269.664	278.791	275.682
00:28:00	25.282	25.431	29.355	69.071	69.206	68.592	148.843	152.541	162.226	270.333	278.072	279.796
00:29:00	25.361	25.354	27.56	68.355	66.13	67.234	150.019	154.214	155.74	270.156	280.299	279.121
00:30:00	25.135	25.147	26.288	67.297	66.632	66.864	145.82	152.907	157.727	269.682	277.685	277.963
00:31:00	24.667	24.575	27.293	68.623	66.801	68.401	144.434	154.546	161.67	271.478	276.523	277.922
00:32:00	24.29	24.189	25.465	68.875	66.915	67.854	145.746	152.875	159.693	271.154	277.949	280.444
00:33:00	23.306	22.004	26.402	65.729	66.049	66.096	144.251	150.196	155.848	269.393	278.191	275.365
00:34:00	23.3	23.199	25.438	66.738	65.781	64.529	144.958	150.134	155.368	268.089	272.915	278.588
00:35:00	22.021	23.56	25.248	67.614	64.532	63.284	145.205	150.589	158.183	266.544	275.052	276.572
00:36:00	23.024	23.907	25.879	63.633	65.495	65.849	146.03	149.203	156.294	268.75	278.456	277.592
00:37:00	22.947	22.817	24.987	66.791	62.955	62.047	143.596	150.806	155.325	270.539	277.432	275.153
00:38:00	22.055	22.626	25.019	64.267	64.075	65.083	142.261	152.062	158.791	268.717	279.218	276.795
00:39:00	22.196	21.467	23.56	65.539	64.408	63.427	149.57	152.05	157.289	272.027	281.087	280.085
00:40:00	21.539	21.586	23.984	63.402	62.931	61.035	143.912	150.148	153.625	263.723	273.962	275.15
00:41:00	22.415	21.847	23.469	62.419	61.692	61.938	142.313	149.454	154.436	268.571	280.569	278.639
00:42:00	21.698	20.632	23.741	63.722	63.126	61.23	143.758	147.92	153.355	269.398	275.603	279.844
00:43:00	21.355	21.974	23.658	62.135	62.538	60.711	143.66	151.493	156.878	268.778	273.094	273.286
00:44:00	21.298	21.038	23.742	61.342	61.014	61.989	144.032	147.096	154.738	269.036	275.806	276.204
00:45:00	20.205	20.398	22.361	61.401	60.932	59.31	140.766	148.587	154.345	264.967	271.256	276.377
00:46:00	20.24	21.442	23.256	61.513	59.717	58.335	141.655	148.823	156.762	268.867	277.057	271.077
00:47:00	20.39	20.364	22.891	61.184	60.787	58.117	143.604	150.199	154.211	266.106	272.609	273.647
00:48:00	20.83	20.769	21.473	61.098	61.276	59.347	141.234	147.78	153.294	265.013	269.918	269.972
00:49:00	19.16	19.522	22.066	61.201	60.779	60.143	141.876	144.863	152.621	265.289	272.401	277.861
00:50:00	20.565	20.622	21.612	60.236	60.993	58.781	138.844	148.45	152.966	265.446	277.2	275.207
00:51:00	20.889	19.807	20.686	60.519	59.573	58.061	143.11	149.227	153.133	264.902	277.687	273.979
00:52:00	20.436	20.184	21.417	58.84	59.815	58.699	141.975	146.331	152.353	265.847	274.263	276.112
00:53:00	19.821	20.682	21.707	59.067	57.159	58.169	140.417	147.416	154.761	265.186	270.442	273.878
00:54:00	20.27	19.715	20.651	59.999	57.23	59.07	138.816	147.609	154.829	265.88	274.733	275.513
00:55:00	20.076	19.27	21.96	58.65	58.118	58.84	140.894	148.048	153.756	265.812	271.433	271.728
00:56:00	19.606	19.773	21.124	58.767	57.852	58.214	141.825	146.258	152.089	263.906	273.039	272.098
00:57:00	18.66	19.415	20.805	59.855	57.597	58.516	141.612	146.74	151.074	265.294	272.09	274.252
00:58:00	19.002	19.336	21.405	57.784	57.452	56.594	139.979	150.065	153.214	266.029	274.122	272.205
00:59:00	18.912	19.928	19.835	58.847	55.248	56.62	142.541	144.564	152.637	264.007	274.437	273.209
01:00:00	18.512	19.385	20.423	58.382	55.921	57.637	140.037	146.258	151.483	262.992	273.352	270.727
01:01:00	18.309	18.077	20.359	57.906	56.503	57.527	142.215	143.298	149.608	263.381	272.728	272.554
01:02:00	18.223	19.6	19.957	57.637	57.351	56.793	140.089	146.796	151.877	264.504	272.412	277.264
01:03:00	18.873	18.597	19.847	58.946	56.598	57.342	140.249	149.223	151.907	265.413	276.819	272.127
01:04:00	18.906	18.37	20.093	57.878	56.579	55.248	138.785	148.586	150.784	263.24	273.006	269.732
01:05:00	18.238	18.916	20.58	58.648	56.106	57.66	140.208	146.563	149.92	267.244	269.773	270.738
01:06:00	18.136	17.958	19.818	56.064	55.111	55.538	138.327	144.661	150.31	261.413	267.17	270.257
01:07:00	18.321	17.974	19.692	56.382	55.038	56.427	139.442	146.02	150.003	266.546	271.02	270.151
01:08:00	17.784	18.456	19.934	58.241	55.975	55.267	140.496	145.329	151.462	262.796	274.284	275.002
01:09:00	19.543	18.948	18.404	56.271	55.353	55.901	139.301	146.62	152.375	264.055	271.833	271.893
01:10:00	18.491	17.385	20.04	56.825	55.018	55.551	141.115	144.911	154.235	266.179	275.876	270.902
01:11:00	18.424	17.722	19.022	55.43	55.448	56.32	141.359	148.834	147.877	262.983	272.993	272.902
01:12:00	18.233	18.38	19.84	56.232	55.18	54.416	136.536	144.614	149.342	263.42	270.602	276.109
01:13:00	17.382	17.346	19.794	56.949	57.284	54.727	139.456	145.742	152.179	266.265	273.242	272.221
01:14:00	18.048	17.849	18.267	55.829	54.763	54.457	138.374	148.437	150.837	263.82	272.494	272.745
01:15:00	18.329	17.697	19.332	57.82	54.485	56.48	137.621	143.547	152.294	270.832	270.542	273.16
01:16:00	17.893	17.591	18.26	56.302	55.715	55.243	138.639	143.672	149.801	262.806	270.788	269.599
01:17:00	18.36	17.201	19.304	57.467	53.76	55.312	137.799	144.645	151.501	262.908	270.334	269.445
01:18:00	17.472	17.196	18.015	58.231	55.568	55.813	138.488	146.031	151.922	267.578	272.303	271.483
01:19:00	17.012	17.582	18.162	55.638	53.893	53.736	137.427	143.941	151.889	263.666	272.262	272.737
01:20:00	17.325	17.315	18.764	57.11	53.94	53.331	136.225	145.654	151.026	263.378	273.09	274.752
01:21:00	17.946	17.711	18.073	54.828	53.331	53.833	137.758	145.047	150.718	263.39	271.176	270.63
01:22:00	18.037	17.208	18.74	55.811	55.192	54.641	138.026	143.725	149.712	265.016	272.832	269.494
01:23:00	17.963	17.565	17.73	55.612	52.575	56.064	138.418	146.268	151.289	259.004	271.058	268.138
01:24:00	17.935	17.512	18.793	55.612	54.44	55.739	136.794	144.003	148.35	261.012	272.804	267.645
01:25:00	18.108	17.658	18.235	55.518	54.328	53.852	140.478	145.729	150.485	258.968	272.335	265.484
01:26:00	17.765	16.655	18.998	54.685	52.993	53.257	136.637	145.497	150.771	263.671	268.067	270.361
01:27:00	17.235	17.499	17.319	54.479	52.322	53.88	138.339	143.635	148.714	261.514	272.892	270.293
01:28:00	16.653	16.592	17.15	53.984	53.189	54.411	137.71	146.233	147.738	258.065	267.417	270.521
01:29:00	17.135	17.681	18.193	54.798	52.709	53.874	136.807	143.287	152.636	264.978	270.551	271.396
01:30:00	18.12	16.948	18.384	54.272	54.598	53.718	141.239	146.633	149.861	265.619	268.404	271.505
01:31:00	17.59	17.077	18.513	55.982	54.16	53.008	135.772	144.371	150.256	263.242	272.035	266.095
01:32:00	17.04	16.596	17.507	55.41	54.251	53.763	139.07	145.008	146.862	261.14	272.619	270.883
01:33:00	17.365	16.586	18.457	55.604	53.468	51.792	137.65	144.711	149.287	263.871	272.047	272.966
01:34:00	17.714	16.404	18.459	55.965	52.11	53.724	136.636	144.732	147.394	263.957	269.433	271.103
01:35:00	16.493	17.513	18.498	54.918	53.392	53.709	137.628	145.903	148.226	264.193	268.868	271.234
01:36:00	16.406	16.135	18.11	54.614	53.908	52.974	139.433	144.904	147.797	262.418	270.144	269.353
01:37:00	17.374	15.796	18.191	55.454	51.888	52.161	136.448	141.434	153.261	264.761	272.405	271.335
01:38:00	17.576	16.992	18.988	54.402	53.088	52.954	134.667	144.414	149.266	262.555	269.259	268.816
01:39:00	16.466	16.764	17.948	54.283	51.754	50.664	139.229	146.275	149.588	262.641	266.977	273.521
01:40:00	16.894	17.481	18.758	55.147	53.78	53.307	139.464	145.025	146.841	265.91	271.261	271.638
01:41:00	16.463	17.062	17.541	53.27	53.256	54.135	139.02	144.527	150.722	259.195	271.084	268.711
01:42:00	16.331	16.253	18.015	52.78	53.336	52.028	137.268	145.65	149.608	263.165	273.913	272.485
01:43:00	16.853	16.982	17.483	52.734	51.294	52.413	140.089	143.426	147.253	265.246	269.64	271.187
01:44:00	16.957	16.161	17.129	55.571	52.066	53.67	138.175	144.63	149.155	263.359	268.439	269.763
01:45:00	17.046	16.796	17.626	55.16	53.318	53.214	140.067	141.723	150.415	264.722	268.337	268.32
01:46:00	17.278	16.616	17.754	53.136	53.3	53.42	135.628	144.489	152.43	263.825	268.774	270.091
01:47:00	17.059	15.619	18.037	53.286	53.25	53.27	139.578	146.713	151.662	265.737	269.085	273.898
01:48:00	16.81	17.271	17.917	53.445	52.33	52.017	137.75	147.497	147.549	265.156	274.075	267.675
01:49:00	17.289	17.428	18.667	53.516	53.452	52.999	137.625	141.475	149.023	256.512	268.332	269.758
01:50:00	16.983	15.829	17.709	53.392	52.072	52.021	138.636	143.505	149.026	262.733	270.579	271.557
01:51:00	16.289	16.867	17.675	54.804	53.526	50.058	136.733	143.979	147.514	264.591	273.031	272.883
01:52:00	16.06	16.786	17.315	52.935	52.603	52.053	138.331	143.489	150.27	263.061	270.678	270.523
01:53:00	17.398	15.841	17.085	53.691	51.32	52.362	137.616	145.466	148.316	266.038	269.382	272.857
01:54:00	16.474	16.547	18.675	53.253	51.55	53.952	138.417	144.36	147.387	258.305	265.842	270.266
01:55:00	16.12	16.709	16.95	52.522	51.622	53.26	135.833	145.474	146.266	260.828	269.604	271.087
01:56:00	16.711	16.867	16.928	53.831	50.892	51.788	137.801	147.087	147.282	264.391	270.494	271.471
01:57:00	17.582	15.93	17.076	54.438	51.478	52.65	138.028	147.686	150.432	260.051	268.472	270.214
01:58:00	16.644	16.366	18.303	53.845	51.365	51.389	137.878	141.575	149.096	259.9	268.147	270.744
01:59:00	17.456	16.143	16.967	53.519	53.428	50.424	133.946	143.863	148.948	264.3	270.466	268.543
02:00:00	16.477	15.811	17.462	52.489	52.396	52.469	134.876	143.208	149.029	261.061	266.288	268.219