Time	25_1	25_2	25_3	50_1	50_2	50_3	100_1	100_2	100_3	150_1	150_2	150_3
00:00:00	68.722	69.401	72.659	136.348	132.398	148.727	270.57	265.904	267.694	380.99	387.037	394.032
00:01:00	64.964	65.177	62.921	128.332	129.067	128.132	254.845	251.453	254.964	366.953	361.105	369.848
00:02:00	60.93	61.418	58.616	119.812	118.985	119.244	241.802	243.882	246.023	347.88	347.493	352.699
00:03:00	59.968	59.168	55.145	115.086	111.278	113.829	236.826	231.574	239.241	340.429	342.196	348.68
00:04:00	55.68	55.193	53.761	109.223	107.305	109.204	227.715	221.346	226.213	332.553	328.521	336.654
00:05:00	53.592	52.992	52.108	103.523	104.939	104.232	212.589	213.402	217.438	325.337	326.811	329.018
00:06:00	50.259	49.641	49.172	95.035	99.915	99.163	207.045	209.353	210.831	321.521	321.588	323.528
00:07:00	48.196	48.358	46.585	96.311	97.253	97.213	201.105	196.8	200.977	321.364	320.621	320.23
00:08:00	45.648	45.26	44.917	91.504	90.967	93.788	195.853	193.662	195.573	317.715	313.625	316.531
00:09:00	42.088	44.655	42.593	93.657	91.192	91.971	188.547	187.816	190.544	312.881	310.283	311.294
00:10:00	41.721	41.98	41.729	88.709	86.566	92.737	183.847	182.929	187.468	314.392	307.889	313.051
00:11:00	39.569	40.825	41.728	87.268	87.094	88.935	183.834	181.12	191.184	312.129	308.937	309.815
00:12:00	38.448	39.795	39.124	84.813	84.57	85.24	178.992	179.486	184.954	314.078	309.004	307.941
00:13:00	37.646	36.924	38.989	83.761	84.272	84.139	179.393	178.006	184.449	309.628	307.719	305.993
00:14:00	36.204	37.837	37.384	82.21	81.382	81.925	174.949	175.006	183.307	308.192	308.398	310.641
00:15:00	35.558	35.731	34.995	80.707	78.808	83.831	174.515	173.747	178.578	307.289	301.718	307.331
00:16:00	33.378	35.363	34.98	80.366	78.556	79.115	174.181	169.945	178.604	304.261	301.477	303.858
00:17:00	32.435	33.921	33.829	78.068	76.946	79.028	170.246	169.915	175.579	304.712	298.915	299.188
00:18:00	32.5	33.986	32.449	78.183	76.312	76.94	169.889	170.262	173.115	298.437	297.05	304.406
00:19:00	30.117	32.707	32.75	76.647	75.156	76.745	164.592	166.822	174.17	298.189	297.795	300.75
00:20:00	31.046	32.297	32.293	73.662	74.754	76.145	166.886	168.444	175.26	302.988	298.192	298.44
00:21:00	30.216	30.553	31.247	74.02	73.506	73.816	163.77	169.131	176.273	297.34	294.916	300.35
00:22:00	28.872	29.756	29.378	71.736	70.325	72.815	167.173	168.047	170.495	300.791	295.995	297.096
00:23:00	29.648	29.955	30.192	72.063	72.5	73.574	166.466	164.967	170.251	295.867	294.822	299.983
00:24:00	27.406	29.236	30.047	71.97	69.208	70.604	163.935	165.088	171.031	299.388	296.731	301.707
00:25:00	27.077	29.882	29.098	70.84	70.978	70.955	167.542	162.533	171.351	300.482	302.874	304.182
00:26:00	27.81	28.001	28.528	72.21	70.175	70.852	163.994	164.254	169.17	298.121	296.177	298.894
00:27:00	27.6	26.543	27.967	70.867	71.064	68.924	162.308	165.854	168.086	298.372	298.123	297.234
00:28:00	26.426	27.3	27.427	69.304	68.036	69.395	163.012	162.888	171.111	291.817	297.77	296.998
00:29:00	25.171	26.696	27.79	68.492	68.166	69.347	161.15	160.575	169.847	304.76	300.303	298.918
00:30:00	25.534	26.702	27.086	68.059	67.464	68.315	161.097	163.741	170.319	298.177	298.083	300.746
00:31:00	24.989	26.525	26.249	68.736	65.646	68.16	160.673	163.167	166.233	296.913	297.865	298.939
00:32:00	25.352	26.553	26.162	65.768	64.928	67.928	162.931	161.349	169.094	299.064	295.462	298.566
00:33:00	24.649	24.761	26.1	65.038	64.878	65.523	161.285	162.444	169.513	298.919	297.461	294.045
00:34:00	24.898	26.257	25.879	62.671	63.166	66.154	161.149	160.175	171.418	294.023	293.323	297.442
00:35:00	23.739	25.225	24.649	62.628	62.989	64.914	162.636	161.302	168.501	298.2	292.999	297.729
00:36:00	24.794	23.589	23.877	61.756	62.657	65.955	158.517	161.814	169.988	296.722	294.997	297.109
00:37:00	22.998	25.369	24.867	63.369	62.213	64.621	158.27	159.714	169.098	298.819	293.561	296.938
00:38:00	22.716	24.494	23.682	61.604	59.079	65.382	161.94	160.716	167.688	294.159	291.687	290.012
00:39:00	22.356	24.585	25.29	59.59	59.94	63.319	161.339	159.735	164.785	294.898	294.18	291.184
00:40:00	22.76	24.734	24.267	59.159	58.27	63.528	158.365	159.678	165.805	294.081	290.237	293.657
00:41:00	22.927	23.578	23.601	59.591	57.509	63.589	160.887	162.586	167.34	295.79	291.195	295.616
00:42:00	23.264	24.115	22.797	57.287	57.264	62.857	161	158.048	166.314	298.338	295.099	297.299
00:43:00	21.637	23.202	23.822	56.485	58.377	61.484	156.155	159.814	167.733	293.602	294.663	295.619
00:44:00	21.793	24.166	23.372	57.666	56.255	65.751	158.221	159.134	167.262	299.217	294.018	291.151
00:45:00	22.572	21.926	23.795	56.965	56.826	61.531	159.416	161.578	167.553	295.078	293.637	294.078
00:46:00	21.332	22.428	22.47	58.729	57.927	61.988	158.568	161.26	168.293	297.981	295.8	296.008
00:47:00	21.376	22.143	22.769	57.067	56.156	62.307	159.536	160.351	164.581	295.296	291.961	291.213
00:48:00	21.313	23.084	21.978	55.371	56.739	62.752	158.529	158.535	166.827	296.706	293.133	292.663
00:49:00	21.62	22.98	21.375	55.743	55.201	61.087	159.656	159.549	164.579	296.548	294.697	293.706
00:50:00	21.651	22.888	23.032	56.307	57.4	61.597	157.027	158.074	166.469	296.427	296.568	289.911
00:51:00	21.716	22.996	23.179	56.599	55.698	61.178	160.523	160.638	165.013	293.746	294.15	291.018
00:52:00	21.21	22.695	22.004	56.124	54.887	60.654	158.949	158.606	166.047	295.828	294.999	292.132
00:53:00	21.119	22.781	22.099	55.856	56.919	59.999	158.855	159.805	167.293	296.351	294.591	290.907
00:54:00	20.9	21.923	22.362	56.665	56.371	61.654	159.92	159.732	168.573	297.99	295.603	292.914
00:55:00	20.944	21.846	21.688	55.401	56.109	57.605	158.119	159.594	166.848	292.666	292.57	289.193
00:56:00	20.583	21.11	23.135	56.208	55.521	57.265	160.709	163.366	166.482	294.432	292.487	291.054
00:57:00	20.443	21.112	21.936	56.073	53.403	56.69	158.064	161.634	165.603	298.161	293.728	286.154
00:58:00	20.106	21.117	20.144	55.443	54.307	55.959	158.343	159.219	165.718	291.801	289.229	284.054
00:59:00	20.843	21.544	20.962	54.912	55.169	58.73	158.998	163.376	166.447	294.41	294.002	288.943
01:00:00	20.966	22.207	20.807	54.22	55.215	57.928	158.499	159.426	165.824	295.951	293.035	288.237
01:01:00	21.51	21.388	20.791	54.388	53.542	56.731	157.384	160.447	167.195	291.539	292.771	286.336
01:02:00	20.292	21.547	21.83	54.477	52.384	56.86	158.922	160.732	166.298	297.921	292.428	284.638
01:03:00	20.69	20.601	20.512	54.201	54.481	56.69	156.292	159.638	168.405	297.044	294.088	286.643
01:04:00	20.472	21.077	21.552	53.897	53.204	55.771	159.109	162.64	164.639	296.305	294.856	282.672
01:05:00	20.006	22.213	20.862	53.366	54.199	56.783	157.011	159.533	166.045	292.726	294.446	284.409
01:06:00	20.307	20.252	20.334	52.943	53.307	55.22	159.539	158.61	165.76	290.808	291.197	285.882
01:07:00	19.842	20.393	20.561	53.453	54.208	56.654	157.931	160.215	168.011	296.792	288.785	284.696
01:08:00	20.471	20.791	20.943	53.331	52.719	56.192	158.214	159.844	165.819	293.423	294.534	284.108
01:09:00	19.961	20.732	20.964	51.969	51.802	55.651	160.692	161.32	167.918	296.109	293.812	283.987
01:10:00	19.865	21.026	21.869	52.07	51.407	54.553	158.124	160.624	165.531	295.205	290.966	278.959
01:11:00	19.556	20.341	21.088	52.86	54.655	55.225	157.473	159.705	166.401	298.528	291.744	281.089
01:12:00	19.769	21.154	21.026	53.111	53.987	54.979	159.717	158.577	167.512	295.107	296.436	281.933
01:13:00	19.737	21.135	20.444	53.479	53.637	54.839	160.35	158.062	168.442	293.952	294.556	278.985
01:14:00	20.353	20.549	20.893	53.431	51.585	53.838	157.635	159.9	167.304	295.255	295.152	283.596
01:15:00	20.657	20.264	20.867	51.312	50.783	54.083	159.861	161.232	164.408	293.538	291.742	276.644
01:16:00	18.859	19.809	19.583	53.038	51.723	54.057	160.003	159.196	165.823	295.077	293.389	278.163
01:17:00	19.826	20.999	19.783	53.969	51.338	54.874	158.909	158.993	164.333	292.143	293.904	280.651
01:18:00	19.916	20.187	20.562	51.107	52.361	55.29	160.093	157.136	166.164	295.637	293.51	278.845
01:19:00	19.549	20.125	20.61	53.508	51.669	53.59	158.955	159.478	169.981	293.961	292.971	275.826
01:20:00	20.038	19.746	20.665	51.725	53.037	55.016	157.916	161.283	170.244	297.92	289.882	279.288
01:21:00	19.655	20.46	21.013	51.062	54.378	55.736	158.432	158.348	164.777	294.031	290.032	277.044
01:22:00	19.623	19.764	20.258	53.073	51.485	54.243	157.185	158.381	168.64	292.301	290.852	277.468
01:23:00	19.629	19.53	21.837	51.441	49.736	53.593	160.276	159.271	167.333	292.275	293.526	277.234
01:24:00	20.117	19.253	20.38	51.935	51.894	54.718	160.57	161.13	167.258	292.434	288.374	273.219
01:25:00	19.598	21.068	20.915	50.889	50.458	53.775	158.768	159.023	165.202	297.193	295.057	280.663
01:26:00	20.625	19.938	21.519	52.655	52.703	53.413	159.717	159.387	164.756	294.832	289.797	276.526
01:27:00	19.878	20.532	20.372	52.758	51.204	52.345	157.386	160.781	165.235	293.181	294.084	275.77
01:28:00	19.379	20.309	20.267	53.594	50.756	52.22	160.255	158.648	165.618	292.952	293.313	273.456
01:29:00	20.044	20.564	20.325	52.814	51.598	53.553	157.656	160.48	168.04	292.776	291.498	273.078
01:30:00	20.144	19.611	19.657	52.023	49.203	54.013	158.899	157.735	165.46	294.225	287.482	272.424
01:31:00	18.95	19.415	20.188	51.601	51.207	53.884	156.814	161.306	166.599	296.597	291.238	271.147
01:32:00	19.981	21.216	19.695	51.544	49.957	53.055	159.535	160.263	167.124	294.66	290.058	274.658
01:33:00	19.888	20.283	20.587	50.681	50.239	53.364	158.307	155.897	164.944	294.548	298.226	275.12
01:34:00	20.124	20.079	20.157	51.321	49.7	53.972	160.913	160.671	168.122	295.464	289.333	273.405
01:35:00	19.493	19.383	19.987	52.031	51.091	53.489	159.605	159.683	163.659	294.292	288.685	276.361
01:36:00	20.615	19.88	20.172	50.562	49.424	53.878	156.89	160.1	166.756	300.103	293.091	273.056
01:37:00	20.218	19.355	20	51.52	50.003	52.535	159.252	160.087	165.566	290.926	288.567	267.124
01:38:00	20.149	20.12	20.23	51.915	49.985	52.386	159.478	159.552	169.757	299.361	289.161	272.026
01:39:00	19.575	21.143	19.639	51.449	51.341	53.706	158.917	160.748	165.782	294.855	293.534	275.825
01:40:00	20.555	20.74	20.247	50.984	50.314	51.346	159.089	160.726	165.061	291.681	295.178	268.525
01:41:00	20.45	20.072	19.123	50.88	49.094	52.509	157.398	160.101	169.481	295.7	287.559	268.224
01:42:00	19.957	20.599	19.883	50.743	50.769	54.736	156.472	161.927	166.333	293.785	290.756	269.132
01:43:00	20.491	19.794	20.468	52.305	51.138	51.978	159.744	161.125	166.505	294.867	291.953	269.683
01:44:00	18.967	19.96	19.927	50.48	48.808	53.735	159.236	160.268	170.052	295.953	289.709	268.659
01:45:00	20.217	20.455	20.306	50.49	49.732	53.184	158.234	158.843	168.173	292.013	291.33	267.093
01:46:00	19.349	20.342	19.61	52.493	50.016	54.31	161.355	160.941	169.507	296.503	290.45	271.151
01:47:00	19.469	20.346	20.923	50.111	49.916	53.345	161.98	158.262	167.184	297.003	288.366	268.774
01:48:00	18.677	19.222	19.822	50.162	49.474	52.64	159.232	160.908	169.253	290.722	287.689	270.815
01:49:00	19.202	20.541	19.439	50.24	50.643	54.593	161.822	162.5	168.485	294.327	290.783	268.947
01:50:00	19.979	19.507	19.113	51.426	49.728	52.306	158.272	160.21	164.97	295.294	290.917	266.573
01:51:00	19.735	20.193	21.039	50.706	49.377	52.307	158.747	161.362	168.017	294.989	291.239	264.979
01:52:00	19.247	20.826	20.53	50.264	48.949	52.057	158.831	161.264	168.237	295.018	288.79	265.624
01:53:00	19.144	20.113	20.49	50.971	49.47	50.901	161.318	160.445	169.295	294.544	293.581	266.285
01:54:00	19.012	19.493	20.226	52.286	49.77	51.748	158.915	160.417	165.257	290.991	288.427	268.58
01:55:00	20.2	19.714	21.158	50.771	51.209	52.471	159.559	160.305	168.958	293.683	289.453	270.201
01:56:00	20.018	19.558	21.061	51.243	49.902	50.939	159.055	162.368	169.133	296.689	289.888	268.267
01:57:00	19.804	19.877	20.418	49.377	50.078	52.478	158.39	162.517	169.747	295.476	288.744	268.142
01:58:00	19.833	20.805	20.667	50.829	49.291	51.449	159.115	159.655	167.462	296.963	289.774	266.364
01:59:00	19.512	20.025	19.66	49.693	48.545	51.34	160.346	159.496	168.196	297.932	289.399	260.797
02:00:00	19.377	20.343	20.292	51.599	49.278	51.337	160.038	160.618	166.385	293.365	293.233	263.353