Time	25_1	25_2	25_3	50_1	50_2	50_3	100_1	100_2	100_3	150_1	150_2	150_3
00:00:00	71.7	78.919	77.381	139.862	145.06	144.473	259.718	272.837	258.1	382.163	385.985	379.05
00:01:00	67.174	64.873	66.533	122.262	123.013	122.685	246.476	252.933	248.578	367.824	366.687	365.182
00:02:00	63.462	60.387	61.132	114.205	115.624	114.898	236.007	232.688	235.735	349.954	348.767	342.062
00:03:00	57.955	57.531	58.097	112.903	110.028	112.896	229.764	228.948	226.671	339.495	344.169	332.857
00:04:00	55.203	53.351	55.579	109.762	105.653	104.169	219.3	215.42	215.516	330.732	331.1	327.58
00:05:00	51.728	51.725	52.337	106.184	99.488	103.246	208.139	209.68	205.904	323.41	323.371	318.283
00:06:00	48.196	49.3	51.271	101.642	97.399	99.663	200.523	202.765	199.587	320.563	316.183	317
00:07:00	45.122	48.367	48.483	97.983	94.401	94.07	193.287	198.393	194.113	314.986	313.883	313.132
00:08:00	44.254	46.099	45.127	94.044	91.216	91.489	190.296	195.693	187.633	312.567	311.438	310.52
00:09:00	43.076	43.55	44.796	91.511	89.881	89.48	184.296	192.556	182.148	305.296	307.776	307.21
00:10:00	41.19	42.985	42.893	89.452	87.379	88.621	181.889	191.098	179.104	307.243	308.878	302.456
00:11:00	39.582	40.872	41.085	87.206	83.368	86.471	178.72	184.783	179.92	306.643	303.497	303.559
00:12:00	37.57	39.015	39.154	84.009	83.197	82.807	176.931	187.072	174.406	303.877	307.225	296.317
00:13:00	38.044	38.316	39.058	82.07	81.011	81.752	173.225	181.85	173.242	302.955	305.492	301.404
00:14:00	36.836	37.222	37.385	82.509	78.225	81.769	170.847	179.574	171.269	305.65	301.131	297.728
00:15:00	35.685	35.198	36.328	77.933	76.598	77.24	168.653	178.595	168.653	301.58	300.801	299.58
00:16:00	34.838	35.31	35.674	76.901	75.97	78.425	167.157	179.878	169.406	300.085	300.678	293.205
00:17:00	33.024	31.933	34.228	74.614	73.972	76.613	165.573	174.599	170.718	299.158	295.084	295.466
00:18:00	32.068	31.444	33.334	74.754	71.487	75.123	165.757	175.747	166.129	296.53	299.058	292.81
00:19:00	30.705	30.579	33.838	73.816	70.391	72.015	162.906	177.282	166.828	295.812	294.587	288.343
00:20:00	30.921	30.218	32.07	71.763	69.577	71.082	163.656	175.093	166.87	294.001	300.874	291.887
00:21:00	30.107	30.397	31.56	71.604	68.821	72.76	162.897	172.268	162.319	293.991	298.142	293.145
00:22:00	28.927	29.65	30.862	70.268	66.411	71.873	162.371	173.342	157.641	293.563	295.606	288.826
00:23:00	29.226	28.998	28.99	71.178	66.848	70.601	162.998	169.691	160.503	295.515	293.292	291.415
00:24:00	28.524	28.753	28.97	68.107	66.804	68.577	160.246	171.228	162.694	293.078	291.334	293.97
00:25:00	27.725	28.722	29.474	67.669	64.69	68.566	161.725	171.185	162.086	295.853	289.961	290.336
00:26:00	26.52	26.557	28.652	65.994	65.654	66.656	162.814	170.959	158.65	291.078	294.119	287.319
00:27:00	25.794	27.556	27.746	66.836	63.798	67.839	159.401	170.822	157.915	290.732	291.382	287.167
00:28:00	25.273	26.937	27.393	65.108	63.26	64.963	158.359	167.639	158.928	290.711	294.75	285.657
00:29:00	25.505	24.932	26.76	62.694	62.136	62.551	158.446	170.051	158.886	290.179	291.139	286.093
00:30:00	24.916	26.783	26.126	62.446	62.919	65.773	160.198	166.09	157.031	291.823	293.928	282.623
00:31:00	25.053	26.522	25.831	60.939	60.564	63.146	155.326	167.272	156.854	286.607	291.809	284.185
00:32:00	23.992	24.805	26.358	62.815	60.377	61.237	160.112	165.157	155.565	290.613	288.375	285.169
00:33:00	23.768	24.824	24.333	62.601	60.76	63.354	158.38	167.692	155.886	290.343	288.372	287.376
00:34:00	24.556	23.921	24.72	60.821	59.192	62.24	156.481	164.86	154.632	288.223	286.919	283.74
00:35:00	23.751	24.309	24.386	58.876	60.731	62.33	156.215	164.211	154.734	288.594	290.503	288.105
00:36:00	23.552	24.166	23.533	59.363	58.877	61.567	155.911	166.892	156.058	288.61	292.255	284.786
00:37:00	22.824	23.337	24.668	60.003	59.446	60.026	152.819	167.246	156.589	290.425	287.35	284.552
00:38:00	23.92	22.186	23.007	58.854	57.596	59.261	158.04	164.586	156.444	284.876	287.735	283.295
00:39:00	22.327	22.763	24.63	59.012	58.129	59.267	156.408	162.636	153.218	285.973	288.197	281.134
00:40:00	21.805	22.229	23.571	57.868	56.509	59.47	152.835	162.983	153.349	284.566	288.297	282.787
00:41:00	22.126	22.06	23.502	56.988	56.159	58.896	152.721	167.095	153.684	287.713	286.073	283.139
00:42:00	21.985	22.499	23.419	55.423	56.454	58.768	154.659	162.824	151.889	284.572	284.716	281.171
00:43:00	22.401	23.154	21.615	56.217	56.13	56.441	152.315	164.72	154.809	284.521	289.115	279.673
00:44:00	20.914	22.457	22.294	57.275	55.937	58.456	152.999	165.44	152.462	292.276	288.998	283.707
00:45:00	21.936	21.837	21.969	55.267	57.393	57.747	154.64	163.642	153.727	281.153	285.267	282.393
00:46:00	21.121	20.887	22.247	56.872	55.608	57.38	154.486	162.959	151.75	287.53	287.188	283.726
00:47:00	22.236	21.933	21.771	55.76	53.391	56.318	152.342	165.539	153.476	282.576	283.457	279.709
00:48:00	21.1	20.515	21.788	56.317	55.341	56.389	151.548	163.063	150.161	287.378	287.141	281.042
00:49:00	20.583	21.375	21.991	53.574	53.716	55.27	150.565	162.666	149.401	285.135	285.47	281.25
00:50:00	19.922	20.859	22.309	54.971	53.609	55.401	151.409	162.262	150.552	283.835	284.288	283.315
00:51:00	19.94	20.437	21.602	54.74	53.307	54.827	151.335	162.023	153.363	283.59	279.732	279.12
00:52:00	20.809	20.366	22.093	52.122	51.272	54.946	152.202	162.475	153.402	283.717	282.46	280.439
00:53:00	20.838	20.439	20.594	55.103	53.638	54.516	153.699	160.981	152.544	287.433	279.707	276.689
00:54:00	20.067	19.553	20.985	53.197	53.503	53.523	150.671	159.878	152.638	286.017	287.313	281.068
00:55:00	19.72	21.271	21.312	54.383	52.574	54.641	152.784	160.442	153.409	281.531	281.819	279.803
00:56:00	19.629	19.602	20.898	52.506	54.885	54.85	154.062	161.021	150.843	282.945	285.703	277.792
00:57:00	19.601	20.152	20.601	51.875	51.29	53.816	151.96	161.93	151.151	282.663	284.611	280.541
00:58:00	19.498	20.746	19.82	52.648	51.609	54.676	151.711	156.599	151.239	281.492	280.159	280.243
00:59:00	20.06	20.281	21.056	52.196	51.957	52.209	150.909	158.545	150.929	281.504	280.652	278.49
01:00:00	20.008	19.912	20.817	53.514	51.329	52.856	148.777	159.161	149.361	286.8	281.729	279.841
01:01:00	19.607	19.657	20.582	51.028	50.126	52.43	147.897	158.109	150.095	280.718	283.091	282.267
01:02:00	19.386	19.093	19.635	51.997	50.628	53.238	151.466	160.759	149.317	281.864	285.058	281.169
01:03:00	18.841	19.071	20.563	50.566	51.767	52.131	149.567	161.138	150.572	282.731	283.313	275.639
01:04:00	19.038	19.091	20.212	50.103	50.912	52.27	149.786	161.058	150.368	283.041	282.934	280.473
01:05:00	18.728	18.605	20.225	51.275	48.887	51.125	149.643	160.349	151.325	285.387	282.165	276.75
01:06:00	18.75	18.465	19.965	51.172	48.689	51.933	147.463	159.896	148.861	279.689	278.54	279.212
01:07:00	18.775	19.209	19.913	50.648	48.372	52.465	150.016	155.862	150.015	281.722	277.817	278.796
01:08:00	19.074	18.917	19.397	50.798	49.208	52.651	152.324	158.915	149.745	284.764	283.087	281.013
01:09:00	18.371	19.127	19.925	49.139	49.887	50.576	151.726	160.438	149.133	281.648	280.939	278.688
01:10:00	18.584	19.056	18.817	49.336	50.216	51.6	147.448	161.415	146.679	282.56	278.822	278.83
01:11:00	18.51	19.627	19.754	50.815	50.489	52.58	148.744	157.948	151.434	281.164	281.666	274.727
01:12:00	18.202	18.619	18.862	49.266	48.63	50.089	148.66	157.455	150.486	281.904	280.801	275.602
01:13:00	18.019	19.106	20.238	51.288	49.859	51.523	149.159	158.491	151.51	280.043	278.345	275.182
01:14:00	18.966	18.78	19.073	51.75	48.613	49.808	150.482	158.527	151.872	285.163	282.304	278.019
01:15:00	19.482	19.626	19.318	49.212	48.517	49.176	148.806	160.679	148.517	281.443	280.659	278.28
01:16:00	17.181	18.629	18.991	48.934	49.307	50.817	148.985	158.039	147.915	277.86	282.316	277.385
01:17:00	19.013	18.625	17.451	50.405	47.809	49.712	148.475	159.222	149.17	283.659	279.716	273.918
01:18:00	18.215	17.805	19.534	47.577	47.552	50.435	149.178	158.782	149.708	279.278	280.118	274.593
01:19:00	18.025	19.31	19.771	49.863	49.14	49.654	150.86	156.899	149.517	281.172	282.648	274.204
01:20:00	17.136	17.726	17.793	48.361	47.748	49.289	149.565	157.525	146.246	281.172	282.369	275.519
01:21:00	17.742	18.622	19.291	48.475	47.933	49.745	148.639	155.597	149.511	280.829	279.446	276.112
01:22:00	17.027	18.511	18.372	47.299	46.432	49.061	147.305	156.914	147.859	277.455	280.59	277.332
01:23:00	18.822	18.849	18.603	49.232	47.913	49.4	147.692	155.835	150.621	279.555	284.151	278.994
01:24:00	18.137	18.467	18.822	49.127	47.962	49.114	147.718	158.387	148.99	277.424	279.057	276.068
01:25:00	18.007	17.531	18.771	49.479	49.159	49.451	147.714	154.094	147.694	275.484	279.5	274.342
01:26:00	17.998	19.219	18.685	48.499	46.902	49.587	146.847	156.616	148.944	283.402	282.896	272.721
01:27:00	18.891	18.695	18.643	47.33	46.696	48.496	147.704	157.565	147.69	278.376	280.933	277.371
01:28:00	17.77	17.998	18.765	47.927	49.004	48.739	147.411	156.104	148.397	275.925	278.9	273.553
01:29:00	18.172	17.28	17.33	45.084	46.456	47.892	143.258	157.993	150.781	281.397	280.64	277.42
01:30:00	17.773	17.416	19.21	48.151	45.625	49.364	148.834	156.503	150.034	276.592	277.152	274.184
01:31:00	17.609	18.761	19.101	47.286	47.003	48.474	148.514	157.358	148.17	283.198	276.975	274.542
01:32:00	17.128	17.328	19.087	46.486	46.659	46.83	146.698	156.046	146.475	280.194	279.136	276.345
01:33:00	19.213	18.283	18.829	48.451	45.518	48.617	147.915	154.852	147.393	278.218	278.055	274.977
01:34:00	18.647	18.514	17.34	47.992	46.411	48.894	147.872	156.814	147.849	277.682	274.961	272.281
01:35:00	18.327	19.334	18.066	47.022	47.274	47.38	148.63	157.375	146.815	280.279	280.196	271.492
01:36:00	17.482	17.215	19.015	47.44	45.619	48.069	147.622	158.739	148.22	274.836	276.993	274.117
01:37:00	17.646	17.658	18.103	46.262	44.094	45.362	144.358	154.106	146.29	275.51	275.681	274.83
01:38:00	17.756	17.296	18.614	46.834	47.234	47.475	147.681	159.416	148.1	276.335	275.717	277.689
01:39:00	17.695	18.684	18.636	47.941	46.923	46.674	149.625	155.653	146.994	280.841	279.309	270.733
01:40:00	18.613	16.802	18.74	45.77	45.741	48.993	146.752	155.751	148.269	276.964	278.834	272.078
01:41:00	17.663	17.747	18.194	48.79	47.174	46.668	146.49	154.697	149.748	277.452	276.371	268.9
01:42:00	18.844	17.647	18.824	46.824	45.853	46.803	144.564	159.276	148.281	278.546	278.647	271.493
01:43:00	17.759	18.688	18.319	47.571	48.161	48.212	151.789	159.496	148.264	279.07	278.272	271.471
01:44:00	18.191	17.949	18.4	46.784	45.442	47.719	145.953	152.957	147.262	280.969	275.413	272.831
01:45:00	17.978	18.327	18.729	46.033	46.387	48.343	146.341	155.422	146.119	276.456	274.702	271.541
01:46:00	17.824	17.414	18.063	46.758	43.868	46.727	146.177	156.504	145.696	275.881	277.261	273.882
01:47:00	17.2	18.285	18.666	45.348	46.897	45.694	145.681	156.834	145.644	275.179	279.049	271.017
01:48:00	17.376	17.664	17.118	46.263	47.442	47.37	147.004	156.635	147.283	273.886	276.154	269.664
01:49:00	18.054	17.697	17.564	46.086	45.903	46.342	146.354	157.263	146.672	277.291	274.106	270.589
01:50:00	17.768	17.291	18.594	46.821	45.835	47.282	146.439	155.731	144.164	277.893	277.039	272.301
01:51:00	18.175	16.973	18.008	47.446	45.626	46.474	147.679	154.797	146.631	272.256	273.706	269.737
01:52:00	17.631	18.735	17.313	46.244	45.053	45.842	147.413	154.033	147.683	278.695	278.793	272.113
01:53:00	17.959	17.954	19.094	46.278	44.143	45.629	147.846	158.102	147.975	273.768	276.251	267.075
01:54:00	16.976	17.404	18.092	45.646	44.529	46.536	142.537	153.044	146.32	275.61	274.173	269.082
01:55:00	16.936	18.437	18.035	45.423	44.064	45.503	146.731	154.845	146.149	273.491	279.251	265.836
01:56:00	18.027	17.803	19.212	46.12	44.495	44.913	146.836	156.767	148.845	274.157	276.523	269.697
01:57:00	17.438	17.865	18.502	47.247	44.595	44.804	147.459	155.339	145.667	276.488	281.057	268.344
01:58:00	17.649	18.392	18.979	45.897	43.781	46.798	144.228	155.678	143.794	275.68	273.458	265.411
01:59:00	17.808	18.487	17.696	46.324	44.056	46.157	145.52	156.561	147.681	277.487	278.074	268.326
02:00:00	16.903	16.471	16.723	47.372	44.254	45.443	146.257	154.66	145.843	275.541	270.255	268.924