Time	25_1	25_2	25_3	50_1	50_2	50_3	100_1	100_2	100_3	150_1	150_2	150_3
00:00:00	75.632	81.111	75.919	151.038	135.882	142.127	260.373	250.69	247.148	368.334	354.291	349.801
00:01:00	76.19	80.381	71.747	127.165	123.029	120.08	244.15	238.382	237.219	345.906	330.09	332.012
00:02:00	68.549	73.627	64.985	114.916	117.162	111.996	230.757	234.749	222.79	334.19	311.065	314.742
00:03:00	62.372	66.743	57.464	104.764	108.559	108.109	221.547	221.78	211.905	316.256	293.856	302.025
00:04:00	57.278	58.668	54.248	106.912	104.679	107.217	214.489	211.768	203.279	310.021	284.145	292.243
00:05:00	51.279	52.985	49.666	98.611	98.422	100.369	201.132	200.145	191.966	297.589	278.665	289.351
00:06:00	48.602	52.376	46.384	96.102	94.792	94.506	193.684	194.065	187.321	292.85	276.89	282.726
00:07:00	45.344	48.594	43.881	90.336	90.648	94.954	188.267	188.328	180.541	293.759	271.585	279.599
00:08:00	43.204	43.9	41.215	89.104	88.129	90.244	181.234	182.574	173.248	284.293	267.574	273.61
00:09:00	42.813	41.821	40.144	84.956	86.939	86.479	175.722	174.807	170.425	284.879	263.213	272.87
00:10:00	39.563	38.712	38.741	83.08	82.115	85.397	170.25	172.249	165.761	285.167	255.681	269.591
00:11:00	37.787	38.395	36.992	80.803	78.836	83.878	170.455	168.596	163.437	282.06	254.481	268.645
00:12:00	35.315	35.951	33.23	77.698	78.291	78.077	166.917	165.7	158.998	280.744	256.133	263.961
00:13:00	33.994	36.072	34.715	77.347	77.389	79.158	163.472	166.058	160.127	278.111	252.39	265.259
00:14:00	32.504	33.341	32.436	74.782	76.538	75.903	162.191	163.839	157.361	274.796	247.873	260.68
00:15:00	32.274	32.927	32.527	75.858	73.213	74.61	159.458	162.597	154.124	275.511	255.106	266.665
00:16:00	30.221	30.705	30.349	71.791	71.785	73.295	158.873	156.996	155.685	278.996	253.628	260.37
00:17:00	30.866	29.456	30.564	71.83	69.3	72.419	155.935	157.908	153.193	275.184	250.325	263.586
00:18:00	29.033	28.774	29.371	69.374	68.492	71.754	156.248	157.867	151.292	273.245	250.151	258.815
00:19:00	27.365	27.628	28.442	68.077	70.474	70.701	155.325	151.776	151.351	271.194	247.621	260.994
00:20:00	27.397	28.198	27.172	66.23	66.262	69.66	154.176	156.623	151.659	274.488	249.671	258.587
00:21:00	26.235	25.592	26.539	67.517	68.554	69.403	153.949	152.194	150.842	270.435	246.641	258.49
00:22:00	25.059	25.138	24.862	67.186	63.001	66.568	158.123	152.935	149.869	272.037	245.034	253.543
00:23:00	24.714	24.012	26.605	64.91	63.714	66.634	153.099	152.103	147.458	270.768	245.867	257.433
00:24:00	25.561	24.143	23.845	64.193	61.016	65.207	153.494	151.34	144.846	266.387	248.544	252.726
00:25:00	24.264	23.425	25.01	64.052	59.197	66.363	149.737	149.921	146.138	266.019	242.645	254.541
00:26:00	23.431	23.002	23.696	61.688	62.301	66.288	150.706	150.865	147.666	271.942	246.209	260.043
00:27:00	23.459	22.961	22.635	61.443	60.354	62.508	151.279	149.906	148.292	269.449	247.524	259.009
00:28:00	21.694	23.251	22.8	61.173	57.82	63.003	146.961	148.406	144.662	270.652	244.092	255.418
00:29:00	23.291	22.99	22.607	60.855	58.289	60.796	147.87	148.621	143.642	268.244	243.034	257.946
00:30:00	21.348	22.017	22.021	61.241	58.347	62.259	146.337	151.734	145.814	267.523	245.36	255.858
00:31:00	21.595	21.865	21.303	59.006	55.588	60.851	148.479	151.208	144.593	269.344	244.627	254.033
00:32:00	21.975	21.464	20.79	58.942	58.528	60.72	147.228	148.151	142.804	266.501	242.52	256.548
00:33:00	21.682	20.911	21.228	58.897	55.188	59.42	147.227	148.282	143.537	267.863	241.063	256.431
00:34:00	21.142	20.674	20.368	57.704	55.256	58.712	144.76	144.914	141.752	264.828	242.327	249.782
00:35:00	19.969	20.107	20.383	55.961	55.348	57.585	146.413	145.914	141.565	266.155	240.084	250.728
00:36:00	20.136	20.009	19.394	54.774	53.443	57.882	147.112	145.895	140.467	262.291	241.958	249.451
00:37:00	19.278	19.602	20.177	54.29	55.122	57.311	148.101	145.448	138.994	265.517	240.488	250.748
00:38:00	19.593	19.247	18.557	54.77	53.417	55.918	145.675	146.099	140.285	263.637	239.73	252.754
00:39:00	19.117	19.93	19.537	56.293	54.14	57.226	144.409	145.137	138.739	257.001	242.602	248.75
00:40:00	19.014	19.412	18.471	54.586	51.716	55.286	146.409	145.425	139.736	261.432	241.886	249.898
00:41:00	19.101	18.721	18.927	52.825	52.199	54.141	141.714	142.317	136.864	261.786	236.366	250.484
00:42:00	18.904	18.631	19.081	52.88	52.346	56.149	145.887	143.38	139.713	264.61	242.039	249.19
00:43:00	18.531	18.385	18.887	51.09	52.626	55.328	145.822	142.787	141.885	265.284	237.533	251.548
00:44:00	18.582	17.698	18.755	53.611	49.76	53.917	144.567	145.447	138.62	263.694	242.204	250.04
00:45:00	18.359	17.449	18.076	53.759	50.733	52.27	143.319	144.287	138.428	262.043	236.201	246.933
00:46:00	17.201	17.766	17.773	52.612	50.272	51.979	144.751	145.003	136.44	259.087	239.229	252.186
00:47:00	18.179	17.787	18.922	52.425	49.603	53.25	144.948	140.448	138.165	265.471	241.027	250.197
00:48:00	17.201	17.42	18.043	52.755	50.318	54.68	140.719	141.764	138.129	258.417	239.364	250.97
00:49:00	17.664	17.6	18.438	52.314	50.255	53.187	143.688	146.004	138.996	261.819	241.402	250.472
00:50:00	17.763	17.568	16.566	52.037	49.695	53.199	144.948	145.194	139.862	267.109	241.178	249.975
00:51:00	16.545	17.218	16.616	49.882	49.067	53.134	142.432	143.37	136.75	262.942	240.76	250.722
00:52:00	16.535	17.172	17.652	49.464	47.925	53.937	142.422	141.742	136.792	262.136	238.783	246.072
00:53:00	17.526	16.925	17.264	51.132	47.62	52.287	143.311	141.919	134.509	260.137	240.782	248.525
00:54:00	17.22	17.012	17.152	50.459	47.306	51.171	141.011	144.075	135.175	259.98	237.791	247.093
00:55:00	17.061	16.445	17.189	48.999	47.078	50.371	145.412	142.364	138.925	259.181	236.019	250.315
00:56:00	16.456	17.268	17.062	50.452	47.325	51.87	140.638	143.832	137.909	266.633	239.882	246.406
00:57:00	17.135	17.047	17.225	48.394	44.908	51.298	137.286	144.811	138.554	257.499	237.909	245.859
00:58:00	17.833	16.945	16.157	48.758	44.604	50.052	141.943	144.631	136.681	259.582	240.509	248.066
00:59:00	16.257	16.805	17.251	47.42	45.356	49.771	141.864	143.236	136.185	262.85	241.055	251.521
01:00:00	16.025	14.846	16.727	48.082	45.065	51.245	142.063	141.607	136.622	259.088	240.642	248.9
01:01:00	16.746	15.725	16.904	49.146	44.908	51.096	139.577	142.898	137.503	259.475	236.782	245.341
01:02:00	16.676	15.928	16.092	49.067	44.891	50.479	140.345	141.294	136.809	257.609	232.67	250.86
01:03:00	17.006	15.505	16.194	47.644	43.922	49.95	141.12	140.759	138.754	261.185	238.47	246.371
01:04:00	15.707	15.555	17.864	47.351	43.651	51.274	140.009	140.244	136.761	258.129	238.687	248.803
01:05:00	16.362	16.478	17.117	48.36	43.645	49.734	141.033	141.279	137.905	258.689	239.829	245.154
01:06:00	16.587	14.704	16.431	48.504	42.948	49.507	142.387	139.209	134.366	262.591	237.121	246.177
01:07:00	16.959	16.447	16.138	47.675	43.787	48.95	141.762	136.6	132.423	254.33	237.417	248.833
01:08:00	16.254	16.417	16.151	47.589	43.237	48.353	139.253	142.245	134.591	262.4	235.708	244.633
01:09:00	16.604	15.514	15.902	47.63	43.382	48.124	141.707	139.853	135.237	259.416	238.115	249.62
01:10:00	15.965	15.469	17.244	46.06	44.172	48.85	142.173	142.247	136.133	262.664	237.435	243.629
01:11:00	16.113	15.928	16.914	45.807	43.654	47.682	140.066	140.907	137.675	260.066	237.18	247.438
01:12:00	16.281	15.929	16.144	46.223	43.62	49.162	142.426	143.066	134.745	259.264	239.918	246.392
01:13:00	16.666	15.797	16.722	47.287	43.154	47.836	137.216	145.335	135.483	258.873	234.194	243.262
01:14:00	16.311	15.499	16.713	46.525	43.411	47.852	139.999	141.296	136.451	255.83	235.986	243.429
01:15:00	15.939	15.201	15.527	47.558	42.9	47.649	137.689	139.58	135.841	260.386	238.494	244.785
01:16:00	15.263	16.431	16.503	46.049	44.431	48.003	139.772	142.455	137.61	259.62	235.359	246.225
01:17:00	15.426	16.457	14.845	44.67	42.176	48.071	140.602	138.341	133.137	257.4	237.341	244.905
01:18:00	16.196	15.612	14.861	47.833	43.654	47.935	140.814	140.04	135.906	261.258	238.522	247.053
01:19:00	15.567	15.242	16.757	43.976	43.174	48.383	141.275	141.333	136.187	259.692	238.385	246.437
01:20:00	15.37	15.587	15.476	46.872	43.016	47.435	137.659	139.317	134.34	259.294	236.45	243.361
01:21:00	15.671	14.966	15.858	45.766	43.621	47.512	139.551	139.103	135.337	259.113	237.994	243.454
01:22:00	16.61	16.149	15.69	44.075	41.789	47.446	139.876	137.603	139.732	259.195	235.282	248.334
01:23:00	15.536	16.341	15.102	45.38	42.33	48.474	140.814	140.244	135.649	259.367	236.657	242.648
01:24:00	16.386	15.483	15.055	44.486	42.302	47.729	139.208	140.163	137.358	259.988	237.146	248.341
01:25:00	15.897	15.725	15.93	45.465	41.786	45.391	138.461	140.129	136.474	261.269	237.566	239.903
01:26:00	15.2	15.118	15.56	45.661	41.917	46.092	137.457	140.84	134.057	257.509	234.888	245.132
01:27:00	14.549	14.783	15.06	45.669	41.562	46.516	137.443	138.965	134.037	260.165	235.822	246.842
01:28:00	15.315	15.697	15.73	43.634	42.016	46.904	138.291	139.968	135.126	257.065	235.056	244.194
01:29:00	15.793	16.328	15.625	44.87	40.827	48.072	137.37	140.731	135.022	257.456	238.089	242.452
01:30:00	14.764	14.78	15.093	42.536	41.095	46.804	136.199	139.058	135.706	257.623	236.26	243.236
01:31:00	15.206	14.43	15.999	43.032	41.008	45.88	138.829	140.068	134.719	258.896	231.845	243.614
01:32:00	14.957	15.92	16.073	43.933	40.261	44.936	136.174	138.237	134.009	254.53	233.238	244.746
01:33:00	15.934	14.906	15.958	44.045	41.516	46.006	137.6	140.645	132.95	257.827	236.141	242.519
01:34:00	14.981	14.281	16.298	42.461	40.762	47.321	136.938	139.007	135.54	255.58	236.751	238.871
01:35:00	15.783	14.996	15.269	44.363	41.7	45.146	136.011	141.951	136.89	257.427	238.109	243.576
01:36:00	14.678	15.367	15.241	44.64	41.145	46.313	139.685	137.647	135.179	257.001	234.739	244.607
01:37:00	14.828	14.297	14.806	43.63	39.762	44.072	140.569	140.022	136.043	254.769	234.908	241.071
01:38:00	15.187	14.593	15.52	43.282	41.69	44.794	139.285	138.323	134.701	255.697	234.585	244.876
01:39:00	15.822	15.339	16.058	42.814	40.398	46.425	137.634	138.003	135.625	254.664	235.813	242.226
01:40:00	15.925	14.972	14.94	41.722	41.175	44.658	140.826	140.485	135.587	259.515	234.619	246.427
01:41:00	15.202	14.637	15.869	42.892	39.216	44.366	138.464	138.805	134.712	258.313	236.472	241.345
01:42:00	15.835	14.817	15.533	43.104	39.663	44.706	137.24	137.875	133.604	254.064	230.561	238.244
01:43:00	14.121	15.687	15.437	43.695	40.899	44.5	137.481	137.319	135.431	257.29	233.988	240.419
01:44:00	15.783	15.045	15.912	42.341	40.753	44.619	138.845	136.05	133.023	254.72	233.952	240.601
01:45:00	15.326	14.97	14.668	41.94	38.853	43.977	137.677	138.737	133.097	255.743	228.444	239.876
01:46:00	14.765	15.173	15.026	41.792	39.856	42.046	136.349	138.122	132.882	256.158	234.386	237.938
01:47:00	14.43	14.609	14.713	41.802	40.78	44.827	138.885	138.462	133.071	255.135	233.639	242.064
01:48:00	14.171	15.66	14.878	41.373	39.392	44.207	135.129	138.47	132.783	252.453	232.098	238.394
01:49:00	15.752	15.016	15.673	41.701	40.626	42.667	136.307	138.073	131.207	254.024	228.736	239.486
01:50:00	14.742	14.543	15.159	42.269	39.625	43.844	137.411	138.438	133.181	253.69	234.185	238.822
01:51:00	14.813	15.476	15.005	41.53	39.213	44.04	135.6	138.2	133.043	257.318	233.985	240.537
01:52:00	15.96	15.054	14.975	42.142	39.297	45.88	138.285	139.947	131.496	253.143	232.38	239.344
01:53:00	15.758	14.846	16.16	41.998	39.036	43.073	139.652	140.008	132.405	252.033	231.723	240.76
01:54:00	14.994	15.128	15.7	42.249	39.784	44.964	134.999	135.932	128.496	255.967	230.752	239.364
01:55:00	15.039	15.16	15.864	43.217	40.176	42.651	136.517	138.924	133.758	255.255	233.992	243.261
01:56:00	15.044	15.205	15.11	41.503	40.765	42.616	133.929	134.489	131.818	252.761	230.954	239.752
01:57:00	15.233	14.634	15.751	40.902	40.067	44.112	136.396	135.476	135.283	252.047	229.316	240.188
01:58:00	15.375	14.897	15.101	41.053	39.797	43.215	136.368	136.777	130.755	252.627	233.565	238.285
01:59:00	15.52	14.6	14.717	41.264	39.311	43.074	134.28	138.506	132.515	249.433	231.279	239.177
02:00:00	16.424	15.036	16.403	43.114	39.181	43.153	139.189	136.391	134.914	254.282	230.341	243.481