Time	25_1	25_2	25_3	50_1	50_2	50_3	100_1	100_2	100_3	150_1	150_2	150_3
00:00:00	66.173	68.152	75.809	148.548	146.63	151.642	256.524	241.702	263.583	355.353	366.685	366.581
00:01:00	62.129	59.328	76.591	124.971	120.587	126.351	242.956	234.517	242.21	342.847	346.958	345.475
00:02:00	58.277	54.771	70.488	117.343	114.231	113.004	234.811	226.277	232.763	325.361	333.852	329.854
00:03:00	51.556	49.646	62.363	109.6	107.206	110.214	224.305	219.457	215.569	312.098	318.748	315.623
00:04:00	50.374	49.342	52.324	103.568	104.35	106.013	212.845	207.14	208.334	299.327	313.227	306.893
00:05:00	46.399	47.111	49.811	98.186	100.732	99.051	204.66	197.783	197.626	291.017	308.858	301.645
00:06:00	45.042	44.689	46.837	94.361	94.863	96.348	193.928	189.88	188.987	292.779	298.662	295.122
00:07:00	42.454	44.252	44.264	92.463	92.361	93.69	191.215	183.793	183.357	284.73	296.982	294.163
00:08:00	40.888	40.154	42.722	88.227	87.043	87.424	183.523	176.775	176.695	284.945	292.572	287.588
00:09:00	41.176	38.717	41.493	83.712	86.501	86.865	182.657	169.392	173.72	278.891	290.263	285.615
00:10:00	37.366	37.974	37.852	85.897	84.711	85.819	174.798	169.225	169.042	278.012	288.08	282.76
00:11:00	35.683	36.339	36.562	81.083	81.555	82.672	173.892	168.135	165.813	275.206	287.544	283.759
00:12:00	34.855	35.019	36.53	78.402	79.298	79.9	168.954	161.17	159.827	275.184	282.036	279.748
00:13:00	34.263	33.482	34.429	77.322	76.564	78.8	165.174	160.565	161.241	275.658	283.633	283.726
00:14:00	32.094	32.858	33.78	73.556	77.848	77.857	165.263	157.404	161.329	273.112	281.169	276.303
00:15:00	31.826	31.62	32.441	73.702	75.135	75.603	164.5	160.796	158.01	271.376	281.932	279.99
00:16:00	31.448	31.041	31.551	70.429	73.576	74.719	162.125	156.63	156.101	272.073	284.225	279.937
00:17:00	30.376	29.686	29.827	69.158	72.421	72.972	160.054	155.217	154.567	268.66	275.994	273.586
00:18:00	28.666	27.961	29.64	70.621	71.216	73.704	157.722	155.94	152.544	268.997	275.942	269.857
00:19:00	28.454	29.368	28.043	67.452	70.776	71.659	160.843	155.097	154.178	266.232	275.779	275.996
00:20:00	27.366	28.733	27.96	68.484	70.119	69.641	158.988	152.267	150.675	265.015	277.214	275.453
00:21:00	27.378	28.196	25.326	67.556	66.54	70.066	159.092	149.816	152.104	265.839	274.784	271.506
00:22:00	25.866	28.148	25.958	64.459	65.434	66.562	154.569	147.804	150.846	268.682	275.167	271.533
00:23:00	24.597	26.517	26.064	63.252	65.671	66.334	155.08	149.195	149.311	268.631	273.563	269.97
00:24:00	24.094	25.541	24.839	62.841	65.621	65.38	155.035	147.046	148.679	263.23	272.158	272.726
00:25:00	24.566	24.632	24.28	61.276	63.947	65.068	151.348	147.135	147.908	263.599	271.272	269.11
00:26:00	23.878	24.631	24.239	62.676	64.74	64.394	155.653	148.235	147.125	265.99	275.956	273.59
00:27:00	23.977	24.172	24.514	60.531	63.72	63.773	151.346	149.207	144.143	262.158	274.497	269.915
00:28:00	22.533	23.131	22.724	60.545	61.66	61.872	152.342	146.333	146.214	260.002	269.7	271.072
00:29:00	20.819	23.86	23.062	60.202	60.776	61.233	152.583	149.412	146.394	270.273	272.286	271.767
00:30:00	22.529	21.262	21.011	59.897	61.536	62.152	152.849	147.072	146.911	262.558	270.814	269.821
00:31:00	22.369	23.367	21.705	58.075	60.625	62.809	149.859	146.381	146.257	263.565	274.622	271.353
00:32:00	20.39	23.392	21.254	57.47	59.66	60.953	149.243	145.259	144.1	261.075	273.248	266.338
00:33:00	20.645	22.784	21.795	56.662	58.754	59.543	148.169	145.402	145.741	263.413	271.508	267.222
00:34:00	21.381	21.907	20.918	55.822	56.989	60.193	151.475	144.755	144.115	254.897	265.497	263.56
00:35:00	20.609	21.579	21.482	56.194	58.701	57.654	147.87	144.057	146.195	259.173	269.148	267.648
00:36:00	19.963	21.044	20.859	54.469	55.224	57.374	149.465	142.823	145.435	258.043	270.743	265.442
00:37:00	21.257	21.378	19.502	55.106	56.576	58.116	147.766	143.146	140.688	253.921	265.631	262.418
00:38:00	19.372	20.37	19.408	53.893	56.155	57.423	148.837	144.891	143.396	259.155	267.121	261.74
00:39:00	20.359	20.177	18.91	52.483	56.033	56.418	146.841	139.03	143.614	257.425	270.473	266.325
00:40:00	19.654	19.931	19.495	54.997	55.33	55.006	146.795	141.198	142.948	259.935	270.537	268.084
00:41:00	20.355	20.434	19.623	52.898	54.995	55.721	146.254	143.501	142.091	256.841	266.132	263.237
00:42:00	19.226	20.632	19.504	52.714	53.573	54.481	148.723	142.494	144.136	256.846	269.54	263.642
00:43:00	18.642	18.911	18.358	52.04	54.526	53.586	148.095	141.912	143.163	257.093	263.135	265.099
00:44:00	18.639	18.718	18.324	50.795	55.571	53.112	146.964	142.834	140.178	257.296	267.094	263.443
00:45:00	18.218	19.461	17.94	49.673	52.569	53.515	146.443	141.14	140.816	255.16	265.833	261.245
00:46:00	19.361	18.901	17.976	49.481	53.594	54.333	145.526	140.704	139.594	254.612	264.885	262.586
00:47:00	18.231	19.218	19.064	49.292	52.923	53.999	146.748	142.207	140.974	262.858	265.939	263.701
00:48:00	18.738	18.564	18.187	45.721	54.197	53.538	145.301	139.08	141.516	253.622	266.741	264.394
00:49:00	18.61	19.04	18.123	46.619	53.153	52.297	145.14	141.52	138.525	258.015	267.71	261.873
00:50:00	16.901	18.987	17.013	47.698	51.322	53.943	146.252	143.668	142.753	263.93	267.224	262.183
00:51:00	17.673	18.836	17.404	47.38	51.98	53.446	143.634	139.98	139.537	257.249	263.894	262.619
00:52:00	18.659	19.16	18.097	47.388	51.892	52.677	142.676	140.987	138.078	257.588	265.1	258.33
00:53:00	17.557	17.665	17.064	48.118	51.424	53.521	144.125	139.048	139.748	255.915	263.674	262.275
00:54:00	17.243	18.818	18.696	47.295	51.02	51.359	142.761	139.085	138.225	254.589	262.317	260.46
00:55:00	16.352	16.915	17.506	44.727	50.066	51.009	143.981	138.495	141.622	253.96	265.702	261.023
00:56:00	18.259	17.51	16.857	46.727	49.851	52.197	145.243	139.029	140.157	256.336	265.437	263.527
00:57:00	17.734	17.409	17.446	44.332	51.674	50.942	144.115	141.002	140.456	256.653	265.005	260.972
00:58:00	17.85	17.452	17.28	45.24	49.921	51.621	144.34	139.813	139.281	253.764	260.589	260.947
00:59:00	16.61	17.589	17.209	46.497	50.475	50.657	143.424	136.791	138.463	255.782	266.657	264.948
01:00:00	16.949	16.797	16.469	44.478	49.581	50.164	143.33	139.85	137.025	251.189	263.803	260.328
01:01:00	16.414	15.904	15.781	45.776	48.996	49.584	144.055	137.447	139.474	253.376	266.815	261.081
01:02:00	16.773	16.8	15.494	44.501	49.32	51.246	143.235	139.363	137.311	251.758	263.434	259.682
01:03:00	17.177	17.495	15.95	46.803	49.861	51.467	141.817	137.446	137.078	254.482	264.361	261.1
01:04:00	17.027	16.924	15.896	44.096	49.445	48.917	141.977	138.145	137.177	254.248	262.604	259.278
01:05:00	16.461	16.601	17.341	46.607	49.245	49.943	144.38	138.372	135.69	255.729	262.036	257.344
01:06:00	16.821	16.362	16.116	45.726	48.75	50.023	141.146	139.342	137.319	255.105	262.295	259.987
01:07:00	16.934	16.672	16.443	43.924	48.102	49.202	142.852	141.299	137.667	255.536	264.174	263.998
01:08:00	17.209	16.69	16.676	44.868	49.225	49.268	142.509	139.323	138.432	253.778	263.932	258.479
01:09:00	17.385	16.897	15.665	44.23	48.577	50.019	143.337	139.294	135.918	255.615	261.222	260.991
01:10:00	17.477	16.471	16.27	45.366	47.681	49.664	141.079	136.794	136.399	253.616	258.307	260.119
01:11:00	16.256	17.087	16.303	43.782	48.174	49.099	141.497	139.691	138.287	252.121	263.12	260.667
01:12:00	16.325	16.606	16.242	45.232	48.146	48.899	144.835	138.727	132.833	253.543	263.585	259.513
01:13:00	16.461	16.699	15.752	43.252	47.144	48.498	144.859	136.929	134.727	253.068	260.32	256.259
01:14:00	16.643	16.87	15.128	43.254	47.421	49.544	143.06	137.627	137.486	254.696	262.953	259.138
01:15:00	16.76	16.767	15.718	44.599	48.015	48.386	140.961	136.019	137.87	254.762	260.117	257.908
01:16:00	15.994	15.805	16.324	43.037	47.705	49.751	144.842	137.732	140.225	255.95	260.559	257.59
01:17:00	17.662	17.237	16.311	43.635	47.009	48.767	141.432	133.692	138.161	254.943	261.896	258.36
01:18:00	16.293	15.673	16.25	43.305	48.504	50.025	142.315	133.888	135.958	253.693	263.684	259.584
01:19:00	16.194	16.053	16.166	43.743	47.51	48.807	141.19	133.261	137.368	262.561	262.363	257.817
01:20:00	16.249	15.887	16.422	42.984	47.255	48.303	140.768	134.905	136.184	256.757	259.542	257.429
01:21:00	17.301	15.711	16.295	43.279	45.104	48.743	140.855	138.043	137.303	249.713	262.639	256.069
01:22:00	15.619	15.728	16.187	42.615	47.977	47.628	142.455	137.677	135.754	256.016	260.283	258.208
01:23:00	15.451	16.271	15.86	43.145	48.02	47.738	141.549	138.186	134.326	254.401	261.764	255.776
01:24:00	15.957	16.008	16.142	42.812	46.332	49.462	142.149	138.872	135.794	253.781	263.548	257.958
01:25:00	16.146	15.875	15.917	43.303	45.451	47.053	142.789	137.818	137.019	252.547	261.393	253.491
01:26:00	16.382	16.025	15.453	42.005	45.752	46.648	140.463	136.479	135.931	255.107	261.473	253.218
01:27:00	16.213	16.189	15.891	42.55	46.224	47.688	139.919	137.246	135.178	253.108	256.295	256.299
01:28:00	15.46	16.514	15.356	42.695	46.122	46.926	141.122	136.042	133.943	250.959	258.1	253.83
01:29:00	16.225	15.984	15.081	42.822	46.301	48.069	141.049	136.404	136.875	251.533	261.957	258.432
01:30:00	15.969	15.38	15.393	41.486	46.435	45.624	140.61	136.053	135.876	254.888	261.001	257.866
01:31:00	15.334	16.255	16.302	43.617	45.126	47.055	139.582	136.673	136.278	253.26	255.405	254.947
01:32:00	16.274	16.629	15.72	42.536	45.667	46.456	137.701	135.627	136.984	249.448	263.361	258.929
01:33:00	16.195	16.513	15.463	41.214	45.291	46.396	139.61	135.065	138.502	250.334	260.531	254.835
01:34:00	16.113	16.33	15.978	42.159	44.953	47.061	140.225	134.179	134.928	252.333	260.987	258.048
01:35:00	15.077	16.205	15.796	40.476	45.626	44.914	139.532	138.77	137.548	251.044	260.812	257.259
01:36:00	15.683	16.194	14.99	41.153	45.163	46.284	138.687	134.993	135.552	252.935	261.099	256.117
01:37:00	15.788	15.983	15.37	40.819	43.414	44.891	139.278	135.305	133.786	254.041	255.655	255.118
01:38:00	15.086	15.652	15.14	40.851	45.987	46.174	140.337	135.316	135.797	253.351	258.666	252.874
01:39:00	16.096	15.017	14.234	41.51	44.625	45.825	139.153	135.938	136.87	250.949	261.002	259.677
01:40:00	14.975	16.223	15.544	39.087	42.422	45.812	141.033	138.115	136.042	252.517	263.378	255.95
01:41:00	15.34	16.819	15.478	40.835	45.096	45.961	141.284	135.222	135.544	254.156	262.797	254.542
01:42:00	15.064	16.095	15.66	40.661	42.382	46.489	137.67	133.296	136.078	252.683	259.151	250.709
01:43:00	15.478	15.739	16.374	40.315	44.349	46.407	139.942	137.182	136.411	252.641	256.114	250.688
01:44:00	16.062	16.708	16.645	40.914	45.157	44.824	140.646	138.705	136.33	255.314	262.725	252.373
01:45:00	14.755	15.244	14.839	40.221	42.935	43.909	138.608	134.354	132.48	249.526	254.512	253.671
01:46:00	16.237	14.997	15.562	39.445	43.528	43.682	139.197	135.182	135.252	251.739	255.817	251.152
01:47:00	15.329	15.635	15.471	40.078	44.979	44.873	137.382	134.338	137.819	250.246	258.047	251.268
01:48:00	16.461	15.917	15.116	40.633	43	44.282	139.676	134.464	137.268	247.99	260.065	251.087
01:49:00	15.052	16.114	16.258	41.371	44.065	44.35	139.214	135.999	135.032	248.581	258.489	247.263
01:50:00	15.774	15.74	14.851	40.138	43.066	43.965	138.54	134.455	133.18	248.43	258.951	250.609
01:51:00	15.231	14.999	15.241	39.576	44.453	45.349	137.179	134.967	135.598	247.879	256.536	249.863
01:52:00	16.506	15.566	14.87	40.924	44.123	43.09	140.523	136.393	134.685	249.615	258.952	247.9
01:53:00	16.829	16.18	15.412	39.619	43.849	45.378	138.027	134.434	134.668	252.768	257.782	249.748
01:54:00	15.888	15.9	15.182	39.643	42.657	44.268	137.589	136.426	133.745	253.49	259.521	250.147
01:55:00	16.114	16.007	15.229	39.96	43.379	44.724	138.855	135.351	135.223	247.177	260.969	250.317
01:56:00	16.316	16.176	15.649	39.06	42.524	44.202	135.785	134.926	135.147	248.729	257.312	249.741
01:57:00	15.041	15.501	15.426	39.897	43.946	44.425	139.313	135.751	133.14	248.42	258.752	249.968
01:58:00	15.608	15.619	14.494	38.793	41.059	44.336	138.189	136.238	133.014	251.314	259.869	247.199
01:59:00	16.529	16.003	15.978	41.345	43.494	44.532	138.643	136.823	134.029	246.502	254.907	247.621
02:00:00	15.619	16.18	15.054	39.419	43.868	44.044	137.899	136.921	135.35	251.69	258.953	251.452