Time	25_1	25_2	25_3	50_1	50_2	50_3	100_1	100_2	100_3	150_1	150_2	150_3
00:00:00	63.577	81.801	68.946	126.697	144.591	152.693	252.107	271.245	260.656	379.437	384.865	362.208
00:01:00	65.855	79.152	61.853	121.915	127.974	124.955	243.257	251.767	247.888	360.766	360.926	350.281
00:02:00	60.219	72.427	61.386	114.786	125.157	116.383	236.309	240.222	234.451	344.166	350.14	332.689
00:03:00	55.452	63.856	55.614	107.917	114.358	110.582	219.949	226.761	219.659	327.292	328.558	310.619
00:04:00	50.74	58.246	51.943	102.714	111.41	105.164	209.008	222.585	212.04	320.136	324.391	305.697
00:05:00	48.446	55.677	49.933	99.007	104.582	103.614	201.053	208.825	206.041	313.818	310.361	297.522
00:06:00	45.186	52.309	46.596	93.323	100.657	97.205	191.123	200.481	201.071	307.916	306.433	299.15
00:07:00	42.868	49.687	43.018	91.445	96.756	93.587	187.448	193.356	193.743	304.961	305.659	293.539
00:08:00	40.917	46.498	42.867	87.487	94.65	90.458	180.817	187.571	187.021	306.403	300.097	286.476
00:09:00	41.665	45.143	41.889	86.265	91.816	89.454	172.761	184.202	181.574	304.023	301.309	289.012
00:10:00	39.344	41.363	40.313	83.624	86.294	86.795	171.235	180.468	177.177	294.492	299.865	284.698
00:11:00	36.885	41.189	38.991	83.013	85.791	83.965	168.39	175.202	175.435	297.212	302.488	284.329
00:12:00	35.831	38.221	37.119	81.064	84.992	82.584	165.947	173.097	167.101	297.967	296.846	279.923
00:13:00	35.159	37.418	36.06	79.046	82.702	79.638	159.793	172.25	169.572	291.032	295.535	280.003
00:14:00	33.341	35.95	34.669	78.418	80.761	78.597	157.904	169.864	166.486	294.541	294.141	279.806
00:15:00	32.585	35.383	33.107	76.448	80.019	78.294	157.19	172.61	163.871	295.713	294.767	278.3
00:16:00	31.487	32.914	32.631	77.175	79.486	78.012	153.995	167.417	165.27	291.764	293.765	281.79
00:17:00	30.153	32.828	31.059	74.416	78.395	75.183	153.42	167.078	162.913	292.471	291.362	275.717
00:18:00	29.863	31.397	30.619	75.147	75.934	72.701	151.098	165.155	163.915	290.161	294.481	278.288
00:19:00	27.077	31.476	30.596	72.385	74.766	76.354	151.627	165.604	162.216	286.794	289.254	277.096
00:20:00	26.532	30.849	29.457	71.421	75.089	73.015	151.338	165.501	159.293	289.396	291.201	279.156
00:21:00	26.676	29.413	30.006	71.471	74.167	72.124	150.423	163.739	160.887	292.634	290.585	276.408
00:22:00	23.418	29.074	28.013	70.446	74.234	70.451	148.549	164.166	157.507	286.063	292.073	275.189
00:23:00	24.025	28.575	28.413	69.325	73.715	70.713	151.196	163.412	160.525	289.103	290.397	275.424
00:24:00	23.775	27.924	27.147	70.632	72.346	69.69	149.485	165.539	157.325	285.195	287.247	275.851
00:25:00	23.529	26.564	27.052	68.364	72.28	68.65	145.937	157.954	156.446	285.598	288.101	277.092
00:26:00	22.098	26.844	26.568	67.606	73.858	70.396	147.933	158.251	157.931	287.692	293.486	276.128
00:27:00	22.916	27.388	26.365	65.781	71.01	66.251	146.306	159.886	156.039	284.975	286.808	273.752
00:28:00	22.189	25.423	26.12	64.928	69.01	67.253	143.803	160.214	158.949	287.774	288.026	277.666
00:29:00	22.051	24.887	25.529	63.66	69.043	66.604	147.799	161.047	157.556	286.858	290.726	278.039
00:30:00	22.128	24.589	23.743	62.375	68.981	65.651	146.275	162.65	155.848	288.619	287.937	275.652
00:31:00	21.584	25.148	24.628	62.48	67.26	66.075	148.991	159.036	153.8	290.75	291.511	273.997
00:32:00	21.755	24.555	25.22	60.435	64.649	65.91	148.254	161.359	156.102	289.234	288.511	270.845
00:33:00	21.237	25.358	23.74	61.595	67.117	64.904	145.579	159.282	156.509	289.962	290.418	273.826
00:34:00	20.487	24.872	24.187	60.299	62.297	63.329	144.401	157.62	154.992	284.972	287.08	273.238
00:35:00	20.066	23.621	22.342	60.502	63.046	63.177	145.751	157.967	154.436	286.756	287.951	271.416
00:36:00	20.005	23.945	23.914	59.622	62.098	63.106	145.955	157.783	155.369	288.884	286.058	273.16
00:37:00	19.647	23.565	23.768	60.092	61.247	61.146	145.365	162.068	153.077	283.738	284.656	274.934
00:38:00	20.092	23.765	23.497	59.631	61.057	62.32	142.133	156.833	153.309	285.855	286.723	272.681
00:39:00	19.253	23.809	24.163	57.347	61.326	62.535	145.148	158.204	151.649	285.376	288.76	273.747
00:40:00	18.651	23.317	22.24	58.201	62.354	60.915	143.104	158.414	154.8	288.853	294.258	274.302
00:41:00	19.255	22.997	22.203	58.566	61.223	62.545	144.779	160.615	152.541	283.315	289.34	273.736
00:42:00	18.829	22.152	23.389	57.658	61.206	63.211	145.663	158.727	155.777	287.321	288.372	273.214
00:43:00	18.309	22.679	20.853	56.759	60.977	59.684	144.575	159.126	154.642	286.564	288.456	277.293
00:44:00	18.245	21.942	22.044	58.415	60.897	60.654	143.254	158.004	153.207	287.51	292.52	271.428
00:45:00	17.7	22.442	21.78	58.247	60.697	59.228	142.545	158.883	157.314	283.366	291.18	277.433
00:46:00	19.405	22.547	22.35	56.844	60.645	60.377	144.213	156.496	155.098	290.61	284.324	274.646
00:47:00	18.025	21.814	21.647	58.292	59.345	59.996	145.391	159.554	153.147	288.73	291.957	274.635
00:48:00	18.208	22.481	21.674	59.684	60.138	60.97	143.706	158.903	156.829	288.209	288.198	272.474
00:49:00	16.912	22.488	22.535	56.304	59.074	59.349	145.344	158.726	154.293	285.824	290.461	273.014
00:50:00	18.59	21.543	22.305	54.968	62.829	62.173	145.271	160.324	152.238	288.244	290.125	274.969
00:51:00	18.074	20.145	22.457	55.089	58.244	59.026	143.604	157.031	156.197	288.35	290.839	274.345
00:52:00	18.459	21.819	21.69	54.113	58.275	59.166	144.408	159.451	153.247	284.51	288.008	273.17
00:53:00	16.699	21.794	21.233	57.647	60.908	59.588	142.938	160.101	155.374	285.006	286.963	274.246
00:54:00	17.99	20.928	21.363	56.023	60.779	59.009	142.308	158.532	154.505	287.017	285.713	272.384
00:55:00	17.791	21.282	21.279	55.403	58.272	57.941	146.662	159.249	155.741	286.489	286.974	275.048
00:56:00	17.28	21.477	21.383	55.5	59.122	58.163	146.803	160.865	154.468	285.968	287.903	274.492
00:57:00	18.393	21.46	20.923	54.968	59.396	57.187	143.949	160.714	153.544	286.852	289.099	273.537
00:58:00	17.425	20.754	20.935	55.028	57.528	58.974	145.678	159.466	157.047	287.846	289.299	271.705
00:59:00	17.366	21.473	20.487	56.163	57.797	57.718	145.32	159.664	155.123	290.527	289.092	273.489
01:00:00	17.632	21.088	21.3	56.716	56.31	56.119	146.781	158.239	152.976	288.578	286.158	275.38
01:01:00	17.458	20.399	21.695	56.244	56.989	55.941	146.31	157.933	151.871	286.982	291.141	273.456
01:02:00	16.869	20.18	19.873	53.041	57.639	54.928	145.324	158.554	155.557	287.647	291.653	271.81
01:03:00	16.936	19.907	20.137	53.58	57.171	55.781	144.11	160.326	156.289	287.045	287.509	272.917
01:04:00	17.558	19.693	20.636	56.018	59.481	55.223	142.305	157.889	157.645	285.772	289.072	273.815
01:05:00	17.047	19.161	20.103	54.592	57.727	56.327	146.505	157.948	154.614	285.598	287.494	274.569
01:06:00	16.939	19.733	21.127	54.411	57.563	56.35	143.555	161.581	154.01	288.557	288.968	272.279
01:07:00	17.226	20.327	20.698	53.322	57.78	54.467	143.741	158.666	154.409	287.497	289.002	273.317
01:08:00	17.345	21.061	21.215	55.586	57.703	56.783	143.34	158.751	155.638	288.882	291.626	276.456
01:09:00	16.625	20.715	20.503	54.362	59.13	53.298	144.897	160.548	157.951	287.106	290.509	277.709
01:10:00	17.384	20.657	21.34	55.229	56.936	54.012	145.209	160.831	155.803	287.131	290.972	275.233
01:11:00	16.351	19.168	21.048	54.608	57.871	53.993	144.478	159.26	156	290.04	290.599	273.155
01:12:00	17.002	20.294	19.939	54.631	58.073	55.874	146.226	159.517	157.961	286.609	291.011	275.021
01:13:00	17.292	20.334	20.481	53.667	56.854	54.04	145.335	158.45	153.227	288.93	287.422	272.986
01:14:00	16.371	19.81	19.903	53.81	56.838	53.578	143.224	163.432	155.243	287.492	287.881	271.508
01:15:00	16.854	20.691	21.346	54.142	57.704	53.818	145.364	161.176	157.699	287.437	288.271	272.94
01:16:00	17.796	20.867	19.877	52.885	56.81	55.848	144.228	161.74	158.131	290.163	287.863	278.499
01:17:00	17.544	19.655	19.684	55.394	56.396	52.974	144.161	158.119	157.116	288.165	289.677	272.442
01:18:00	16.156	20.258	20.488	52.76	56.432	54.335	148.389	159.687	157.375	290.432	292.838	271.948
01:19:00	16.868	20.102	21.328	53.55	59.203	54.117	145.961	159.965	158.903	290.192	290.408	272.033
01:20:00	16.911	20.871	20.278	53.818	57.449	54.984	140.614	162.063	156.221	290.183	287.489	274.221
01:21:00	17.129	20.149	20.757	54.675	57.077	54.549	145.972	162.82	155.803	288.116	288.111	274.781
01:22:00	17.037	19.808	21.1	53.913	56.751	55.121	149.24	162.624	157.057	289.832	290.889	274.444
01:23:00	17.539	19.476	19.888	54.238	57.176	53.539	144.405	162.818	155.201	289.791	288.271	272.525
01:24:00	17.339	19.747	20.598	53.308	57.852	54.018	146.676	162.342	157.316	288.547	285.791	272.894
01:25:00	16.567	20.827	19.722	52.343	56.027	53.576	145.745	163.003	155.623	288.25	287.139	274.899
01:26:00	16.287	19.943	18.314	53.562	57.319	54.642	145.754	161.885	157.129	288.365	286.663	272.738
01:27:00	16.662	19.995	20.968	54.278	56.99	52.37	144.58	163.237	157.568	288.446	287.567	269.546
01:28:00	15.822	20.22	20.258	54.754	57.111	55.345	147.08	158.656	158.581	289.721	289.469	272.178
01:29:00	16.797	19.696	20.959	54.09	56.752	55.028	148.168	163.868	158.674	287.639	290.862	273.267
01:30:00	17.227	19.408	20.226	51.46	56.556	54.766	147.112	160.319	157.782	290.301	287.273	271.869
01:31:00	15.981	18.702	19.952	51.853	55.563	53.191	145.637	161.001	156.224	291.503	289.326	276.671
01:32:00	16.9	19.944	20.752	52.357	56.983	53.39	145.645	161.508	159.095	288.725	286.559	275.326
01:33:00	17.148	19.596	18.838	53.486	56.859	53.696	144.753	162.884	158.313	291.593	290.825	271.332
01:34:00	16.593	20.271	20.425	51.855	56.601	53.582	147.098	161.134	156.979	288.918	286.153	275.798
01:35:00	16.82	19.585	19.978	55.051	57.299	54.016	148.575	161.536	159.199	288.025	290.595	274.538
01:36:00	16.613	19.884	20.187	54.618	57.458	52.291	147.759	165.036	159.339	287.829	289.068	270.791
01:37:00	16.947	20.128	20.54	52.095	57.487	53.787	146.776	160.298	157.226	289.343	289.019	271.498
01:38:00	16.188	19.584	20.348	52.898	54.436	53.992	148.082	161.088	156.701	289.232	287.46	274.395
01:39:00	15.864	18.616	19.818	52.157	56.431	53.985	147.009	164.869	159.004	287.02	289.257	274.878
01:40:00	16.428	20.511	19.985	53.138	55.55	53.119	149.039	161.983	160.618	289.725	292.03	269.25
01:41:00	17.143	19.209	19.848	53.011	54.984	53.694	151.748	162.277	158.429	295.532	288.916	274.961
01:42:00	17.209	19.771	19.128	54.263	55.887	52.637	146.387	162.68	156.918	287.684	283.985	273.244
01:43:00	15.941	19.228	19.723	53.057	55.772	54.208	145.089	162.617	158.225	294.961	290.671	268.714
01:44:00	17.772	19.3	20.493	54.441	54.754	51.813	152.74	163.576	158.761	294.204	288.921	274.415
01:45:00	17.773	19.203	20.737	52.538	56.026	52.46	146.065	162.579	157.82	291.441	287.296	271.147
01:46:00	17.109	19.079	19.81	52.977	55.159	51.835	149.942	165.453	157.175	292.257	286.415	269.002
01:47:00	17.864	19.714	20.484	53.222	56.838	54.753	148.37	163.689	157.031	294.226	288.146	274.548
01:48:00	17.06	20.341	20.005	51.77	54.55	52.55	147.948	163.603	160.815	292.854	285.789	272.954
01:49:00	17.047	19.767	19.845	52.627	55.178	52.726	149.174	163.293	157.888	291.442	292.504	268.94
01:50:00	16.773	20.943	20.226	51.333	55.531	52.282	149.009	162.278	159.035	288.453	289.443	269.123
01:51:00	17.739	19.813	20.731	52.643	56.208	52.876	149.327	162.868	159.899	289.579	288.109	273.691
01:52:00	18.02	19.657	19.269	53.205	56.482	52.051	148.76	165.122	161.576	290.273	287.567	271.333
01:53:00	17.015	19.425	19.907	53.29	55.901	53.145	146.23	165.492	159.074	288.749	285.983	270.133
01:54:00	16.959	19.392	20.298	52.701	55.777	51.706	147.822	162.159	156.395	290.006	285.104	272.827
01:55:00	17.381	20.791	19.34	51.804	56.503	53.393	150.211	164.126	159.878	293.218	290.069	273.461
01:56:00	17.492	19.799	20.427	51.763	58.888	52.485	148.439	163.092	159.624	291.237	287.168	269.494
01:57:00	17.124	19.2	20.721	51.743	54.603	52.747	148.237	164.801	156.01	289.706	285.552	269.115
01:58:00	17.289	18.999	19.584	52.321	54.007	54.2	149.617	163.562	158.285	294.763	286.402	268.248
01:59:00	16.028	19.531	20.611	52.356	54.833	51.732	151.268	165.966	159.211	294.937	289.222	270.057
02:00:00	17.382	19.309	20.61	53.537	53.66	52.091	148.669	164.477	161.569	296.998	289.463	270.222