Time	25_1	25_2	25_3	50_1	50_2	50_3	100_1	100_2	100_3	150_1	150_2	150_3
00:00:00	99.77	98.545	98.99	166.798	170.852	172.762	330.169	326.643	334.575	494.278	495.594	492.666
00:01:00	93.173	94.195	92.513	162.139	163.201	166.542	319.629	312.407	318.901	466.974	465.521	469.072
00:02:00	88.97	88.654	86.161	156.762	159.591	161.554	308.521	303.855	311.196	457.925	464.305	460.711
00:03:00	84.12	84.638	77.681	154.279	148.14	147.888	289.699	283.522	288.196	445.712	453.587	449.788
00:04:00	79.581	81.18	78.241	145.668	144.655	142.349	284.102	270.098	284.05	440.806	438.541	440.514
00:05:00	76.575	78.924	74.919	140.916	140.27	138.837	275.347	266.688	273.94	435.684	438.885	442.384
00:06:00	72.772	77.639	70.236	137.155	139.876	131.259	265.833	258.198	267.564	429.783	433.992	435.889
00:07:00	69.732	76.96	66.747	129.368	132.222	128.752	255.997	253.342	258.715	423.06	428.29	433.806
00:08:00	69.474	73.573	64.793	122.058	127.422	124.062	253.4	248.735	252.505	417.007	428.349	431.918
00:09:00	67.641	70.699	64.733	118.539	126.816	123.096	248.947	245.958	251.849	418.105	426.271	426.896
00:10:00	64.713	68.61	62.162	116.751	123.671	119.204	247.023	243.764	245.096	410.609	423.899	426.883
00:11:00	62.291	65.225	60.429	115.093	121.196	117.352	246.019	245.415	248.11	413.615	425.398	421.75
00:12:00	63.112	65.628	58.705	112.831	120.95	117.344	240.911	237.398	244.406	408.837	420.674	418.435
00:13:00	62.094	63.104	58.626	109.327	115.071	112.88	241.627	238.642	239.135	412.122	424.27	420.838
00:14:00	59.596	63.384	57.461	109.737	114.284	112.617	237.92	239.343	240.121	406.578	417.161	413.539
00:15:00	59.91	62.589	55.398	107.779	113.408	108.718	237.379	232.515	239.159	405.017	420.423	422.574
00:16:00	57.117	61.166	54.368	107.277	112.302	108.554	235.518	233.75	238.163	407.717	421.2	414.284
00:17:00	55.988	59.773	53.688	105.826	109.723	104.974	233.631	232.87	237.895	406.177	419.637	415.716
00:18:00	56.838	58.789	52.432	103.049	108.699	106.072	234.63	230.574	234.232	400.707	416.327	419.621
00:19:00	54.033	56.425	49.185	101.884	107.982	105.826	231.609	229.549	235.736	401.225	412.29	411.246
00:20:00	52.188	54.978	51.191	100.589	107.261	105.778	234.947	231.623	235.546	405.321	416.691	416.418
00:21:00	51.707	53.165	49.211	97.206	105.284	103.342	232.169	224.696	234.431	402.026	414.182	410.019
00:22:00	51.838	53.428	47.476	100.163	106.376	103.692	231.713	232.901	233.157	401.818	412.675	412.108
00:23:00	48.694	53.273	48.177	100.211	107.348	102.451	230.409	230.04	230.09	402.437	414.307	413.169
00:24:00	49.946	52.775	47.403	100.077	103.959	101.197	227.252	227.659	232.819	402.991	410.721	412.391
00:25:00	48.299	50.4	46.498	97.757	103.81	101.522	228.758	229.985	229.585	397.431	412.023	407.917
00:26:00	48.411	50.958	46.208	96.5	102.048	99.676	228.262	227.05	228.481	394.394	412.369	409.378
00:27:00	47.162	49.403	44.452	97.824	99.283	100.702	223.554	225.146	230.96	402.619	408.906	410.043
00:28:00	47.382	48.924	44.437	97.349	98.823	97.052	227.686	226.152	232.144	396.625	407.283	411.99
00:29:00	46.405	48.395	43.14	94.389	97.606	98.674	229.609	227.547	229.054	403.288	411.033	408.594
00:30:00	47.168	48.344	42.224	96.305	93.931	96.857	224.995	224.786	231.172	395.826	409.255	410.618
00:31:00	46.522	48.528	43.701	96.142	97.281	98.848	229.33	226.391	231.045	400.24	408.85	414.155
00:32:00	45.274	47.904	44.542	96.431	94.216	95.567	227.98	226.28	232.58	393.84	411.605	406.868
00:33:00	44.212	47.996	41.224	94.403	93.235	94.329	224.486	220.946	229.867	394.336	412.168	405.534
00:34:00	42.172	45.987	41.921	94.208	93.558	92.322	226.204	227.607	227.121	395.183	409.138	409.697
00:35:00	44.928	46.114	42.109	93.029	92.011	95.064	224.899	225.477	227.877	397.045	410.405	410.665
00:36:00	42.009	45.041	41.881	92.369	91.197	91.582	223.043	224.412	228.586	391.866	407.595	406.785
00:37:00	41.761	45.285	41.46	92.65	90.389	91.955	225.094	223.255	229.064	391.052	408.65	408.009
00:38:00	42.032	45.144	40.222	92.048	89.534	91.358	225.216	222.295	228.964	395.84	410.741	419.821
00:39:00	40.921	44.149	39.171	90.817	89.035	90.17	222.472	223.25	226.684	395.493	407.096	414.638
00:40:00	41.835	43.521	39.995	91.261	86.637	89.033	225.927	223.292	227.255	395.06	410.783	410.608
00:41:00	41.051	44.689	39.993	91.418	87.508	88.704	221.411	220.603	227.289	394.134	404.428	413.832
00:42:00	39.521	43.643	38.727	89.639	87.821	89.225	224.897	223.208	223.983	388.944	406.733	411.515
00:43:00	40.498	43.007	39.581	89.547	87.418	88.346	223.838	226.785	229.027	397.595	412.223	412.57
00:44:00	40.397	43.792	39.132	87.747	87.834	88.953	225.411	224.746	224.437	397.405	404.449	413.645
00:45:00	40.73	41.428	39.698	89.108	86.437	88.794	226.19	222.041	225.141	392.72	404.922	405.838
00:46:00	40.374	42.265	37.986	90.905	87.191	87.576	222.855	224.978	227.536	393.212	409.265	399.334
00:47:00	39.291	42.217	37.905	88.74	85.38	84.194	224.696	222.605	226.706	394.118	405.554	396.767
00:48:00	38.686	42.244	38.069	88.15	83.513	87.764	227.596	223.799	223.449	393.866	403.771	402.449
00:49:00	40.002	44.231	39.075	87.8	85.07	88.663	224.974	220.417	227.359	394.767	405.636	400.552
00:50:00	39.756	42.002	37.934	87.19	85.731	86.517	221.052	223.385	225.191	395.421	406.706	404.12
00:51:00	38.846	40.881	38.118	87.92	86.218	85.93	222.257	219.022	224.387	393.169	399.557	403.875
00:52:00	38.549	40.369	37.685	86.36	85.501	85.644	222.744	221.27	227.812	390.03	404.915	397.76
00:53:00	37.486	41.683	36.808	84.177	84.285	84.422	222.432	221.717	222.92	390.266	404.458	395.347
00:54:00	37.14	40.207	37.438	83.237	82.922	83.87	222.562	218.454	226.605	388.51	405.51	414.651
00:55:00	39.034	39.422	36.497	85.348	82.842	84.44	221.664	220.166	226.397	388.893	407.02	413.47
00:56:00	38.009	38.591	36.978	85.25	81.396	86.54	222.963	218.139	225.498	388.252	403.448	412.258
00:57:00	37.844	38.422	35.682	84.131	83.018	85.741	221.459	226.502	227.393	389.639	401.467	395.849
00:58:00	36.784	39.134	37.385	82.478	81.636	84.672	221.367	222.823	222.893	387.26	403.066	396.525
00:59:00	36.694	36.65	34.823	80.342	79.914	84.572	220.812	219.831	224.421	387.462	401.779	410.043
01:00:00	36.321	37.298	34.462	82.459	82.862	84.144	222.043	220.491	225.24	389.122	405.463	398.216
01:01:00	36.975	37.214	35.384	80.69	81.12	82.296	223.407	221.184	224.904	388.919	406.254	395.445
01:02:00	36.408	36.623	34.281	81.043	81.587	83.833	220.387	218.289	224.729	387.965	399.392	411.23
01:03:00	37.173	38.026	36.24	81.699	80.388	83.624	221.533	221.868	225.834	386.209	408.161	400.679
01:04:00	36.604	36.119	34.591	80.433	79.001	83.536	219.293	222.177	224.337	383.807	394.606	393.487
01:05:00	36.738	36.043	34.982	79.764	82.079	82.841	217.946	221.386	223.879	386.763	404.891	404.542
01:06:00	35.873	35.928	35.57	81.475	81.021	83.31	225.554	218.599	224.232	387.529	401.731	400.155
01:07:00	36.365	36.521	34.438	77.041	78.747	82.861	218.285	220.77	225.894	385.692	402.7	394.377
01:08:00	37.263	35.207	34.775	78.469	79.086	83.188	221.449	220.471	224.626	388.608	397.271	400.532
01:09:00	35.348	35.55	34.198	78.528	77.58	81.343	218.692	217.297	219.42	384.04	394.89	400.363
01:10:00	36.396	36.621	34.569	78.929	77.424	81.847	220.758	219.554	226.455	388.763	400.302	404.239
01:11:00	36.514	34.948	32.595	79.831	80.263	81.205	220.877	220.052	226.379	386.572	406.001	395.007
01:12:00	35.223	34.44	35.614	78.056	77.122	81.797	220.151	220.156	221.614	387.52	404.512	399.239
01:13:00	36.037	34.95	34.473	79.597	78.343	79.582	220.686	218.287	223.128	383.461	402.977	394.129
01:14:00	36.101	36.121	34.125	78.229	77.236	81.432	222.237	219.84	223.539	388.665	405.165	403.451
01:15:00	35.202	35.376	32.692	78.475	77.964	80.608	220.746	217.656	221.844	382.168	398.181	407.521
01:16:00	34.69	35.141	34.447	79.066	78.19	80.376	219.174	219.622	223.786	384.563	402.397	398.848
01:17:00	35.404	34.433	33.002	77.157	77.988	78.712	221.09	219.227	225.504	384.438	400.612	406.37
01:18:00	35.363	34.759	33.664	76.777	77.354	81.402	220.645	218.55	224.328	380.184	397.031	398.403
01:19:00	35.462	35.51	33.96	77.771	75.992	79.216	219.32	217.493	222.086	379.669	396.975	403.69
01:20:00	35.115	34.374	33.345	76.168	76.437	82.091	219.163	217.585	221.43	384.662	398.283	396.573
01:21:00	35.589	33.327	33.577	76.656	77.231	79.848	220.792	218.179	224.419	382.871	397.463	395.755
01:22:00	35.35	35.669	33.737	77.439	76.616	79.933	224.432	221.682	224.869	385.479	399.871	405.472
01:23:00	35.116	34.847	33.329	75.609	75.253	77.921	219.573	218.634	224.517	387.482	399.855	401.653
01:24:00	35.165	35.025	34.089	77.384	76.078	79.238	221.745	217.683	221.784	387.618	404.431	397.009
01:25:00	34.199	32.988	32.721	75.048	77.102	78.699	222.266	218.552	225.031	384.676	398.281	402.922
01:26:00	34.733	33.075	33.508	75.922	74.834	79.443	218.067	220.549	224.277	385.738	402.305	398.63
01:27:00	35.274	33.955	32.368	75.703	75.123	77.365	223.745	222.417	221.498	388.057	398.402	397.106
01:28:00	35.35	33.585	32.361	75.987	76.537	77.473	219.612	216.471	221.301	383.049	400.095	398.869
01:29:00	34.518	33.803	34.925	76.216	76.616	77.5	218.835	218.834	222.105	383.188	397.129	393.053
01:30:00	36.38	32.94	34.482	77.296	76.213	79.316	216.614	213.35	221.57	382.351	395.465	395.403
01:31:00	33.957	33.283	33.55	76.549	76.459	77.952	217.492	217.353	219.26	382.021	390.479	388.802
01:32:00	34.857	33.143	32.419	76.75	75.579	79.052	219.169	218.802	224.94	381.706	402.314	406.115
01:33:00	33.007	32.587	33.493	75.492	74.074	77.467	218.564	216.729	225.228	384.442	392.641	394.914
01:34:00	35.157	34.371	32.293	75.726	76.733	79.363	222.769	220.377	223.877	386.225	398.133	394.481
01:35:00	35.536	33.529	32.578	76.909	75.77	79.068	217.57	213.961	219.946	386.776	395.749	401.773
01:36:00	35.3	34.717	34.82	77.337	75.74	77.775	219.445	217.997	220.646	383.792	395.252	394.597
01:37:00	33.354	33.116	33.483	76.171	74.554	78.376	218.628	220.821	218.985	384.383	396.208	392.608
01:38:00	34.581	33.119	34.365	75.307	74.53	77.232	219.411	216.15	223.614	384.66	396.876	402.936
01:39:00	34.145	32.872	32.387	76.798	72.999	79.013	218.688	219.528	224.529	384.777	394.543	390.104
01:40:00	34.738	33.697	33.537	75.824	74.185	77.622	219.939	215.442	224.108	381.606	398.147	407.356
01:41:00	33.86	32.413	32.84	74.065	73.314	78.38	218.436	219.695	223.112	381.672	393.194	391.856
01:42:00	34.607	33.906	33.248	75.115	73.608	78.157	221.99	219.613	219.893	381.339	397.82	390.067
01:43:00	34.553	32.839	32.11	76.598	73.136	77.633	221.819	215.698	221.601	382.998	400.494	394.63
01:44:00	34.291	33.63	32.932	73.913	71.841	77.439	218.105	215.88	222.11	380.483	396.833	391.976
01:45:00	34.645	34.826	32.865	75.375	72.066	77.751	216.196	218.803	221.095	381.407	396.177	394.557
01:46:00	34.283	32.613	32.062	74.695	75.236	77.013	219.874	216.36	218.76	379.86	394.341	388.141
01:47:00	34.403	32.67	32.256	72.61	72.384	76.222	217.019	215.989	221.6	382.16	389.476	386.244
01:48:00	34.353	31.967	32.723	74.832	72.353	76.377	218.05	217.976	220.436	382.658	399.711	391.075
01:49:00	33.939	32.483	33.698	73.573	72.486	76.374	221.312	219.239	220.35	383.782	389.92	386.727
01:50:00	35.327	32.441	32.863	74.943	73.397	78.924	220.624	217.851	217.968	383.711	398.898	389.611
01:51:00	33.364	33.278	32.847	74.222	69.465	77.642	218.691	218.361	216.998	380.495	393.267	395.393
01:52:00	33.204	33.068	32.906	73.45	71.158	77.002	216.259	220.04	222.106	383.877	392.591	395.297
01:53:00	35.467	33.649	31.487	75.127	74.653	76.171	218.848	221.256	225.911	380.669	396.38	399.497
01:54:00	33.738	34.33	33.019	72.556	74.383	76.667	217.613	218.937	222.48	383.845	400.405	393.508
01:55:00	33.211	33.065	31.734	73.389	72.956	76.765	217.551	216.305	217.82	384.215	393.201	386.938
01:56:00	33.515	33.687	32.584	74.12	72.658	76.64	219.357	218.205	219.752	379.199	396.975	388.354
01:57:00	33.564	32.638	32.145	74.82	73.966	77.173	217.49	219.875	220.759	381.746	390.253	391.58
01:58:00	34.548	33.314	32.356	72.832	72.783	76.21	222.202	216.215	224.012	380.922	393.344	389.608
01:59:00	33.318	33.506	33.158	72.495	71.625	77.134	220.311	218.052	222.693	379.733	398.249	392.406
02:00:00	33.249	32.416	32.108	73.516	72.362	74.894	216.468	216.612	219.595	381.538	396.251	386.36