Time	25_1	25_2	25_3	50_1	50_2	50_3	100_1	100_2	100_3	150_1	150_2	150_3
00:00:00	73.995	73.36	83.264	151.995	146.193	143.006	258.646	250.122	263.13	389.108	359.516	362.69
00:01:00	70.658	65.064	70.278	129.406	128.014	126.474	241.099	230.659	247.135	359.902	346.211	347.604
00:02:00	64.029	60.5	66.294	122.156	114.652	119.674	236.195	228.138	235.136	339.698	326.749	325.296
00:03:00	60.819	55.049	60.67	113.765	110.681	112.191	222.81	216	224.006	324.285	316.304	310.611
00:04:00	56.323	51.549	57.344	110.144	106.399	109.218	215.156	204.274	211.943	317.4	307.9	306.681
00:05:00	50.455	49.297	53.653	104.843	101.996	102.82	200.623	201.309	206.624	307.263	300.296	303.39
00:06:00	49.555	48.18	50.161	100.872	96.755	98.719	197.094	189.051	195.833	300.989	290.914	294.412
00:07:00	46.744	45.78	50.474	99.5	92.552	95.875	189.451	185.091	188.837	298.552	289.016	295.01
00:08:00	45.425	43.43	47.362	93.579	89.975	92.408	182.749	176.334	184.589	294.641	291.922	285.053
00:09:00	43.584	41.574	44.907	92.565	87.905	91.787	179.954	171.654	181.671	291.661	286.245	286.76
00:10:00	42.199	38.976	42.769	89.924	85.9	87.333	171.313	169.461	177.114	292.763	283.24	285.979
00:11:00	39.52	38.745	42.414	88.163	84.54	82.89	176.778	167.635	175.564	288.328	284.848	283.686
00:12:00	38.194	36.336	39.773	85.515	81.81	81.95	166.741	162.588	173.446	286.989	279.951	275.346
00:13:00	37.638	35.724	39.127	84.932	82.842	84.891	166.418	162.981	168.258	285.358	274.647	279.991
00:14:00	35.649	33.029	38.18	79.526	78.295	79.844	164.085	161.274	168.551	281.604	282.271	274.536
00:15:00	35.394	34.88	35.357	78.993	78.179	80.251	162.271	159.688	167.859	286.118	277.026	278.582
00:16:00	32.042	32.939	34.97	78.282	76.449	76.496	163.36	154.12	164.778	282.134	276.648	274.112
00:17:00	33.591	32.501	35.606	78.158	75.001	78.506	159.695	155.649	168.315	283.463	268.667	275.111
00:18:00	30.706	30.284	34.187	74.455	71.763	73.36	155.227	158.113	161.233	278.66	271.591	274.168
00:19:00	31.837	31.009	32.959	73.701	72.399	73.665	157.801	152.64	160.809	276.59	269.78	273.156
00:20:00	29.47	30.194	31.78	73.365	72.1	72.913	158.168	153.12	162.345	280.338	278.706	274.528
00:21:00	29.606	28.629	32.629	76.234	72.37	72.433	156.642	153.38	157.245	282.993	272.684	274.64
00:22:00	27.937	27.432	30.662	70.501	71.994	71.798	156.153	149.112	161.101	280.035	270.97	270.083
00:23:00	27.14	27.876	30.266	73.67	70.643	70.853	156.045	149.554	162.651	280.658	269.133	274.668
00:24:00	27.438	26.718	29.7	70.404	70.526	70.722	153.956	150.539	157.353	278.977	269.638	267.601
00:25:00	26.991	26.359	30.343	68.879	66.488	68.665	152.439	148.289	157.845	275.063	270.094	269.779
00:26:00	26.399	25.728	28.682	67.95	67.485	68.831	153.244	151.113	157.837	278.117	269.775	272.54
00:27:00	27	25.817	28.725	69.751	66.859	68.541	155.283	146.824	157.784	274.169	271.387	267.96
00:28:00	26.57	24.866	27.935	66.663	66.886	68.078	150.724	147.011	157.308	276.275	267.2	264.438
00:29:00	24.811	26.227	26.994	65.372	64.928	67.613	153.868	147.104	154.011	272.607	268.458	268.002
00:30:00	24.598	23.852	27.049	65.742	63.644	66.013	151.93	151.734	155.494	277.161	266.937	272.086
00:31:00	23.927	25.042	27.009	65.391	64.866	66.312	153.628	149.98	151.734	276.251	271.271	265.044
00:32:00	24.666	24.334	24.765	64.969	62.566	65.138	149.699	145.817	156.387	278.251	268.559	271.636
00:33:00	22.675	23.871	26.094	64.494	63.706	65.16	147.826	147.409	155.978	271.764	270.429	270.161
00:34:00	23.342	23.511	26.269	65.205	60.875	63.297	150.448	145.487	153.557	269.308	266.12	264.305
00:35:00	22.853	22.423	25.499	64.569	62.312	63.454	148.399	144.55	151.504	272.97	265.788	265.369
00:36:00	21.601	22.453	24.656	63.689	61.187	61.957	147.718	144.184	152.021	270.989	266.419	268.318
00:37:00	22.436	22.988	23.874	62.137	60.473	62.401	150.539	148.067	150.917	270.872	260.68	261.409
00:38:00	22.323	22.376	23.525	60.319	57.978	60.862	148.521	146.049	151.254	269.425	264.599	265.123
00:39:00	22.528	23.483	24.451	60.623	58.974	60.955	149.054	146.691	150.815	269.689	263.717	263.291
00:40:00	23.195	21.759	24.189	59.816	56.262	59.273	151.14	144.834	153.972	271.256	270.305	265.015
00:41:00	21.422	21.776	22.97	61.228	56.432	57.77	147.767	144.862	153.28	271.416	261.125	265.077
00:42:00	21.386	22.315	22.905	57.56	57.949	57.612	149.439	145.126	154.027	269.273	266.197	265.41
00:43:00	22.001	21.571	22.199	56.669	56.012	57.448	149.611	144.656	150.406	269.869	264.26	263.965
00:44:00	21.84	20.077	23.423	55.465	55.359	57.511	147.138	144.411	151.699	273.436	264.912	261.638
00:45:00	20.857	21.33	23.798	56.531	55.7	55.718	147.83	142.595	152.375	267.818	268.617	265.941
00:46:00	20.826	20.228	23.858	56.24	54.688	56.482	149.093	142.548	149.841	269.246	264.649	260.285
00:47:00	21.363	20.475	23.229	57.08	53.632	56.741	148.582	141.918	153.659	271.203	262.53	262.739
00:48:00	20.739	19.647	22.938	53.154	52.366	54.496	149.326	141.864	150.456	268.148	265.306	261.77
00:49:00	20.365	20.337	22.199	54.154	52.997	54.42	146.839	142.905	151.523	269.148	265.062	268.48
00:50:00	20.596	19.515	21.689	52.615	53.351	56.128	147.05	144.229	151.439	274.24	268.783	267.902
00:51:00	20.161	19.881	21.681	54.539	50.051	55.418	146.086	143.575	151.922	270.159	262.705	265.193
00:52:00	19.915	20.788	22.119	51.558	50.318	54.078	146.431	144.989	146.569	267.989	262.225	260.157
00:53:00	19.193	19.196	21.845	53.033	52.782	53.907	145.331	140.842	149.567	264.861	262.839	262.883
00:54:00	19.971	19.724	21.46	52.013	50.653	52.253	142.939	142.035	152.041	265.955	260.204	259.666
00:55:00	20.311	19.948	22.569	51.806	50.904	53.127	148.568	144.624	148.669	271.577	264.843	264.634
00:56:00	19.186	19.267	22.461	52.244	50.883	53.656	145.215	143.65	150.644	269.459	260.052	262.46
00:57:00	19.963	18.893	21.315	52.561	51.197	53.136	146.958	143.01	152.181	270.553	262.059	258.567
00:58:00	18.942	20.758	22.106	52.38	51.15	53.645	146.819	142.629	151.655	267.147	265.696	265.97
00:59:00	20.042	19.093	21.628	51.786	49.872	53.054	146.274	141.191	149.129	269.108	262.546	264.691
01:00:00	20.809	18.541	21.965	51.702	49.482	53.862	147.628	140.512	150.973	267.039	267.339	264.565
01:01:00	19.202	20.109	20.399	51.185	50.574	53.091	146.913	140.753	148.651	266.715	262.558	263.01
01:02:00	20.375	20.126	20.987	50.826	50.191	52.262	145.705	139.951	148.947	269.89	263.339	259.18
01:03:00	19.557	19.532	20.618	51.385	50.438	51.79	147.93	141.672	151.986	267.487	264.034	262.757
01:04:00	18.777	17.946	20.895	50.999	50.61	51.471	145.952	143.314	147.462	271.215	259.102	259.125
01:05:00	19.585	19.275	20.736	52.354	49.583	52.981	148.094	142.381	150.417	271.661	266.945	262.333
01:06:00	19.062	19.724	20.685	51.284	49.937	52.3	147.422	143.371	147.382	270.828	263.889	263.147
01:07:00	19.828	18.696	19.443	50.596	49.288	50.952	147.385	144.347	149.035	265.936	259.985	260.708
01:08:00	19.006	18.472	20.827	49.348	49.855	52.073	146.148	143.917	154.698	270.721	265.092	264.803
01:09:00	18.386	18.939	21.02	51.118	48.603	52.974	146.954	144.239	147.425	266.572	261.258	261.442
01:10:00	19.551	19.082	20.463	49.382	48.611	51.288	148.399	140.446	151.623	266.443	259.622	262.021
01:11:00	19.783	18.641	20.482	50.291	50.246	52.087	146.719	140.586	148.425	268.731	260.891	267.325
01:12:00	19.243	18.051	19.779	49.751	50.786	52.317	147.492	142.07	149.973	265.312	262.094	260.892
01:13:00	18.675	18.447	19.494	49.032	50.038	52.064	147.163	140.984	151.026	267.153	263.365	260.48
01:14:00	17.565	19.47	20.898	48.456	49.059	51.505	143.586	142.316	149.643	268.01	264.569	264.499
01:15:00	18.352	17.695	21.005	51.226	47.508	52.655	146.07	142.401	149.248	267.698	259.207	263.334
01:16:00	19.283	19.141	19.489	51.329	47.883	52.835	142.512	142.835	149.701	268.047	262.596	259.154
01:17:00	17.602	17.961	19.146	49.94	49.142	53.171	143.569	140.197	151.195	266.276	264.091	260.83
01:18:00	18.063	18.885	19.493	51.918	49.116	53.291	145.697	141.503	150.111	266.588	265.797	262.835
01:19:00	18.867	17.908	20.896	49.193	49.602	52.183	144.104	141.2	149.109	266.115	264.837	263.374
01:20:00	18.129	18.437	20.732	48.617	48.2	51.309	144.697	142.155	148.618	264.725	259.513	256.756
01:21:00	18.858	18.697	19.318	50.083	48.792	50.396	144.857	142.796	149.772	266.376	260.753	261.99
01:22:00	18.928	18.608	19.983	49.577	49.385	51.823	145.948	139.941	148.094	270.5	265.902	262.248
01:23:00	19.251	18.95	19.869	48.966	48.177	52.286	146.187	139.108	150.618	267.926	262.494	265.728
01:24:00	18.965	17.054	21.012	51.17	48.415	50.789	148.161	143.102	147.411	265.759	261.21	264.072
01:25:00	17.599	17.995	19.975	50.874	49.493	51.072	146.486	139.844	147.552	267.805	260.199	262.141
01:26:00	18.739	16.897	19.199	50.326	48.194	50.538	144.597	140.482	150.724	265.917	259.372	260.466
01:27:00	17.646	18.02	18.916	48.401	47.288	50.152	145.239	141.222	151.192	264.267	257.979	261.96
01:28:00	18.398	18.794	19.618	47.87	47.463	49.507	145.163	143.167	150.362	267.502	261.74	255.707
01:29:00	18.634	17.403	19.177	48.588	48.588	50.552	144.519	142.899	148.502	263.924	261.864	260.725
01:30:00	17.941	17.289	19.391	48.328	47.968	50.628	144.911	140.597	152.128	264.902	260.468	258.46
01:31:00	17.441	18.606	19.418	49.777	46.961	49.941	144.346	141.636	150.885	266.084	259.451	255.7
01:32:00	18.285	17.252	19.858	49.367	47.435	50.368	144.268	141.773	149.273	265.243	258.354	261.2
01:33:00	18.366	17.863	19.801	47.881	47.577	50.126	143.222	140.113	149.781	268.721	260.972	259.55
01:34:00	18.735	16.851	19.267	48.072	49	49.679	146.259	142.276	149.843	265.988	262.206	259.694
01:35:00	17.791	18.057	18.747	48.5	47.398	50.93	145.271	139.363	148.397	267.888	262.221	263.968
01:36:00	17.612	18.69	19.156	47.443	47.133	49.206	145.076	141.506	150.91	264.027	261.951	256.663
01:37:00	17.149	18.223	18.995	48.639	46.868	49.666	143.198	141.069	146.957	265.991	263.885	254.97
01:38:00	18.208	18.051	19.18	48.937	47.188	49.55	145.709	141.405	149.538	266.202	256.105	261.386
01:39:00	17.663	17.678	19.674	48.703	46.457	49.339	143.633	141.122	148.512	264.983	258.479	262.026
01:40:00	17.401	17.817	19.201	50.351	48.099	49.292	143.505	142.395	150.386	266.878	263.923	260.945
01:41:00	18.802	18.388	19.238	47.686	48.255	48.634	144.914	140.753	148.464	265.627	265.035	259.365
01:42:00	17.31	18.381	19.033	48.621	48.711	49.691	143.731	141.49	148.022	262.961	262.387	259.385
01:43:00	19.766	17.228	19.431	47.695	46.649	49.267	145.821	141.363	147.442	264.933	259.577	260.666
01:44:00	17.836	18.136	20.221	47.937	46.819	48.963	146.025	141.609	147.623	268.95	259.412	258.134
01:45:00	18.184	17.994	18.711	48.265	45.088	48.783	142.931	137.686	147.252	263.522	257.362	256.99
01:46:00	17.403	17.669	18.13	47.533	45.983	48.339	143.587	140.921	150.396	266.522	256.241	256.081
01:47:00	17.663	18.082	19.316	48.701	46.254	48.477	143.854	141.867	150.041	264.391	265.023	263.898
01:48:00	17.304	17.263	19.627	48.998	46.81	49.504	147.016	144.105	149.142	261.719	260.456	258.883
01:49:00	17.584	18.104	18.695	47.894	46.437	48.816	144.988	140.772	147.278	266.397	259.744	259.577
01:50:00	17.072	17.39	19.527	47.419	45.954	47.929	145.134	140.187	146.402	262.419	262.574	257.25
01:51:00	17.263	17.489	19.071	48.757	46.82	49.182	146.227	141.012	148.524	266.594	262.076	260.751
01:52:00	18.141	17.898	19.057	46.65	47.343	48.411	143.611	141.142	149.261	264.183	258.89	258.517
01:53:00	18.592	17.545	19.43	47.908	47.076	48.16	145.265	142.469	148.183	259.371	260.325	255.82
01:54:00	17.432	18.167	19.18	48.287	45.522	47.474	145.009	141.593	148.477	265.306	260.967	258.319
01:55:00	18.655	18.535	19.576	48.849	45.28	48.564	148.098	141.417	148.637	264.202	261.151	255.734
01:56:00	18.45	17.301	19.194	48.28	47.11	47.179	143.425	141.778	147.991	262.917	258.233	259.748
01:57:00	18.402	17.542	19.602	47.841	46.471	49.113	143.99	139.585	147.881	265.721	264.373	257.598
01:58:00	18.577	17.381	18.54	49.522	45.493	46.48	143.897	141.586	148.295	266.959	259.413	256.5
01:59:00	18.43	18.45	19.558	47.24	47.054	46.244	145.295	143.022	148.135	261.077	258.97	257.393
02:00:00	18.165	17.927	19.412	46.756	45.097	48.248	144.943	143.962	148.263	267.44	258.934	257.997