Time	25_1	25_2	25_3	50_1	50_2	50_3	100_1	100_2	100_3	150_1	150_2	150_3
00:00:00	98.032	104.653	100.108	174.795	180.885	169.724	334.774	340.191	340.637	503.84	500.396	486.734
00:01:00	94.856	93.215	94.586	165.413	173.485	169.406	319.985	320.855	321.536	484.351	469.231	467.172
00:02:00	88.44	90.504	89.768	159.548	161.859	161.236	306.581	306.48	306.845	470.621	460.414	453.331
00:03:00	83.957	83.902	84.822	150.91	152.338	155.71	286.346	295.074	291.362	453.838	447.614	437.43
00:04:00	78.757	81.003	82.54	147.127	148.114	149.64	279.005	282.844	282.858	452.201	441.743	438.317
00:05:00	77.194	78.155	77.165	143.909	141.648	143.441	269.331	272.507	276.037	451.65	437.841	425.732
00:06:00	71.849	76.832	74.74	140.615	139.71	140.88	259.33	269.988	270.538	441.904	428.776	422.43
00:07:00	70.341	72.269	72.542	137.694	135.249	135.045	255.839	265.08	264.737	433.194	426.775	420.537
00:08:00	67.175	71.773	70.407	133.135	132.294	131.835	255.024	260.4	261.586	434.907	426.839	418.644
00:09:00	64.742	70.331	68.115	128.01	127.07	128.944	246.5	255.609	260.06	431.906	428.941	418.83
00:10:00	61.078	69.103	67.168	125.442	124.915	125.579	245.417	253.226	259.198	434.598	421.702	416.218
00:11:00	62.499	65.259	64.296	121.759	122.464	124.867	242.035	252.616	257.8	428.767	424.927	412.032
00:12:00	61.104	64.315	65.176	122.635	119.57	121.337	240.93	251.853	251.927	433.889	419.908	411.803
00:13:00	57.504	65.512	63.012	118.894	118.214	123.02	241.625	252.666	249.846	424.387	416.851	412.795
00:14:00	59.339	60.906	60.501	117.685	118.027	117.265	238.816	250.814	249.902	425.145	416.833	409.428
00:15:00	54.983	62.113	59.211	116.238	114.38	117.497	239.307	247.42	248.685	423.909	415.581	409.874
00:16:00	54.959	61.515	56.937	115.376	113.25	117.666	237.801	244.872	247.925	428.692	416.363	404.665
00:17:00	52.753	59.699	56.621	113.729	113.028	113.561	233.625	247.064	242.646	425.894	412.483	406.611
00:18:00	53.473	56.403	55.427	113.979	111.173	113.621	235.622	241.326	241.831	422.12	412.737	407.456
00:19:00	50.756	55.847	54.068	111.282	110.66	112.46	231.056	241.935	242.762	422.273	412.254	405.894
00:20:00	51.789	56.845	52.915	110.268	109.176	111.246	231.516	239.752	244.56	426.756	414.848	406.85
00:21:00	50.19	54.265	50.89	110.877	109.323	109.474	229.888	244.299	246.613	418.942	411.482	405.42
00:22:00	50.257	55.093	51.884	110.423	107.722	110.679	233.994	242.17	243.528	419.069	411.115	406.146
00:23:00	49.88	52.992	49.916	109.596	107.347	107.808	229.956	241.394	241.683	422.276	411.573	405.952
00:24:00	48.367	51.697	50.838	107.399	107.34	110.145	227.47	237.727	241.109	416.983	409.562	401.564
00:25:00	45.34	50.282	49.975	104.475	107.431	106.479	227.236	237.859	241.155	414.839	409.499	402.618
00:26:00	45.301	51.108	48.185	107.165	105.437	106.534	225.724	237.555	240.154	417.195	414.833	398.242
00:27:00	46.76	49.58	48.522	105.183	108.656	104.38	226.011	236.977	239.049	417.722	405.576	399.281
00:28:00	45.289	50.01	48.465	100.714	106.55	107.195	228.136	234.913	241.407	423.105	410.393	401.308
00:29:00	46.11	49.176	47.978	101.102	103.422	101.535	226.832	236.036	238.206	414.02	414.754	406.635
00:30:00	44.173	48.443	46.919	98.338	102.432	101.62	225.586	237.257	235.737	416.037	409.871	400.944
00:31:00	45.383	47.456	46.741	101.441	102.897	102.53	229.367	239.707	242.075	423.004	411.218	404.44
00:32:00	43.611	45.817	45.84	99.331	99.218	99.437	226.303	235.124	239.654	419.873	407.138	398.795
00:33:00	43.273	46.55	43.67	96.319	97.845	98.946	226.612	235.659	233.717	413.765	410.365	396.798
00:34:00	43.781	46.346	45.776	96.3	97.83	96.889	225.263	233.111	240.165	416.577	409.892	397.508
00:35:00	43.317	46.628	43.821	96.83	96.112	99.079	222.043	235.928	237.292	416.811	405.631	401.267
00:36:00	40.765	44.859	45.032	92.487	95.385	94.399	222.604	235.437	239.523	411.933	407.405	397.857
00:37:00	42.407	45.196	42.001	94.336	96.52	94.144	223.822	233.057	240.939	415.642	404.558	402.829
00:38:00	42.476	44.333	41.601	91.543	95.351	95.625	227.716	236.239	234.749	414.198	405.527	400.306
00:39:00	39.179	43.188	42.721	95.889	93.338	92.925	223.116	232.77	234.705	413.252	406.412	396.251
00:40:00	40.413	44.522	42.995	91.558	94.925	93.982	223.268	236.698	232.149	415.28	403.519	396.026
00:41:00	40.208	43.59	41.556	91.408	90.746	93.159	224.37	237.532	229.809	413.171	403.301	397.049
00:42:00	39.883	43.27	41.603	90.801	90.798	93.469	226.282	231.244	231.857	418.068	404.857	399.98
00:43:00	41.091	43.847	42.123	90.779	93.148	93.374	223.42	234.589	234.926	415.2	410.102	399.603
00:44:00	38.998	43.089	41.529	91.593	91.618	92.547	225.19	230.469	235.551	408.814	405.874	390.701
00:45:00	39.841	41.39	40.258	89.715	91.213	91.34	223.065	232.579	233.264	415.781	407.12	393.339
00:46:00	39.478	41.324	41.339	90.116	91.039	91.005	223.251	232.95	235.505	415.063	406.521	397.163
00:47:00	39.622	41.75	39.183	91.693	91.07	90.909	222.668	229.419	232.501	412.591	404.035	394.621
00:48:00	38.206	41.644	40.711	90.219	91.635	90.367	221.998	233.599	232.183	416.294	411.793	398.92
00:49:00	38.275	39.93	40.414	88.254	87.588	90.174	221.468	236.463	229.63	408.567	407.857	393.664
00:50:00	39.003	42.214	38.967	89.829	88.512	88.34	221.812	230.811	235.543	407.817	403.763	393.152
00:51:00	37.633	41.211	39.687	87.839	86.852	89.931	222.321	232.527	231.546	410.061	403.522	398.539
00:52:00	37.542	39.324	38.24	88.136	86.95	86.566	224.395	231.243	233.985	413.35	406.349	397.384
00:53:00	36.887	40.13	38.839	87.313	87.782	85.937	223.342	234.337	230.687	410.753	403.29	392.392
00:54:00	37.088	42.397	39.316	87.134	86.954	87.446	223.095	228.119	233.18	413.812	403.983	392.907
00:55:00	38.252	39.625	39.161	88.488	87.344	87.004	221.82	227.457	232.759	412.499	402.724	394.061
00:56:00	36.363	39.535	38.218	86.178	87.694	87.443	223.306	230.27	232.649	410.975	403.126	397.15
00:57:00	37.631	40.123	38.751	88.479	86.37	85.3	225.109	229.263	230.815	414.839	404.343	389.65
00:58:00	38.165	39.015	39.026	87.406	87.786	83.465	217.506	232.182	233.768	414.162	402.474	395.38
00:59:00	36.433	39.101	37.856	87.091	85.186	84.269	223.245	236.007	232.738	409.68	403.547	390.096
01:00:00	35.864	38.37	37.704	86.209	84.385	85.701	220.209	229.488	230.724	411.247	403.702	391.817
01:01:00	35.877	36.987	38.106	88.422	87.139	86.167	223.239	228.718	230.086	411.176	397.201	393.979
01:02:00	34.931	38.884	37.133	84.988	82.406	83.753	219.811	230.253	229.402	410.671	397.494	391.508
01:03:00	36.345	39.245	37.155	84.843	84.577	85.829	220.843	229.922	230.268	406.355	399.397	391.67
01:04:00	34.386	38.25	36.563	84.379	86.11	82.26	218.455	229.677	232.843	407.015	396.323	391.257
01:05:00	35.62	37.147	37.453	84.495	84.86	85.073	218.268	228.292	231.631	411.037	402.838	393.789
01:06:00	35.695	36.953	36.789	87.781	85.07	82.334	222.667	234.909	228.634	410.344	404.891	392.162
01:07:00	36.551	37.202	37.132	85.428	84.328	82.165	217.047	229.637	229.906	407.68	396.785	392.003
01:08:00	35.419	36.919	36.295	84.651	85.419	84.324	219.136	230.105	230.374	409.442	399.996	389.746
01:09:00	34.733	37.691	36.088	84.079	81.955	83.111	217.163	229.076	227.762	403.35	398.185	383.492
01:10:00	34.92	36.657	37.911	84.149	83.36	83.288	217.158	229.924	229.505	405.806	392.845	397.91
01:11:00	35.172	37.545	36.001	84.005	81.092	83.564	221.958	227.946	228.838	405.996	396.017	388.989
01:12:00	34.375	37.626	36.602	83.164	81.337	81.298	218.891	230.909	228.96	409.398	395.915	390.221
01:13:00	35.466	37.363	36.225	81.66	81.347	81.691	216.544	228.098	230.256	408.447	399.705	387.115
01:14:00	34.337	36.508	34.909	81.65	82.651	80.059	218.789	230.08	232.853	411.389	403.069	395.599
01:15:00	34.744	36.471	35.624	80.849	81.675	82.744	218.009	228.882	226.851	404.55	388.625	387.59
01:16:00	34.208	37.716	35.758	82.923	81.442	80.405	223.289	229.24	230.508	404.839	397.571	387.654
01:17:00	35.722	36.972	36.846	82.167	83.034	80.718	216.399	223.954	229.435	407.33	400.408	385.368
01:18:00	34.4	35.198	35.555	80.804	81.758	80.914	219.669	230.289	227.87	406.223	394.468	384.058
01:19:00	34.517	35.175	34.527	82.83	79.117	80.355	218.811	225.469	228.339	409.249	395.176	385.174
01:20:00	33.261	35.587	36.295	81.212	80.891	80.249	214.639	230.972	230.555	404.843	393.74	388.704
01:21:00	34.077	36.517	35.046	81.349	80.194	79.156	217.919	229.66	225.41	402.075	387.543	385.508
01:22:00	34.166	35.796	36.219	82.385	79.994	82.957	216.268	228.65	231.656	407.567	395.98	392.335
01:23:00	33.575	36.262	35.315	82.174	78.109	81.185	218.341	232.893	229.647	405.132	399.652	382.005
01:24:00	33.463	35.383	34.552	80.632	79.986	81.13	218.138	225.463	228.629	404.947	394.773	384.535
01:25:00	34.753	36.429	34.691	79.764	81.425	80.119	216.328	230.723	229.234	404.697	397.58	390.663
01:26:00	34.105	34.471	36.311	80.685	80.967	78.702	218.982	233.445	230.193	403.145	394.344	386.396
01:27:00	33.505	36.159	35.14	80.105	79.66	79.367	219.84	228.064	230.62	406.079	394.892	384.146
01:28:00	34.615	35.107	33.034	79.099	79.379	79.417	216.852	229.223	227.058	401.653	390.571	380.325
01:29:00	33.27	35.529	33.874	78.5	81.033	79.882	212.966	232.082	230.272	406.192	386.106	384.255
01:30:00	33.447	36.254	34.684	76.393	79.81	78.237	218.038	227.22	225.589	400.31	393.278	382.751
01:31:00	32.524	35.322	34.333	79.096	79.804	77.381	212.327	226.063	229.452	407.831	391.632	382.936
01:32:00	33.819	35.334	35.146	77.859	80.049	77.818	218.279	226.688	229.275	402.989	398.435	383.544
01:33:00	35.205	36.141	34.711	80.075	78.563	75.857	216.273	228.362	231.536	402.902	395.241	388.197
01:34:00	32.87	35.451	35.085	78.297	78.346	76.607	213.823	229.333	227.78	405.505	398.145	384.144
01:35:00	33.598	33.946	33.752	78.963	78.832	77.363	217.62	226.371	229.042	404.384	394.842	382.277
01:36:00	33.225	36.481	35.036	76.773	78.551	78.264	217.137	226.335	226.382	406.071	393.469	379.963
01:37:00	32.563	34.527	33.513	77.183	79.234	76.846	218.356	231.657	230.657	401.784	391.332	387.409
01:38:00	33.191	36.838	33.974	76.628	77.788	78.999	216.588	226.75	232.43	406.275	395.978	382.751
01:39:00	32.707	35.393	34.755	76.625	79.25	77.726	215.69	229.603	226.357	402.95	392.518	383.814
01:40:00	33.452	35.103	35.46	78.297	77.288	77.084	218.339	227.021	232.383	403.514	394.831	386.012
01:41:00	33.619	31.954	34.316	78.348	77.293	76.94	216.909	228.475	226.83	399.71	395.128	386.325
01:42:00	32.502	34.804	33.796	76.077	78.543	77.618	219.086	225.168	229.175	405.574	391.294	381.794
01:43:00	33.204	35.176	33.578	78.703	76.449	76.595	220.948	227.171	227.256	397.007	392.023	384.076
01:44:00	32.128	33.747	34.684	76.649	77.518	76.063	218.518	226.65	225.645	403.346	388.892	381.47
01:45:00	31.718	35.266	34.355	77.592	77.143	75.669	217.364	226.766	225.931	397.744	390.148	379.099
01:46:00	33.495	34.764	33.715	77.327	77.605	75.185	218.649	226.006	226.894	401.531	390.56	378.136
01:47:00	32.484	35.422	34.847	77.352	74.37	75.16	216.287	226.196	228.028	401.076	385.991	376.744
01:48:00	32.448	34.886	33.452	76.775	76.409	75.996	217.827	226.981	227.141	399.052	386.659	381.115
01:49:00	30.934	35.903	33.296	77.942	75.019	74.753	216.29	229.193	228.02	401.218	387.913	386.405
01:50:00	32.615	34.588	33.488	76.166	76.536	76.703	217.746	228.585	226.635	398.574	386.853	378.3
01:51:00	33.363	35.274	32.949	77.13	77.203	75.988	217.047	228.129	223.901	408.745	385.396	378.82
01:52:00	32.836	35.751	35.592	75.538	77.48	74.978	217.19	228.658	228.264	400.725	392.021	379.758
01:53:00	33.702	35.809	33.827	75.268	77.649	74.867	214.954	224.803	227.16	402.893	391.734	380.065
01:54:00	33.795	35.781	34.578	77.114	77.03	74.13	220.125	224.946	232.018	400.702	386.844	382.451
01:55:00	31.625	34.191	33.733	75.775	76.115	74.516	213.895	225.048	227.299	402.847	388.335	376.809
01:56:00	32.372	34.129	33.198	77.24	75.202	75.373	216.399	227.281	230.866	398.392	389.9	382.32
01:57:00	33.293	34.132	33.075	72.913	75.689	73.032	215.179	226.109	224.751	399.481	390.341	372.219
01:58:00	33.168	34.586	32.585	75.599	77.206	74.395	216.551	227.015	225.764	403.196	385.507	378.563
01:59:00	32.287	34.493	33.916	77.099	75.141	74.564	212.013	221.63	223.268	401.203	386.642	379.28
02:00:00	32.402	35.632	33.327	76.203	76.599	72.423	215.21	225.184	226.516	398.479	388.74	377.504