Time	25_1	25_2	25_3	50_1	50_2	50_3	100_1	100_2	100_3	150_1	150_2	150_3
00:00:00	100.938	105.92	101.013	176.035	176.627	175.603	347.532	348.443	340.276	519.766	519.396	499.07
00:01:00	94.515	92.243	91.089	161.454	168.51	161.395	329.685	328.099	321.288	492.229	496.099	480.206
00:02:00	90.876	86.431	86.12	162.707	161.18	159.819	317.194	316.928	303.847	481.692	489.141	469.31
00:03:00	83.069	80.387	80.146	153.658	158.744	152.456	298.029	294.283	290.277	462.472	472.178	451.727
00:04:00	81.663	81.1	77.389	150.283	150.152	146.828	288.643	286.794	286.63	463.9	464.785	452.749
00:05:00	78.571	78.425	73.72	142.838	147.572	143.539	282.818	279.333	282.353	460.506	457.21	449.684
00:06:00	72.491	74.963	71.835	140.583	143.08	139.323	279.951	274.714	273.756	449.063	455.399	437.716
00:07:00	69.005	71.812	70.051	135.313	138.541	132.144	268.579	268.921	265.61	449.492	449.978	437.095
00:08:00	69.322	67.076	66.734	132.962	136.73	130.511	266.545	271.141	269.59	444.018	451.072	430.973
00:09:00	68.127	66.74	65.619	129.365	131.52	127.891	262.402	267.007	267.889	441.532	447.527	434.266
00:10:00	64.484	64.8	63.33	123.59	128.154	125.448	258.891	259.636	259.364	440.474	445.329	428.153
00:11:00	64.384	64.224	61.118	123.558	122.355	121.443	258.552	260.194	261.315	438.875	441.338	427.328
00:12:00	62.961	62.149	59.973	123.472	123.768	119.557	260.063	257.944	258.357	436.45	445.797	427.504
00:13:00	60.233	63.274	58.874	117.996	122.073	120.352	257.438	256.613	254.941	435.373	447.343	428.082
00:14:00	56.8	59.33	57.276	118.685	121.034	116.592	254.621	251.29	253.733	430.507	441.553	419.846
00:15:00	59.265	57.523	55.477	116.296	117.82	119.27	255.483	252.77	249.606	434.598	440.237	424.083
00:16:00	56.98	58.454	55.006	116.494	116.397	116.823	251.662	250.962	252.255	432.236	435.836	424.727
00:17:00	56.362	54.958	52.831	111.892	116.596	112.357	251.152	251.282	248.915	424.153	436.942	423.871
00:18:00	54.636	55.378	52.676	111.344	116.351	115.199	248.204	247.826	248.848	430.347	435.163	423.797
00:19:00	53.748	52.812	51.541	111.335	114.371	115.772	247.722	249.864	250.93	429.178	430.436	420.844
00:20:00	52.917	53.198	50.655	109.505	114.532	114.562	247.877	252.065	251.17	432.184	438.733	417.256
00:21:00	50.869	52.3	51.196	109.455	110.737	110.498	245.921	248.538	248.526	425.252	433.605	417.129
00:22:00	50.638	53.624	49.605	106.34	110.775	114.102	247.032	250.685	244.964	423.885	431.659	418.295
00:23:00	50.579	50.408	47.799	109.322	109.16	111.087	247.274	248.227	245.768	434.56	429.843	417.926
00:24:00	49.894	50.331	47.195	106.398	110.275	111.776	245.428	250.331	246.206	425.16	426.107	416.312
00:25:00	48.509	49.137	46.5	105.235	109.242	108.808	247.783	246.672	242.702	426.472	424.429	414.772
00:26:00	47.805	47.406	47.112	104.619	105.871	105.268	243.645	246.558	242.715	422.043	433.789	409.58
00:27:00	47.216	47.503	45.756	103.798	108.151	107.443	242.35	239.399	241.723	416.799	427.703	412.799
00:28:00	48.154	47.814	45.214	101.477	108.697	103.797	241.555	245.548	245.388	424.452	435.18	414.565
00:29:00	45.927	47.212	44.517	102.97	107.771	107.373	243.366	237.946	243.116	419.042	431.89	410.601
00:30:00	46.197	45.516	44.353	101.444	104.249	102.261	239.998	242.172	243.072	417.403	433.403	415.892
00:31:00	46.022	45.713	42.17	100.533	105.452	103.933	239.694	239.861	242.863	424.773	435.79	416.512
00:32:00	44.547	44.916	42.329	99.64	102.542	102.772	245.242	242.758	244.758	419.794	427.072	408.681
00:33:00	44.989	44.155	42.843	98.393	99.016	101.045	240.585	240.94	238.877	420.182	424.705	414.167
00:34:00	43.094	44.572	41.961	96.993	100.418	101.179	246.528	244.617	241.322	424.185	434.471	416.292
00:35:00	44.067	43.78	42.905	95.138	96.556	100.476	238.798	244.787	239.49	424.281	426	414.182
00:36:00	43.386	42.806	42.064	95.071	99.155	96.973	242.931	242.669	242.57	415.36	425.236	410.201
00:37:00	42.492	43.008	41.207	93.389	98.476	98.796	237.263	241.221	239.252	421.466	430.982	409.952
00:38:00	43.19	41.281	42.047	94.071	96.638	98.416	239.487	239.74	242.884	420.625	426.353	410.579
00:39:00	42.013	41.651	41.728	93.771	96.008	96.789	239.185	239.511	237.222	425.847	424.222	411.857
00:40:00	42.208	41.194	40.769	91.938	95.365	98.043	239.194	241.347	237.952	415.331	425.708	413.681
00:41:00	41.088	41.627	40.093	91.467	94.813	95.312	240.161	243.119	237.751	421.586	430	408.529
00:42:00	41.795	40.328	40.751	90.509	93.565	94.579	239.572	240.49	237.707	418.781	426.348	406.015
00:43:00	42.819	40.833	39.097	92.471	92.899	95.26	241.687	239.682	239.463	418.7	427.049	412.452
00:44:00	41.389	41.553	41.365	90.922	94.645	92.365	240.919	239.393	236.642	420.29	426.871	411.625
00:45:00	41.463	40.154	38.896	90.861	93.583	95.122	237.508	237.912	240.069	426.924	429.091	412.57
00:46:00	40.985	40.242	39.026	90.558	90.723	94.674	237.817	238.689	238.863	424.614	424.785	409.697
00:47:00	39.372	40.944	37.774	87.157	91.771	91.763	238.989	241.767	234.618	419.077	426.356	406.133
00:48:00	40.615	39.321	38.09	89.662	90.138	91.836	239.922	237.337	238.363	421.259	424.154	413.623
00:49:00	39.022	38.896	38.449	88.041	90.671	91.647	238.625	239.235	240.563	419.364	428.069	409.696
00:50:00	39.741	39.554	36.899	88.345	92.415	90.264	233.705	238.797	238.146	417.572	421.773	411.876
00:51:00	38.482	38.346	36.382	88.099	90.453	88.596	235.992	237.687	239.708	417.22	424.858	411.557
00:52:00	40.576	38.761	37.399	88.271	91.576	91.918	237.726	236.22	237.072	424.248	428.89	406.272
00:53:00	38.14	39.163	37.293	87.073	88.894	89.003	235.971	238.508	233.975	417.393	419.905	404.604
00:54:00	39.295	38.905	38.363	85.142	90.134	90.513	237.57	237.04	237.089	417.836	425.566	406.069
00:55:00	39.348	38.117	36.302	84.574	88.989	88.875	235.293	236.906	233.919	414.557	423.657	408.909
00:56:00	38.708	37.295	36.785	85.571	88.996	87.508	237.283	239.467	234.855	409.304	422.576	408.57
00:57:00	39.544	38.749	35.939	81.934	89.042	88.135	237.728	239.303	234.927	419.358	426.586	405.633
00:58:00	38.409	38.288	35.835	85.128	87.135	88.179	236.57	237.714	237.586	418.898	422.614	406.526
00:59:00	38.312	38	36.25	82.982	88.102	88.037	234.83	235.453	236.269	415.475	420.098	406.595
01:00:00	37.687	36.897	35.867	85.165	86.174	86.079	235.739	235.641	233.992	414.437	424.073	407.913
01:01:00	36.345	36.616	34.79	82.726	89.452	87.774	238.254	237.353	229.924	420.371	421.472	404.102
01:02:00	35.795	37.979	35.654	82.858	85.328	88.001	233.07	232.822	230.259	414.532	417.291	404.807
01:03:00	36.21	36.748	34.867	81.241	89.154	87.576	236.35	237.492	234.767	414.261	418.887	405.168
01:04:00	36.392	36.441	34.373	82.378	85.834	87.414	233.228	235.059	234.524	410.479	420.841	400.192
01:05:00	36.314	37.15	34.778	83.185	86.925	87.311	234.71	231.616	237.852	419.779	419.758	404.47
01:06:00	35.754	37.674	34.823	82.012	86.87	88.289	238.78	236.759	234.515	413.605	425.308	402.605
01:07:00	35.507	36.887	33.055	80.036	85.806	86.305	234.23	236.485	231.486	414.233	421.233	399.9
01:08:00	36.504	35.518	35.06	81.645	86.268	84.592	232.914	233.043	235.693	413.135	416.96	405.946
01:09:00	35.509	35.257	34.769	80.755	84.983	86.216	236.202	232.486	233.492	409.51	418.273	403.334
01:10:00	36.305	36.538	35.023	83.855	86.014	84.615	235.537	238.589	233.94	413.663	414.913	404.743
01:11:00	35.698	34.997	34.432	80.459	86.518	85.553	237.957	233.171	234.757	422.467	416.824	405.644
01:12:00	36.78	34.78	34.206	79.889	82.503	83.721	234.023	234.109	234.086	417.543	419.83	402.29
01:13:00	35.493	36.727	32.902	79.112	84.675	84.398	233.539	235.861	233.08	410.357	418.656	401.367
01:14:00	35.916	35.722	35.145	79.686	83.263	84.341	234.326	237.803	236.638	413.171	424.97	403.882
01:15:00	35.01	34.945	33.884	78.149	83.878	84.026	232.638	232.492	228.943	413.158	415.216	399.954
01:16:00	35.218	35.725	35.198	77.736	84.018	86.512	234.637	236.282	230.812	416.599	422.627	405.2
01:17:00	35.23	34.121	32.695	78.507	82.746	85.406	231.94	235.569	235.11	414.27	416.315	404.882
01:18:00	35.376	34.657	32.892	78.682	81.154	84.266	231.753	233.524	233.469	405.148	418.588	401.658
01:19:00	34.714	35.144	32.548	79.332	81.519	81.531	231.144	237.319	230.049	411.782	414.656	396.72
01:20:00	36.059	34.166	33.149	78.916	82.365	82.701	232.032	234.007	234.109	408.774	420.827	396.267
01:21:00	34.396	33.718	34.254	77.661	81.418	82.168	233.497	233.755	234.173	409.932	413.255	396.56
01:22:00	36.757	34.197	33.603	79.131	83.481	84.376	237.688	233.921	234.748	412.752	421.008	407.32
01:23:00	35.343	34.256	34.162	78.216	81.754	84.65	236.542	232.934	232.821	410.679	418.537	400.852
01:24:00	33.928	34.208	32.708	76.69	80.318	81.91	232.593	231.508	229.586	414.604	419.141	393.574
01:25:00	36.325	34.308	34.759	77.666	81.861	81.208	233.767	232.477	235.991	412.875	414.357	401.871
01:26:00	35.531	34.309	32.705	78.924	80.577	84.235	235.607	235.122	231.632	409.858	414.869	400.69
01:27:00	34.315	34.301	31.957	78.185	83.039	81.932	235.176	231.323	229.957	409.749	412.572	395.517
01:28:00	34.068	34.203	33.976	78.114	80.008	82.107	233.333	234.253	230.749	406.755	415.746	395.741
01:29:00	34.401	35.491	34.238	78.386	81.889	81.57	233.456	235.209	229.814	407.818	414.145	396.12
01:30:00	34.157	34.505	33.443	74.524	79.988	81.11	233.41	232.327	234.069	412.646	408.475	394.642
01:31:00	34.002	33.322	32.142	75.612	80.7	80.142	233.304	231.098	229.914	410.218	412.604	395.137
01:32:00	33.602	33.376	33.464	77.152	80.781	82.38	235.364	235.886	235.57	409.112	415.289	397.993
01:33:00	34.705	35.548	32.821	76.548	81.258	80.719	232.469	236.612	233.007	410.901	412.893	398.237
01:34:00	33.775	35.015	32.328	75.359	79.665	85.256	231.105	236.18	232.308	409.659	416.495	402.632
01:35:00	33.902	32.685	32.578	78.355	78.869	79.815	234.239	233.73	234.78	410.744	416.108	396.042
01:36:00	34.306	33.413	33.905	77.453	82.131	80.475	234.186	231.499	230.678	412.576	410.004	391.692
01:37:00	35.737	33.987	32.523	75.744	78.201	79.585	232.609	238.051	232.949	410.299	418.423	400.182
01:38:00	34.111	34.004	33.009	76.495	77.89	82.629	235.174	233.524	232.384	412.183	410.836	398.218
01:39:00	33.836	33.29	33.077	76.341	78.444	79.87	230.982	232.99	233.352	413.447	418.416	398.46
01:40:00	33.985	33.643	30.734	76.974	79.254	82.764	232.88	228.257	233.121	410.85	412.601	392.708
01:41:00	32.974	34.035	31.731	76.503	79.171	81.51	232.737	228.866	230.256	406.852	417.299	395.991
01:42:00	33.146	33.946	31.886	75.711	78.761	79.247	234.999	234.594	229.285	409.241	412.4	396.083
01:43:00	33.788	33.822	32.133	76.332	80.083	79.346	235.372	232.341	231.914	405.863	419.02	397.637
01:44:00	32.794	32.814	32.355	75.966	79.339	82.082	232.594	231.351	228.578	404.971	410.053	393.663
01:45:00	34.533	34.489	32.51	73.833	80.597	79.616	233.943	233.009	231.84	410.887	414.261	393.614
01:46:00	33.505	33.77	32.142	73.443	78.882	80.07	232.505	234.514	231.375	406.568	411.975	388.758
01:47:00	33.295	33.65	32.366	75.665	78.67	79.026	231.792	231.832	231.89	405.751	409.264	394.074
01:48:00	34.664	33.347	30.488	73.947	79.68	81.92	233.445	232.99	230.995	411.545	415.869	395.787
01:49:00	34.872	34.025	33.29	74.187	77.611	80.218	231.42	232.943	232.708	406.481	409.336	392.706
01:50:00	34.486	33.53	32.401	74.861	79.185	80.955	233.031	235.268	231.671	406.427	411.155	391.69
01:51:00	33.722	32.821	33.183	75.753	77.391	77.842	228.559	231.519	228.831	412.831	411.864	393.387
01:52:00	34.076	34.174	32.506	77.096	79.716	78.094	232.709	231.092	230.073	404.031	412.058	386.659
01:53:00	32.951	33.039	32.014	74.192	78.173	78.275	228.387	232.842	231.958	408.404	415.678	393.014
01:54:00	33.516	33.899	31.769	74.497	78.477	80.777	234.555	234.697	232.902	406.605	410.298	389.489
01:55:00	34.914	33.025	32.145	73.565	78.228	79.428	230.637	232.721	225.653	409.269	410.324	392.65
01:56:00	33.773	33.49	32.705	73.75	76.751	78.418	232.336	232.072	229.631	409.528	411.5	387.675
01:57:00	33.776	33.357	31.857	75.922	77.474	77.467	229.793	233.25	228.835	407.509	407.139	384.53
01:58:00	33.747	32.94	31.45	75.286	78.381	77.862	237.434	231.364	227.166	411.242	409.73	388.767
01:59:00	33.165	33.312	33.732	75.547	77.95	78.543	232.827	233.312	229.708	406.172	413.585	388.636
02:00:00	33.404	34.739	32.707	71.649	76.431	78.021	228.479	232.152	231.811	407.726	416.263	387.096