Time	25_1	25_2	25_3	50_1	50_2	50_3	100_1	100_2	100_3	150_1	150_2	150_3
00:00:00	70.045	68.803	76.016	138.518	142.613	155.509	274.122	258.962	268.912	374.158	360.18	362.411
00:01:00	65.691	65.147	69.431	131.318	129.75	125.536	249.809	250.655	251.454	362.914	347.314	344.807
00:02:00	61.218	59.504	61.523	117.266	120.85	117.635	243.041	234.661	247.197	345.779	326.452	327.428
00:03:00	57.033	55.77	57.365	114.948	111.852	111.775	227.93	222.459	234.202	331.314	313.914	311.494
00:04:00	54.869	53.11	53.192	108.736	109.018	107.162	214.985	217.432	224.007	320.61	307.42	302.559
00:05:00	51.807	47.947	52.019	107.225	106.157	104.858	207.264	207.383	212.674	315.395	298.02	298.973
00:06:00	47.737	47.83	49.75	100.3	99.465	99.129	198.117	194.096	204.35	312.597	294.707	293.867
00:07:00	44.725	45.405	47.204	98.072	96.691	93.875	194.023	186.844	195.706	301.496	292.386	289.506
00:08:00	40.954	43.598	44.461	94.46	94.095	92.657	187.42	184.169	192.296	302.126	286.58	286.974
00:09:00	41.184	42.287	42.819	93.212	91.418	88.793	182.904	177.22	187.755	301.31	290.127	283.09
00:10:00	40.135	38.521	41.335	90.864	87.828	86.515	179.229	174.492	185.551	303.182	285.798	284.611
00:11:00	37.701	37.368	39.787	91.28	89.113	85.63	179.45	172.377	184.836	295.68	281.956	282.019
00:12:00	36.115	37.756	37.437	85.687	88.562	81.916	175.418	169.74	176.981	298.893	282.587	277.854
00:13:00	35.341	35.033	36.063	84.54	81.597	83.116	173.828	163.563	177.064	293.718	277.86	273.892
00:14:00	33.991	34.624	37.115	82.479	82.248	80.607	173.779	165.011	175.337	293.243	278.635	276.686
00:15:00	33.308	31.425	34.705	81.629	82.052	78.409	170.753	160.166	171.757	291.407	278.971	276.521
00:16:00	32.412	30.698	33.417	82.509	80.26	77.476	171.604	159.468	174.147	293.998	276.757	271.574
00:17:00	31.897	32.326	32.242	79.482	77.205	77.223	166.656	160.016	170.582	286.711	275.163	274.441
00:18:00	29.669	30.057	32.95	80.1	76.773	75.16	165.06	156.129	169.007	292.587	276.685	277.189
00:19:00	29.484	29.065	31.288	77.701	75.814	73.575	168.021	157.167	168.691	286.337	271.098	270.936
00:20:00	27.81	28.513	29.959	75.573	77.121	72.432	165.579	155.108	169.991	289.078	275.556	272.176
00:21:00	27.66	28.67	29.717	73.608	73.854	72.314	163.731	155.048	167.675	283.981	270.116	273.425
00:22:00	26.499	26.456	30.366	72.994	73.444	73.384	162.134	156.462	168.247	283.754	269.977	274.101
00:23:00	27.796	26.065	28.416	72.768	72.681	72.87	162.346	154.109	165.603	286.303	271.673	273.911
00:24:00	26.536	26.308	27.888	73.315	72.434	70.63	162.611	153.437	165.917	287.678	274.25	271.78
00:25:00	25.884	25.936	27.023	73.716	71.329	69.164	160.797	155.075	166.241	285.625	270.552	274.144
00:26:00	26.168	25.658	27.257	72.337	71.228	68.802	159.76	149.949	163.337	284.329	270.74	266.672
00:27:00	24.418	24.418	26.087	73.389	70.105	69.359	158.483	151.018	161.136	289.683	271.507	267.108
00:28:00	24.421	25.025	26.294	70.145	70.03	68.994	160.501	150.85	162.953	282.549	272.322	267.879
00:29:00	24.146	23.348	26.52	69.572	66.861	66.126	158.186	151.38	157.761	287.893	267.42	270.459
00:30:00	23.5	23.807	24.969	67.372	66.537	66.364	156.094	147.438	158.043	282.958	267.42	263.649
00:31:00	23.933	23.925	25.756	67.529	66.537	65.737	157.191	149.501	161.086	286.823	275.526	267.949
00:32:00	24.158	23.553	25.163	67.093	65.587	66.009	156.813	147.983	161.758	278.77	269.871	265.412
00:33:00	22.663	22.406	25.162	66.954	65.689	66.895	157.589	147.323	161.446	284.249	268.258	267.015
00:34:00	22.61	22.312	24.053	66.352	64.756	63.275	156.944	147.877	161.953	283.772	268.457	267.688
00:35:00	22.082	21.839	23.791	65.936	65.252	63.899	156.345	147.858	159.483	284.343	267.308	265.579
00:36:00	22.357	21.076	23.413	66.379	63.073	63.4	159.106	148.057	159.14	282.047	265.229	266.811
00:37:00	22.371	21.638	23.354	65.933	62.58	61.679	158.291	146.865	157.099	282.498	268.543	268.138
00:38:00	21.622	21.469	23.593	64.802	64.322	64.096	154.645	148.079	161.295	281.226	267.024	269.251
00:39:00	21.984	21.852	23.146	65.122	63.403	63.654	156.233	146.323	160.233	284.932	267.71	269.914
00:40:00	20.403	19.912	21.287	64.818	61.865	62.254	153.45	144.047	157.443	277.286	268.614	264.009
00:41:00	21.043	22.255	22.022	64.187	61.625	62.881	154.222	146.656	158.477	281.746	269.684	267.31
00:42:00	21.04	20.415	21.689	63.877	63.231	60.769	153.624	144.201	157.615	282.507	263.224	262.93
00:43:00	20.556	20.474	21.924	63.845	61.658	60.114	155.065	144.997	159.797	280.218	265.486	263.14
00:44:00	20.676	19.731	23.04	64.141	60.305	59.301	156.124	143.602	157.306	283.43	268.006	262.797
00:45:00	20.332	19.561	21.696	62.785	61.784	60.911	154.482	143.295	155.275	280.152	264.286	263.64
00:46:00	19.42	20.502	21.202	61.055	61.741	58.34	152.4	147.325	158.812	282.821	267.049	261.517
00:47:00	19.706	20.57	20.922	60.402	61.158	59.354	154.421	146.743	158.953	277.197	268.349	260.562
00:48:00	19.753	19.187	21.247	61.162	58.163	59.552	156.747	143.987	158.487	282.174	266.205	262.691
00:49:00	19.199	19.657	20.232	61.415	59.98	58.655	153.221	143.653	158.599	279.503	267.078	262.589
00:50:00	20.33	19.141	21.342	61.658	62.077	58.305	153.594	143.27	152.491	275.111	265.677	263.327
00:51:00	18.678	18.416	21.567	60.477	58.51	58.444	152.877	146.435	156.271	278.168	265.499	260.637
00:52:00	18.502	18.824	20.25	60.934	58.708	59.693	153.886	146.559	157.725	278.438	270.643	267.248
00:53:00	19.363	18.487	20.104	58.725	57.406	58.465	153.423	144.601	154.352	279.276	263.609	263.575
00:54:00	18.034	18.317	20.249	58.868	56.782	59.744	149.902	141.973	155.689	279.318	267.398	263.707
00:55:00	19.019	18.53	19.346	59.78	58.139	57.737	151.881	142.387	154.051	276.173	268.332	256.884
00:56:00	18.517	19.535	19.146	60.115	58.273	56.458	153.74	141.969	156.411	277.353	263.382	265.273
00:57:00	18.457	18.446	19.706	57.848	56.984	57.959	150.285	143.833	152.976	277.233	266.641	263.873
00:58:00	17.987	18.202	19.728	57.847	57.492	59.397	153.569	140.373	155.658	281.394	263.14	263.626
00:59:00	18.058	18.445	19.511	58.938	55.645	55.522	151.792	145.37	152.203	276.145	268.968	264.129
01:00:00	17.59	18.541	19.596	57.522	57.404	56.694	152.054	141.177	152.146	278.959	263.971	263.652
01:01:00	17.912	17.593	19.512	57.115	57.304	56.733	151.84	142.551	153.462	281.355	263.059	260.428
01:02:00	18.09	18.191	20.358	58.439	55.439	58.144	152.817	142.388	155.701	276.868	265.327	263.215
01:03:00	17.653	17.467	19.636	57.968	55.198	59.147	153.079	144.826	156.959	278.266	264.634	262.845
01:04:00	17.54	17.134	19.168	56.671	56.003	56.007	151.644	141.118	153.268	278.845	263.139	261.383
01:05:00	17.827	17.867	19.267	55.946	55.909	56.026	150.618	141.815	156.342	278.664	263.315	258.289
01:06:00	17.735	17.785	18.236	56.163	56.243	54.109	153.622	138.278	153.408	275.051	262.376	261.671
01:07:00	18.577	17.836	19.117	56.579	54.991	56.809	153.567	143.361	156.86	278.515	263.537	264.459
01:08:00	18.097	17.638	19.514	55.839	56.414	55.613	153.986	142.204	156.231	280.404	270.003	264.442
01:09:00	17.137	17.015	18.584	56.868	57.366	56.218	149.696	138.891	149.877	277.711	262.765	256.376
01:10:00	18.101	17.478	18.957	55.416	56.521	56.118	150.488	139.728	155.513	279.645	267.72	258.375
01:11:00	16.587	17.812	18.326	55.74	54.506	55.65	149.31	141.431	153.686	277.99	263.272	261.422
01:12:00	17.009	16.81	18.574	55.019	54.261	56.903	149.516	141.477	154.935	277.47	265.301	263.501
01:13:00	17.478	16.999	18.131	56	55.725	56.867	151.707	142.818	154.538	278.06	268.223	262.96
01:14:00	17.202	16.619	18.558	55.639	55.343	55.453	148.723	140.761	151.988	275.943	262.98	260.892
01:15:00	17.437	16.68	18.576	55.12	55.588	55.781	150.347	144.481	153.203	277.677	263.956	264.67
01:16:00	17.51	16.36	18.405	55.598	55.539	54.411	148.902	141.63	155.746	277.878	261.518	258.086
01:17:00	17.029	17.844	18.333	54.097	55.273	55.564	152.333	141.081	152.68	276.031	265.448	256
01:18:00	16.209	17.51	17.559	55.166	53.953	55.286	150.282	144.54	154.354	278.603	263.501	258.683
01:19:00	16.845	16.652	17.699	54.472	54.917	55.585	151.611	139.607	154.944	275.876	265.849	261.366
01:20:00	17.021	16.571	18.814	54.597	55.317	53.81	149.518	141.455	154.66	280.038	262.561	263.787
01:21:00	16.626	16.674	17.118	54.711	53.575	56.303	152.14	141.501	152.541	276.878	264.484	262.928
01:22:00	16.34	17.648	18.93	55.258	53.836	55.113	149.649	141.158	150.852	278.435	265.002	264.626
01:23:00	16.853	16.291	18.357	54.846	53.972	54.474	150.074	141.896	152.112	274.492	264.632	259.623
01:24:00	17.036	16.671	18.327	53.371	54.105	53.98	148.326	142.626	151.753	274.41	263.051	256.842
01:25:00	17.22	15.969	19.248	55.466	55.126	55.482	151.765	140.948	152.293	274.838	264.354	258.641
01:26:00	17.679	16.244	18.181	55.753	54.915	52.967	149.781	140.241	154.193	276.54	260.732	262.516
01:27:00	15.689	17.211	18.272	56.148	53.637	53.541	148.245	140.185	154.818	275.927	261.327	261.768
01:28:00	16.707	16.271	17.462	54.565	53.726	53.345	150.321	140.548	153.505	276.428	262.595	258.483
01:29:00	16.677	16.414	17.912	55.8	54.037	53.552	151.669	142.639	155.566	277.412	258.971	261.801
01:30:00	16.242	16.2	18.049	54.23	53.85	54.024	149.632	141.726	152.05	277.883	266.354	261.141
01:31:00	16.859	16.459	16.322	54.893	55.318	54.611	147.745	141.206	156.272	277.498	264.785	261.178
01:32:00	16.929	16.77	16.588	53.088	53.191	53.478	149.23	142.14	156.115	272.967	261.751	255.712
01:33:00	17.635	17.216	18.195	54.339	54.441	53.07	151.776	142.092	157.997	277.959	267.49	261.147
01:34:00	17.173	16.218	17.324	53.884	54.621	54.282	150.397	141.321	153.965	277.394	262.996	260.031
01:35:00	16.385	16.403	17.819	54.785	54.707	54.166	150.201	141.131	154.293	280.573	266.63	259.035
01:36:00	16.549	16.702	17.817	54.59	53.598	52.867	151.878	140.311	154.278	281.683	263.396	259.678
01:37:00	16.578	16.763	17.459	54.026	51.898	52.198	149.012	141.405	152.868	275.161	263.126	258.739
01:38:00	15.746	15.225	17.799	53.83	54.36	53.837	150.037	141.068	152.351	276.665	267.962	259.255
01:39:00	15.494	16.595	17.423	54.89	53.112	52.818	150.285	139.842	155.114	278.062	259.015	260.673
01:40:00	15.919	16.363	17.669	53.622	52.533	51.42	148.342	140.287	150.243	276.179	262.196	256.679
01:41:00	15.436	16.18	18.452	54.163	54.091	53.383	147.331	142.562	154.866	275.159	264.697	262.441
01:42:00	16.051	15.924	18.023	53.632	54.303	53.822	149.376	139.397	153.019	274.604	264.766	260.943
01:43:00	15.522	15.755	17.039	53.299	52.903	52.405	150.246	140.709	154.604	275.645	263.3	256.315
01:44:00	15.55	17.06	17.268	53.702	52.353	53.032	151.457	142.004	152.135	276.094	260.354	255.108
01:45:00	17.312	16.372	17.176	54.225	52.964	52.993	150.604	139.627	154.681	276.893	261.323	258.513
01:46:00	16.411	16.827	17.808	54.617	54.025	53.366	151.025	141.468	154.034	275.822	263.825	260.047
01:47:00	16.558	16.788	17.149	54.237	53.158	51.758	147.12	142.372	152.461	277.189	265.923	259.308
01:48:00	16.416	15.625	17.202	53.265	52.754	52.477	149.931	139.266	153.55	276.299	258.298	255.179
01:49:00	15.69	15.796	17.475	53.293	53.984	52.63	152.167	140.494	152.278	277.575	261.844	259.875
01:50:00	14.889	16.839	17.165	54.959	53.396	53.5	149.183	140.82	155.343	274.658	263.322	256.606
01:51:00	16.089	16.045	17.559	53.792	52.832	52.929	150.599	138.218	154.126	276.148	262.951	261.646
01:52:00	16.421	17.055	16.886	52.969	51.198	51.055	147.586	139.918	152.678	275.939	263.275	257.874
01:53:00	16.149	15.708	17.415	55.18	53.046	51.634	151.749	142.332	153.241	277.384	264.912	261.111
01:54:00	16.56	16.072	16.98	53.822	52.861	52.411	149.006	138.48	152.183	274.394	261.78	255.75
01:55:00	15.608	16.772	16.865	54.831	54.634	53.089	148.892	140.339	154.631	274.302	262.703	260.216
01:56:00	16.798	15.77	17.043	53.321	52.706	52.036	147.555	141.667	154.608	277.632	262.928	258.898
01:57:00	16.067	16.087	17.621	53.29	51.137	51.982	148.494	144.149	153.261	274.705	262.97	260.062
01:58:00	15.408	16.444	17.927	52.09	53.2	53.119	149.314	142.257	152.429	273.248	263.444	255.495
01:59:00	16.322	15.357	17.064	54.066	51.381	53.128	149.436	140.257	153.954	278.007	263.589	259.925
02:00:00	15.729	16.294	16.6	52.945	51.477	51.507	146.523	140.384	152.252	275.657	260.403	260.351