Time	25_1	25_2	25_3	50_1	50_2	50_3	100_1	100_2	100_3	150_1	150_2	150_3
00:00:00	75.752	73.869	78.372	153.749	155.951	160.014	279.778	273.332	261.448	405.662	401.806	368.48
00:01:00	70.036	69.957	70.467	130.026	130.438	130.312	267.955	260.373	256.829	387.611	373.324	349.02
00:02:00	68.437	64.546	63.471	125.071	123.519	123.683	252.22	249.02	242.996	370.558	357.168	335.844
00:03:00	62.251	61.111	58.389	119.845	119.403	118.89	238.768	244.541	238.923	358.226	348.166	329.495
00:04:00	61.261	56.936	54.951	114.472	112.383	110.153	225.677	230.708	225.082	351.085	337.622	322.828
00:05:00	58.316	55.201	52.647	109.71	108.662	108.771	215.638	224.11	213.684	340.041	334.102	308.772
00:06:00	56.056	50.35	52.093	107.538	106.42	105.958	206.056	218.207	209.936	341.701	320.995	309.884
00:07:00	52.67	49.429	48.012	103.114	103.256	101.518	203.563	211.172	201.776	334.232	321.047	303.552
00:08:00	50.422	46.766	46.388	99.967	98.269	96.875	198.404	205.316	195.819	329.513	318.105	301.372
00:09:00	47.677	45.141	46.059	96.915	95.954	94.378	193.577	194.942	193.415	331.57	320.121	298.985
00:10:00	46.043	41.441	44.31	93.388	92.798	93.411	194.131	193.554	186.657	330.043	313.093	294.927
00:11:00	44.061	41.601	42.675	93.244	93.226	90.556	186.007	187.651	187.08	328.529	316.44	297.433
00:12:00	41.886	40.273	40.808	90.071	90.317	90.734	185.646	183.518	185.13	320.934	309.163	295.064
00:13:00	40.803	40.451	41.257	89.532	85.642	87.097	183.663	183.688	183.757	324.481	312.18	291.591
00:14:00	40.831	37.074	38.144	87.411	87.623	85.697	181.1	181.703	180.879	319.117	308.457	288.215
00:15:00	38.242	36.833	37.457	84.886	86.175	85.299	181.656	178.898	179.441	321.28	306.376	292.166
00:16:00	36.607	35.814	36.453	86.514	83.926	82.162	178.236	176.944	179.407	319.556	306.957	291.787
00:17:00	35.659	34.197	36.39	80.681	82.553	81.28	178.93	175.255	177.183	315.523	309.025	287.42
00:18:00	35.294	33.585	35.027	81.75	80.135	78.96	178.588	174.321	178.458	318.261	306.051	288.114
00:19:00	34.523	33.188	34.308	81.2	81.092	79.085	173.752	173.425	172.693	314.338	305.389	288.725
00:20:00	33.239	32.052	32.714	79.336	77.318	78.985	173.696	172.273	171.337	320.006	304.243	284.349
00:21:00	32.131	31.21	31.892	77.545	78.037	77.307	171.502	171.937	174.158	315.315	302.03	283.042
00:22:00	32.986	31.489	32.663	76.957	78.153	75.158	173.084	171.892	172.272	315.734	304.356	282.952
00:23:00	31.521	30.764	30.939	75.943	77.711	76.092	174.5	171.522	172.67	316.056	301.229	285.268
00:24:00	31.743	29.533	29.375	75.792	75.928	73.304	173.335	169.928	170.308	316.143	303.452	284.337
00:25:00	30.319	29.274	30.132	75.587	75.599	74.281	172.522	168.021	171.747	316.93	299.765	284.695
00:26:00	28.814	27.982	30.088	72.224	72.579	71.421	169.711	166.73	171.727	313.223	300.547	281.93
00:27:00	29.31	27.298	28.914	75.882	73.644	73.374	172.208	168.366	169.879	314.678	298.4	282.564
00:28:00	28.668	26.981	29.295	75.104	73.539	69.362	171.386	166.842	170.793	315.125	298.886	282.353
00:29:00	27.384	26.651	28.264	72.389	71.251	70.836	171.122	167.876	167.493	315.774	301.818	280.928
00:30:00	26.94	25.731	27.609	72.486	71.121	68.232	170.34	167.192	169.759	313.55	298.319	281.399
00:31:00	28.172	26.179	27.441	69.436	71.166	68.07	168.103	165.116	166.838	310.151	296.452	284.808
00:32:00	26.361	26.447	27.463	71.399	70.209	68.764	169.814	169.503	167.421	313.705	297.275	282.73
00:33:00	26.711	25.414	26.401	71.628	69.607	66.349	167.777	169.413	166.068	309.091	297.78	280.461
00:34:00	26.512	25.183	24.746	69.55	70.346	66.343	167.147	164.738	165.614	308.86	298.808	277.722
00:35:00	25.52	25.389	26.479	69.612	68.632	64.631	167.928	163.05	168.556	306.707	295.209	281.032
00:36:00	25.989	23.425	26.831	69.461	68.949	65.501	166.511	164.97	166.51	310.994	296.392	283.347
00:37:00	25.625	24.602	25.044	66.638	66.673	64.607	167.63	163.47	166.942	309.109	298.419	281.836
00:38:00	25.764	24.296	24.64	67.945	66.791	63.886	166.91	160.586	167.217	307.518	295.23	273.88
00:39:00	24.72	23.594	25.017	68.633	64.843	64.049	165.722	164.945	162.972	309.377	293.725	277.941
00:40:00	25.388	23.482	24.143	66.423	63.054	62.504	167.022	161.333	163.911	307.787	292.217	279.705
00:41:00	24.669	24.282	24.427	67.767	62.273	63.043	165.808	163.087	164.955	308.775	294.372	276.82
00:42:00	23.193	23.53	23.758	64.558	63.405	63.192	164.112	163.873	166.295	309.37	294.299	275.649
00:43:00	23.567	23.543	24.094	62.937	63.576	61.137	166.738	164.607	165.175	307.943	294.411	275.552
00:44:00	24.117	22.095	24.666	62.216	61.293	63.203	166.73	162.855	161.888	315.521	295.363	279.846
00:45:00	23.439	24.185	24.078	62.584	61.467	62.355	167.108	161.982	165.482	311.006	293.867	278.058
00:46:00	23.581	22.23	24.34	61.859	62.067	62.22	165.035	162.452	166.403	311.599	293.609	277.285
00:47:00	23.804	23.283	23.973	60.44	59.977	60.259	165.666	164.483	166.875	311.298	294.837	280.938
00:48:00	23.855	22.689	23.136	60.722	58.997	60.637	166.916	161.043	165.105	314.187	298.283	274.774
00:49:00	23.974	22.902	22.585	58.691	60.854	59.997	166.075	162.503	167.333	311.433	295.277	278.195
00:50:00	23.44	22.134	24.102	60.37	59.772	61.543	164.993	160.044	166.64	308.341	292.774	276.7
00:51:00	23.26	21.581	22.064	59.318	57.896	60.341	165.616	161.363	165.995	311.289	293.262	274.082
00:52:00	22.823	22.036	23.082	58.222	56.893	60.388	170.043	163.034	162.919	309.032	293.025	273.192
00:53:00	22.026	22.178	22.809	57.614	57.344	57.306	164.399	162.601	163.891	312.589	292.921	275.614
00:54:00	22.28	22.16	22.219	56.373	55.749	59.885	166.621	161.848	164.48	309.655	294.932	277.376
00:55:00	22.712	21.813	22.281	57.501	56.109	59.618	165.831	161.336	165.194	304.303	297.394	274.433
00:56:00	22.587	21.421	22.131	57.738	56.501	57.25	165.175	159.995	166.346	312.969	296.278	276.159
00:57:00	22.697	20.492	21.509	57.043	57.245	59.681	164.623	163.412	163.712	312.065	294.916	280.624
00:58:00	22.092	21.315	21.833	56.124	56.184	56.649	164.819	160.363	164.126	306.868	292.322	276.484
00:59:00	21.784	20.191	21.328	57.395	56.429	58.008	163.085	158.447	163.332	307.567	290.866	276.381
01:00:00	21.729	21.569	22.654	54.263	55.531	57.332	167.04	160.287	163.511	310.532	290.446	274.531
01:01:00	22.559	21.084	21.952	55.858	55.107	57.418	163.811	160.59	164.696	306.731	294.571	275.801
01:02:00	21.905	21.023	22.047	55.259	54.287	56.312	165.957	159.736	163.987	308.814	295.253	277.018
01:03:00	22.004	21.075	20.702	55.88	53.906	57.026	162.591	163.32	163.179	308.385	298.707	271.945
01:04:00	21.236	20.217	21.623	56.369	55.928	56.006	164.485	162.868	161.548	311.129	294.374	276.699
01:05:00	22.125	20.408	20.621	55.402	55.96	54.015	166.774	158.036	163.53	310.395	291.289	278.166
01:06:00	21.763	20.716	21.304	55.739	55.637	56.325	164.007	160.516	165.019	307.611	288.802	270.173
01:07:00	21.392	21.454	20.013	56.523	53.592	56.734	161.915	159.876	162.902	308.433	290.233	273.27
01:08:00	21.219	19.332	20.673	55.281	54.21	56.543	164.262	162.534	162.024	310.301	293.16	275.93
01:09:00	21.833	21.181	21.54	55.62	56.425	56.012	164.832	160.632	165.05	308.918	296.989	274.298
01:10:00	21.101	20.129	20.992	54.241	53.519	56.185	164.014	157.131	162.505	309.833	292.713	277.779
01:11:00	22.562	21.112	20.458	55.521	52.733	55.842	164.558	163.968	161.963	307.804	290.779	273.431
01:12:00	21.673	20.407	21.586	54.392	54.517	54.762	165.707	161.733	163.329	309.886	292.199	268.686
01:13:00	22.039	20.495	20.344	53.97	54.585	56.186	165.238	159.426	159.887	304.817	293.404	275.079
01:14:00	21.494	20.238	20.265	53.625	53.855	56.273	163.885	162.068	164.195	310.526	290.075	272.619
01:15:00	21.195	20.707	21.072	55.265	53.183	56.758	162.936	160.489	161.907	308.932	291.86	270.894
01:16:00	21.554	19.855	20.592	55.26	52.438	56.337	162.473	158.313	163.484	309.082	290.277	269.919
01:17:00	21.168	18.72	19.917	53.785	53.303	56.929	164.55	160.831	162.791	311.601	292.801	274.202
01:18:00	20.196	19.405	20.146	54.214	52.948	54.217	166.13	159.358	163.049	305.866	289.686	272.354
01:19:00	21.713	20.352	20.357	54.625	54.988	55.051	160.16	157.934	162.182	308.784	291.465	271.466
01:20:00	21.018	19.798	20.887	54.283	53.93	54.047	164.65	156.956	163.028	309.15	292.249	274.507
01:21:00	20.527	20.174	19.821	54.41	52.688	53.806	165.74	158.299	160.678	308.97	291.518	272.552
01:22:00	21.424	19.063	20.195	52.153	52.501	53.421	163.771	158.807	160.849	302.511	289.282	269.69
01:23:00	21.586	19.871	20.493	52.914	53.844	53.835	162.552	160.602	164.981	304.902	293.081	276.631
01:24:00	20.672	19.687	20.85	53.219	53.527	54.826	163.006	158.058	162.982	305.526	290.448	269.643
01:25:00	20.374	20.395	20.764	52.504	51.705	55.889	164.797	158.099	164.826	310.026	286.335	271.711
01:26:00	19.95	20.865	20.405	53.163	51.859	54.249	163.643	157.557	160.022	307.968	289.721	271.043
01:27:00	20.547	19.686	20.251	53.336	50.253	54.095	163.638	161.34	164.539	308.681	292.599	270.89
01:28:00	19.337	19.203	19.384	51.993	53.274	53.637	165.6	155.999	164.264	310.068	291.808	270.49
01:29:00	20.612	18.703	19.983	52.5	52.017	53.342	163.254	160.671	161.057	308.428	287.659	269.352
01:30:00	20.737	19.918	20.374	52.61	52.168	53.495	164.189	157.686	160.917	305.655	286.835	268.543
01:31:00	20.613	19.344	20.408	54.904	53.281	52.979	167.26	161.747	162.069	306.223	294.6	269.53
01:32:00	21.271	19.416	20.155	53.828	51.435	52.59	164.281	159.409	164.916	303.105	290.371	267.634
01:33:00	21.573	20.877	21.281	53.752	52.599	53.715	162.69	161.316	161.489	307.118	288.755	267.002
01:34:00	20.743	20.295	20.152	52.813	51.158	54.409	162.475	160.861	161.74	301.895	286.878	270.521
01:35:00	20.679	19.516	20.09	51.145	49.986	54.322	164.753	156.944	164.251	303.926	290.574	268.29
01:36:00	20.523	19.467	19.853	51.619	52.254	52.686	164.295	160.742	161.924	308.959	288.935	269.695
01:37:00	19.372	19.612	20.403	53.637	50.607	53.771	164.663	156.899	159.249	300.374	287.089	266.992
01:38:00	21.04	19.803	20.96	53.021	51.084	53.853	166.222	160.025	164.223	304.28	293.961	269.312
01:39:00	20.992	19.813	20.494	52.069	52.187	51.503	160.897	159.95	159.054	310.076	292.833	266.826
01:40:00	20.66	19.736	20.071	53.685	52.863	53.803	167.946	161.344	161.229	306.757	288.512	267.402
01:41:00	20.928	20.604	20.864	51.731	51.181	52.355	165.286	159.557	164.555	306.516	285.592	268.412
01:42:00	20.227	19.939	20.315	53.283	51.64	53.207	162.61	161.435	164.146	304.389	294.088	266.081
01:43:00	20.871	20.45	20.529	54.242	51.574	53.222	165.004	159.11	162.727	305.685	291.929	268.106
01:44:00	20.386	20.509	19.662	50.464	49.345	54.443	164.806	156.535	165.472	305.114	287.158	266.355
01:45:00	20.875	20.028	20.169	51.292	50.71	52.776	161.577	158.486	163.913	301.403	287.836	263.5
01:46:00	20.222	19.62	20.41	53.794	50.716	53.173	163.474	157.494	161.116	308.659	292.314	267.948
01:47:00	19.204	19.816	20.328	51.412	50.809	51.966	164.105	159.34	164.395	302.813	290.824	264.69
01:48:00	19.853	19.798	19.997	52.314	50.261	52.006	162.165	160.014	164.744	302.758	289.766	263.161
01:49:00	20.022	20.059	18.949	52.499	51.464	52.736	162.227	160.011	161.357	304.279	285.558	264.062
01:50:00	20.655	19.708	20.67	51.092	50.285	53.249	165.95	157.122	162.262	303.143	293.04	264.674
01:51:00	20.54	20.083	19.644	51.053	50.347	54.056	161.046	161.072	163.315	303.141	287.564	264.581
01:52:00	19.968	20.008	20.904	51.556	50.768	52.574	162.605	159.445	162.428	307.824	290.047	262.121
01:53:00	19.891	19.424	20.362	50.607	50.324	52.353	162.671	159.968	161.358	305.392	288.787	265.439
01:54:00	20.475	19.708	20.274	51.345	48.865	50.733	162.381	160.567	162.235	306.455	286.546	263.237
01:55:00	21.269	19.055	19.402	51.856	51.801	52.35	162.122	159.268	163.773	300.647	288.385	267.344
01:56:00	21.503	20.763	19.496	51.462	52.11	51.904	165.355	160.876	161.01	305.045	282.424	264.532
01:57:00	19.607	20.528	20.225	52.699	49.047	51.245	166.148	161.508	165.806	303.498	287.261	264.026
01:58:00	19.769	20.568	20.491	51.199	49.483	51.37	163.764	160.252	162.669	304.773	284.171	260.452
01:59:00	20.194	19.882	19.984	49.918	51.521	51.585	166.707	158.556	165.325	311.218	286.071	259.449
02:00:00	19.768	19.816	20.177	51.535	49.889	52.167	165.036	161.009	163.576	303.413	286.777	258.064