Time	25_1	25_2	25_3	50_1	50_2	50_3	100_1	100_2	100_3	150_1	150_2	150_3
00:00:00	98.791	94.756	103.667	170.527	188.03	161.552	326.787	338.78	344.319	481.067	500.72	489.094
00:01:00	93.353	87.512	92.257	164.475	170.516	155.636	316.398	323.824	334.427	461.693	475.427	465.821
00:02:00	87.169	82.04	87.865	160.35	162.122	152.465	303.466	310.7	313.633	452.974	467.885	456.667
00:03:00	82.989	75.974	79.55	151.805	153.232	145.204	287.968	294.722	296.64	437.339	450.932	444.895
00:04:00	80.601	72.467	79.283	147.635	151.384	136.988	276.762	281.929	286.041	430.425	447.915	440.475
00:05:00	76.629	69.352	73.039	142.839	143.834	132.176	267.703	273.109	279.639	426.661	441.658	439.923
00:06:00	74.096	65.939	70.619	140.027	140.595	130.453	263.1	265.439	272.444	425.05	435.402	431.511
00:07:00	70.121	63.712	69.075	135.666	135.624	126.749	257.216	262.869	268.19	418.549	429.945	424.485
00:08:00	68.191	62.129	65.723	131.999	128.267	119.94	251.228	258.289	260.449	411.899	426.869	429.221
00:09:00	66.362	61.945	63.762	128.79	125.995	117.196	250.834	254.807	257.013	413.91	426.972	418.066
00:10:00	65.088	58.348	63.419	124.642	120.248	119.217	246.294	252.551	252.621	408.706	417.921	415.807
00:11:00	61.847	58.434	61.576	121.3	122.718	112.054	246.196	249.355	255.42	409.977	417.937	415.253
00:12:00	60.217	55.906	58.282	121.27	118.823	114.617	244.541	248.794	253.608	404.516	419.007	416.443
00:13:00	58.58	55.548	56.925	118.611	118.287	109.585	243.004	249.122	250.168	411.268	424.715	418.593
00:14:00	56.999	53.52	57.517	115.792	115.698	107.646	236.672	248.495	247.375	403.802	414.841	408.609
00:15:00	56.684	51.698	55.378	116.086	114.899	106.994	239.499	242.592	244.958	405.062	422.316	413.68
00:16:00	56.055	49.87	52.953	116.045	111.109	106.641	234.188	247.492	246.216	401.713	414.982	415.043
00:17:00	53.378	47.978	51.637	113.197	112.594	104.249	234.698	245.715	242.521	405.27	417.252	408.729
00:18:00	54.89	50.301	49.699	110.071	112.408	103.037	236.948	244.917	244.743	401.072	415.102	413.478
00:19:00	52.466	47.773	50.776	111.105	108.642	103.177	235.417	239.444	244.49	399.753	413.545	406.688
00:20:00	50.373	47.293	49.238	110.298	110.456	99.455	237.768	241.889	245.641	403.093	420.704	413.023
00:21:00	50.607	47.156	47.795	109.823	106.698	100.586	231.81	238.497	247.562	401.081	412.921	409.139
00:22:00	49.379	44.987	47.765	104.915	107.383	100.549	230.451	241.742	244.73	401.408	411.554	407.459
00:23:00	49.123	44.928	46.493	109.155	106.724	99.749	232.501	239.516	241.603	400.584	411.755	402.868
00:24:00	48.494	44.528	46.645	106.365	104.524	99.14	230.308	238.106	240.683	400.119	411.75	401.243
00:25:00	47	43.139	46.668	102.226	105.113	94.98	229.532	236.954	240.861	398.521	408.914	404.511
00:26:00	47.707	44.16	44.473	103.606	103.154	96.32	230.885	236.453	238.056	395.083	410.367	404.147
00:27:00	47.332	41.321	44.75	103.829	101.561	95.074	227.781	231.668	237.509	395.576	408.269	403.369
00:28:00	47.218	41.061	45.88	102.4	98.952	94.347	230.088	238.03	237.786	394.649	411.676	405.558
00:29:00	45.613	39.754	43.358	100.998	99.307	92.587	231.249	236.629	238.624	397.208	407.526	402.841
00:30:00	44.378	40.514	42.667	101.559	98.683	92.551	226.728	237.008	239.583	395.163	411.377	405.571
00:31:00	44.878	40.151	41.883	100.628	96.174	91.787	233.147	236.59	238.814	400.973	409.603	407.992
00:32:00	42.935	39.208	40.849	99.038	95.935	91.923	225.866	234.328	237.468	394.842	404.682	402.006
00:33:00	42.697	38.941	41.635	98.3	94.321	89.408	229.547	233.816	237.9	391.771	406.908	406.912
00:34:00	42.353	38.924	40.127	95.52	94.373	91.253	230.965	237.214	235.256	394.634	401.195	399.809
00:35:00	42.954	39.298	42.359	95.288	92.832	88.18	222.803	237.52	238.178	395.593	403.699	406.069
00:36:00	42.587	38.579	39.443	94.523	93.654	87.909	229.447	233.266	236.337	396.185	403.671	399.469
00:37:00	41.478	37.169	39.043	94.978	91.519	88.024	223.953	233.648	239.189	396.858	407.923	403.261
00:38:00	40.318	36.922	40.058	93.308	92.074	87.795	225.233	231.891	234.374	391.28	403.675	401.033
00:39:00	40.914	36.154	36.867	91.956	91.302	86.019	224.526	231.447	230.439	391.676	409.297	398.243
00:40:00	41.624	36.149	40.004	90.71	89.353	88.607	227.926	232.302	237.827	391.396	408.335	399.978
00:41:00	40.056	36.3	37.944	91.684	90.856	87.165	227.156	234.816	237.126	394.053	407.037	402.311
00:42:00	39.56	35.009	37.384	91.47	89.413	88.393	225.188	229.018	234.528	391.334	406.471	402.166
00:43:00	42.411	36.097	38.832	89.325	88.232	85.982	227.633	231.007	237.367	397.494	404.721	399.245
00:44:00	39.569	36.183	37.3	89.13	89.295	85.319	226.571	233.511	237.979	395.18	405.033	399.356
00:45:00	39.214	35.612	38.175	88.6	88.456	85.481	222.215	231.04	233.574	394.099	398.091	399.464
00:46:00	37.799	36.517	37.78	89.001	86.85	84.574	224.236	228.507	234.038	391.899	407.278	400.662
00:47:00	38.653	34.677	37.867	88.709	88.239	81.902	223.777	232.153	232.745	391.64	398.614	400.343
00:48:00	38.697	33.864	37.518	87.565	87.143	84.009	226.53	230.778	234.135	389.425	403.845	401.44
00:49:00	38.799	35.035	37.088	86.543	86.664	85.144	222.953	232.971	234.174	392.761	403.737	395.213
00:50:00	36.009	33.636	37.319	86.041	87.082	84.662	224.415	231.491	233.019	394.373	404.076	399.119
00:51:00	38.05	34.519	36.216	86.381	86.649	83.702	222.11	232.975	231.651	388.243	400.897	397.498
00:52:00	37.984	34.424	35.375	85.629	86.435	82.437	222.806	231.417	234.866	393.483	399.524	399.997
00:53:00	36.522	33.969	36.337	85.235	83.152	82.608	223.428	227.464	230.714	387.237	399.461	395.897
00:54:00	37.896	32.87	35.501	84.011	84.229	82.472	222.008	226.554	229.51	385.741	404.921	396.771
00:55:00	36.741	32.627	35.939	85.888	82.322	80.556	221.014	228.089	232.914	390.13	403.287	396.744
00:56:00	37.338	33.264	35.391	85.992	84.041	81.335	221.759	229.157	231.578	392.742	398.611	393.157
00:57:00	37.891	32.991	35.291	82.503	84.289	83.222	221.575	231.061	233.731	387.7	402.563	398.098
00:58:00	37.754	32.724	35.085	81.908	83.915	81.107	221.17	228.473	234.993	387.727	404.811	394.938
00:59:00	36.288	32.745	34.889	82.354	82.902	83.05	223.956	231.095	231.877	385.909	399.319	397.242
01:00:00	37.639	31.702	35.113	84.688	86.962	81.822	220.171	228.573	233.277	388.552	401.469	397.656
01:01:00	35.546	33.39	34.511	83.487	84.514	80.198	220.953	230.346	229.339	390.9	398.963	395.879
01:02:00	36.499	31.954	33.727	83.838	83.048	80.98	220.398	226.093	228.209	386.055	400.871	391.857
01:03:00	36.862	33.314	33.803	82.626	81.568	81.528	221.229	231.774	231.329	385.079	398.59	394.953
01:04:00	35.253	31.843	35.008	82.624	82.111	79.015	219.982	230.277	230.83	384.84	398.146	391.445
01:05:00	35.617	32.076	34.439	80.37	82.225	77.771	222.046	231.41	230.471	386.824	395.29	394.275
01:06:00	37.005	32.168	34.898	80.829	82.599	81.156	220.819	230.711	235.002	391.797	399.937	394.368
01:07:00	35.897	31.336	34.67	80.264	81.012	81.039	220.569	227.665	232.669	385.85	395.083	394.165
01:08:00	35.44	32.764	34.36	82.482	81.244	78.018	220.542	228.05	229.203	388.765	393.716	392.021
01:09:00	35.631	31.415	33.866	79.864	80.381	78.607	221.091	222.865	231.37	383.255	396.116	388.835
01:10:00	35.006	30.862	33.219	80.53	81.062	77.74	220.269	230.092	232.011	387.057	399.392	395.828
01:11:00	34.292	30.514	34.035	79.626	79.799	80.189	218.606	226.695	223.996	388.698	396.529	395.455
01:12:00	33.671	30.711	33.948	81.075	79.867	79.368	218.839	229.965	226.594	384.85	396.016	396.465
01:13:00	33.984	31.145	33.138	81.382	79.915	79.248	220.888	228.946	231.533	390.996	398.86	391.198
01:14:00	35.175	30.827	34.168	80.572	81.597	78.124	221.056	230.832	231.511	390.789	400.137	395.39
01:15:00	35.189	31.492	32.184	79.926	76.594	79.613	218.785	228.563	230.205	381.921	393.758	389.906
01:16:00	35.105	30.505	33.238	78.911	80.394	76.392	219.925	224.554	229.932	390.554	398.999	390.603
01:17:00	34.267	31.658	32.801	80.786	78.671	78.392	218.474	229.223	226.484	383.407	395.388	390.586
01:18:00	34.386	30.482	31.785	80.638	78.263	77.034	217.56	227.157	230.239	383.813	400.256	386.906
01:19:00	33.063	31.621	32.468	79.726	77.891	76.848	219.888	224.096	230.177	384.629	393.082	389.246
01:20:00	35.386	29.942	32.711	79.44	78.398	75.732	217.144	228.253	226.557	381.663	395.246	385.498
01:21:00	35.388	29.999	32.643	77.689	78.547	78.424	220.281	229.798	229.323	381.25	392.126	387.004
01:22:00	33.649	31.977	33.409	77.306	78.441	79.246	218.579	227.153	230.217	382.714	397.454	386.763
01:23:00	33.893	30.269	32.037	79.121	78.763	78.661	215.968	225.856	228.218	386.152	397.678	386.898
01:24:00	33.29	29.616	32.591	77.247	78.959	76.85	220.296	226.722	227.057	388.565	395.192	389.485
01:25:00	33.854	29.914	32.38	77.329	76.667	77.679	219.832	229.357	227.099	383.987	393.426	391.097
01:26:00	33.205	30.96	32.433	77.473	76.836	77.784	221.923	226.82	229.032	381.999	398.321	388.99
01:27:00	33.785	30.108	32.138	78.09	77.756	76.371	218.322	229.473	228.163	387.169	393.27	385.678
01:28:00	33.807	29.519	31.552	76.194	76.866	78.332	216.127	226.035	229.224	384.58	396.27	383.87
01:29:00	33.505	29.81	32.092	78.092	76.032	74.46	216.471	225.593	230.504	383.151	394.484	390.264
01:30:00	33.093	30.013	31.273	76.305	76.43	76.361	217.687	224.871	229.738	384.033	391.481	385.705
01:31:00	32.744	29.946	31.072	76.58	76.901	77.335	216.485	225.649	224.956	380.197	394.741	382.918
01:32:00	34.271	29.948	32.029	78.994	78.107	75.652	215.849	229.693	230.114	378.382	396.04	386.067
01:33:00	32.9	30.434	32.032	76.133	77.888	75.642	219.827	225.518	227.229	377.646	394.556	384.882
01:34:00	34.149	29.266	31.739	75.831	76.757	75.004	221.249	223.709	227.045	383.735	395.558	391.515
01:35:00	33.084	29.837	31.628	77.618	75.989	76.192	215.671	226.567	228.677	384.232	395.484	387.87
01:36:00	32.088	29.822	31.727	78.151	75.57	74.542	217.357	225.617	229.141	384.736	393.581	384.309
01:37:00	34.415	30.164	32.281	75.029	76.863	74.161	219.645	228.935	227.109	377.928	394.532	386.844
01:38:00	33.396	30.096	32.851	78.188	75.292	76.399	218.216	226.395	227.014	385.303	395.296	387.411
01:39:00	33.227	29.373	33.275	76.823	74.894	75.267	216.63	224.651	228.253	382.716	391.835	387.133
01:40:00	34.575	29.842	31.882	75.514	76.899	75.839	216.159	225.949	229.71	382.589	398.597	388.42
01:41:00	33.343	29.492	31.269	77.238	74.994	75.891	216.013	226.267	226.937	381.815	395.31	387.293
01:42:00	32.52	29.303	32.213	75.625	76.171	75.218	217.212	222.352	227.674	385.32	392.489	382.276
01:43:00	33.167	29.719	31.724	75.976	75.309	73.851	218.345	229.415	226.076	387.8	395.973	387.216
01:44:00	32.905	29.823	31.337	74.563	75.469	74.297	219.332	224.572	225.648	383.172	387.293	381.354
01:45:00	32.594	30.368	31.681	75.972	77.506	73.848	215.627	226.643	228.127	381.439	390.648	389.45
01:46:00	32.845	30.738	31.459	74.538	75.717	74.262	214.199	224.152	227.397	382.666	392.854	382.984
01:47:00	32.291	30.64	31.464	76.61	75.945	74.405	217.466	224.9	227.339	382.28	385.462	380.374
01:48:00	31.81	29.355	31.769	73.53	74.973	72.205	217.112	222.638	226.808	381.062	387.88	382.101
01:49:00	32.144	30.969	31.093	77.261	75.043	74.118	216.338	226.011	225.904	382.51	393.468	380.927
01:50:00	33.792	28.686	32.204	75.179	73.112	74.352	216.522	227.59	227.855	382.53	391.408	383.895
01:51:00	32.982	30.626	31.81	74.338	75.442	73.904	216.614	221.068	229.683	380.489	390.605	382.639
01:52:00	33.106	28.511	30.768	74.175	75.313	73.774	218.115	226.222	230.847	380.242	392.15	379.683
01:53:00	34.162	30.071	31.628	74.1	74.337	74.404	215.988	227.425	227.732	379.468	389.963	381.387
01:54:00	34.08	30.621	31.466	75.993	74.7	72.949	215.567	226.144	228.07	381.223	393.325	384.047
01:55:00	32.25	29.122	30.388	73.925	71.845	73.182	216.733	223.673	225.306	382.833	389.298	376.822
01:56:00	33.444	30.983	31.984	73.708	73.085	75.376	215.507	223.531	223.498	379.53	392.829	385.38
01:57:00	31.688	29.259	31.431	74.193	74.293	72.946	215.957	222.045	227.896	374.572	389.219	382.805
01:58:00	33.796	30.32	30.642	73.177	74.814	72.864	214.888	222.697	227.595	383.879	385.957	377.072
01:59:00	33.544	29.334	31.309	74.151	73.193	74.511	217.151	224.907	223.553	381.049	389.055	381.108
02:00:00	32.025	28.593	31.323	73.736	72.512	74.713	215.382	217.917	224.317	378.134	390.52	380.506